IMns 182669 4 -49704.612062472006
IMscns 687028 5 -50873.88155385122
sc2ns 607809 5 -50204.30546779232
sc1ns 231138 3 -50203.10349693219
sc1nm 60220 4 -8153.1207893528235
IMnm 379867 6 -7703.564232501503
sc11nm 922582 6 -6694.258782376624
sc11sm 25256 7 -5519.361923934225
sc12nm 225354 9 -65308.11298304865
sc1lsm 24399 6 -5385.37461931313
sc1esm 907306 6 -6835.308800297209
sc2lsm 524008 8 -4924.884133420472
sc1l 856924 7 -5269.6450071641575
sc21nm 904704 8 -11472.039480783144
sc2esm 562857 8 -27778.381676372897
sc11 749796 8 -5836.104066745261
sc2elsm 984445 8 -4436.122662838073
sc2el 561020 9 -4420.374187469103
sc2l 972984 9 -6485.2420023971945
s2msm 911071 5 -5519.327612340319
sc3nm 811406 10 -36601.65859462928
sc2e 580286 9 -4473.036476114481
IMscnm 304049 7 -7701.839566040013
sc2sm2 14197 10 -8171.683577382103
s2mismB 910720 8 -8368.614067026872
sc2 390855 11 -4481.062025393934
sc2sm1 179050 10 -6576.247655314764
sc3lsm 351155 11 -6080.659434984881
s2m 33364 6 -5437.199913462679
sc3esm 212637 11 -113195.42146483301
sc1iesm 349872 8 -4768.718172442301
sc1sm1 867438 8 -5521.300445958714
sc1ilsm 749564 8 -4520.553555370942
sc3eml 917890 12 -4288.553672591379
sc3elsm 860384 11 -4614.889493880137
sc2ielsm 158519 10 -3506.397262917557
sc2il 208233 12 -3694.0562415256627
sc12ilsm 250452 12 -3499.742608612306
sc3el2 810719 14 -5995.5642635745235
sc3em 477378 12 -5615.489451524551
sc3iesm 349729 13 -77899.15095215611
sc12imsm 503192 12 -38711.76306932483
sc2ilsm 377609 10 -4443.395103915956
sc1sm2 610822 8 -5517.573301533343
sc12im 749740 14 -11985.041111893112
sc3ilsm 245639 13 -3598.6972538489495
s2mi 635758 9 -4566.406764096737
sc2iel 621789 12 -4323.183622008986
sc3ml 109343 12 -5072.484446269863
sc3ns 186946 7 -49389.93094378304
sc1e 954229 7 -9566.216684697521
sc1il 581921 10 -4423.6617130496315
sc2ie 571549 12 -3705.8412282623817
sc2ielsm1 416315 14 -3450.465996947337
sc12iml 766518 14 -3484.342076595832
sc3ielsm 387538 13 -3496.68722144171
sc12il 964259 14 -3958.63515884983
sc3imlsm 435284 13 -3504.067501263664
sc3im 789832 15 -41658.17602652467
sc2ielsm2 226134 14 -3485.965112682272
sc3iml 465684 15 -3597.603413727328
sc3iemlsm 563030 13 -3500.9741814254744
IMsm 251246 7 -4635.619492639586
sc1ielsm1 848533 12 -4552.109173757931
sc3il 719442 15 -4198.904229045544
sc12imlsm2 680812 16 -4074.8634862297617
sc1ielsm2 25637 12 -4488.229540366642
sc3ieml 797485 15 -3484.7226472635894
sc12imlsm1 931568 16 -3707.484301892098
IM 852662 8 -4466.436505201176
sc3em2 865254 14 -10276.012654519058
sc3ie 659481 15 -9633.252309612251
sc3iemsm2 200224 17 -19935.443911852864
sc12imlsm 229442 12 -3916.5456199890114
sc1i 699632 14 -4459.466252335911
sc3iel 377866 15 -3844.4712358809074
sc2i 638204 16 -3752.3155332276565
IMscsm 900940 8 -4601.757659065948
sc3ielsm2 234561 17 -4602.718700060097
sc3iemsm1 933000 17 -6580.733965906383
sc3l 491365 12 -4939.211845489111
sc3ielsm1 743616 17 -4101.102092593785
sc3iemsm 806196 13 -25626.026879418743
IMsc2sm 746016 10 -5426.197076226863
sc3imsm 205795 13 -11831.36262821949
IMiscsm 552398 10 -3595.5511581373917
sc3imlsm2 226054 17 -3776.724749020067
sc3msm 880992 11 -22351.92528813398
IMsc2 675814 11 -4323.134550066797
IMism 69224 9 -4702.456207057411
sc3e 906153 12 -21216.13171643576
IMisc 24867 12 -9179.096158836763
IMisc2sm 969916 12 -7766.50777652862
sc1 14936 9 -5315.169500360358
IMiscsmB 118747 11 -4828.450620336787
sc3mlsm 467650 11 -9332.272142082646
IMi 726948 11 -3721.238002940635
sc3m 953687 12 -8074.430692392612
sc3emsm 970173 11 -13092.665451991556
sc3iem 806424 15 -9921.863211001893
sc3ml2 843882 14 -5143.04307533788
sc2iesm 464328 10 -18604.593392477094
sc3imlsm1 324822 17 -5039.992505912049
IMns 790230 4 -49704.6869072088
sc2ns 51950 5 -50248.48758828803
sc11nm 176764 6 -8148.294052332397
sc1nm 382025 4 -8153.159705279617
sc1ns 403739 3 -50203.094140978494
IMscns 481690 5 -49705.507039523436
sc11sm 529943 7 -5356.707867932958
sc21nm 556052 8 -8155.03803196225
s2m 155700 6 -5437.197588406226
sc12nm 980072 9 -16022.720847072824
sc1e 137610 7 -22996.382649374784
IMscnm 905155 7 -7717.958816473038
IMnm 93339 6 -7703.500666911048
sc2esm 243122 8 -4562.549493429081
s2msm 737673 5 -6286.290269714736
sc2elsm 137635 8 -4436.135503324222
sc3ns 571711 7 -57103.07933656771
sc1lsm 618684 6 -5385.130591229134
sc11 876905 8 -5286.09252101322
sc3nm 815128 10 -8456.794684992035
sc1sm1 874748 8 -5522.819694872613
sc3msm 412547 11 -4605.984566039206
sc2lsm 869817 8 -4924.772012734364
sc1 851425 9 -5441.022818570755
sc2el 96302 9 -4631.22302279794
sc1ilsm 122851 8 -4520.526101143184
sc3l 866143 12 -4587.007219163206
sc1l 549480 7 -5269.082905934954
sc1sm2 223213 8 -5383.060944103458
sc3m 766433 12 -5817.823738949909
sc2sm2 289331 10 -4832.97821112778
sc2 856436 11 -4475.414088016191
sc3ml 161534 12 -4270.3045197001675
sc3em 219484 12 -4273.26548991786
sc2sm1 312268 10 -4539.606126459373
sc1esm 565448 6 -25559.738340121436
sc3lsm 468224 11 -4744.8406625047755
s2mi 982918 9 -4551.440257511256
sc1iesm 355558 8 -14952.506569606712
sc3eml 833102 12 -4259.117037507798
sc1il 372646 10 -4471.175641244594
sc3mlsm 726153 11 -4892.9499197628
sc3ml2 957484 14 -4308.853978448856
sc3emsm 199812 11 -7509.372379960097
sc2l 786655 9 -4769.695840006904
sc2ie 870485 12 -34377.51229553101
sc3emlsm 943625 11 -4471.345223925229
sc2iel 906976 12 -3486.354537777888
sc12ilsm 796462 12 -4504.100243479789
sc3ilsm 392050 13 -3688.557335465617
sc2ielsm 970742 10 -4157.929799667412
sc12im 193347 14 -15983.296427043868
s2mismB 505364 8 -4658.6775188294405
sc12imlsm 841323 12 -4194.467086559474
sc12il 717623 14 -3933.7594243062804
sc3imsm 288219 13 -29133.96952043304
sc1ielsm2 138789 12 -6276.462631979326
sc3il 47982 15 -3668.3009123858237
sc3imlsm 909490 13 -14829.215877727125
sc2ielsm2 460690 14 -8896.055394400619
sc2ielsm1 675094 14 -4565.525185151192
sc1i 338870 14 -4604.23319882435
sc3iel 724528 15 -3749.787734999937
sc2ilsm 695042 10 -3717.1140026289586
sc3ielsm 966074 13 -5118.486760219902
sc1ielsm1 748477 12 -4791.658217077686
sc3el2 997389 14 -10382.717638825212
sc3imlsm2 937293 17 -3436.118745482702
sc12imlsm2 987191 16 -3616.8087066671355
sc3iem 123836 15 -20909.7703979437
sc3imlsm1 98455 17 -3489.0526703616133
sc3iemsm1 877785 17 -29299.610459431504
sc3ielsm1 722104 17 -4449.126721571784
sc3iemlsm 434607 13 -3825.431968378213
sc12imlsm1 794335 16 -3532.0327058890985
sc12iml 330914 14 -3655.0638748777797
sc3iesm 157459 13 -8089.37248502215
sc3ieml 435046 15 -3913.7780236328726
IM 323134 8 -4464.337592484011
IMsc2 116933 11 -4325.675405355757
sc2il 766380 12 -3693.6693229463426
IMsm 148864 7 -4635.5069260797
IMsc2sm 555274 10 -4486.718500323648
sc3elsm 174055 11 -6420.438651587352
sc3iemsm2 438367 17 -29549.268873528665
IMscsm 475110 8 -4676.774368101319
sc2e 490691 9 -5869.120241328869
sc3iml 854476 15 -5252.142361930338
sc3esm 781382 11 -6374.441737057346
sc12imsm 119988 12 -8593.817506844814
IMism 160199 9 -3797.3789937287092
IMi 539219 11 -3722.9557948609427
IMiscsmB 498699 11 -3807.3560787538468
IMisc 293875 12 -3745.2556601419014
sc3iemsm 531530 13 -8890.031825512147
IMisc2 113228 14 -4177.910938432953
IMisc2sm 675897 12 -4267.693254314549
sc1ie 534800 10 -8396.02142495619
sc3im 564884 15 -36561.63331046618
IMiscsm 641377 10 -3917.9576995492835
sc2iesm 214339 10 -19765.725554848956
sc3ie 273213 15 -42751.404886573335
IMscns 640863 5 -49708.42064832225
IMns 474949 4 -49704.79864217602
sc1ns 441600 3 -50203.09445413922
sc2ns 397552 5 -49374.43894018606
sc3ns 344970 7 -49745.762896012006
sc1nm 77441 4 -8153.137468624199
sc11nm 945274 6 -6694.317837287006
sc11 256616 8 -5285.930225522264
sc21nm 559021 8 -11759.630480655944
IMscnm 230791 7 -9563.72339426607
sc12nm 711098 9 -19811.64768000704
sc1esm 812129 6 -7002.3888125372205
s2m 727256 6 -5437.197792408257
sc1l 760479 7 -5269.094184030875
sc2esm 419651 8 -37514.122773890784
sc1lsm 321377 6 -5385.108067458792
sc11sm 915003 7 -5356.385348955521
sc2el 545815 9 -4420.313875915302
sc3nm 798651 10 -7775.869865224084
IMnm 471347 6 -7703.434143696186
s2msm 157922 5 -5519.290032992031
sc2elsm 607305 8 -4738.646302099155
sc1sm1 897229 8 -5269.1197868642585
sc1ilsm 851395 8 -4520.515110189954
sc3lsm 268326 11 -4747.15489513405
sc2l 501319 9 -5323.717711069945
sc2iesm 782076 10 -36874.227852790355
sc2sm1 364041 10 -4491.465537976157
sc2sm2 353721 10 -4376.289244076356
s2mi 48474 9 -4567.440759612897
sc1 650408 9 -5835.040147789703
sc1il 521540 10 -16628.82117928667
sc3ml 818027 12 -4269.776157204786
sc3m 997195 12 -10270.843884841868
sc1ie 80183 10 -78398.42371717737
sc2lsm 833201 8 -4924.763617244806
sc3elsm 279435 11 -4848.45005084884
sc3emlsm 246731 11 -5623.227305405197
sc2ilsm 501730 10 -6417.216262576314
sc2iel 875672 12 -4033.7899159725457
s2mismB 500579 8 -4658.668616471464
sc2ielsm 767436 10 -3645.1346122918235
sc3eml 75637 12 -4740.804265663701
sc3el2 319207 14 -7149.5905312377645
sc3imsm 167753 13 -23588.34808970663
sc12im 454691 14 -67855.41799023784
sc2ielsm2 630565 14 -3442.6449095886746
sc12ilsm 303297 12 -4915.530543884198
sc12il 850616 14 -3698.4404687598408
sc3ml2 626816 14 -4976.354020874718
sc2i 748183 16 -3436.6807869483864
sc12imlsm 705404 12 -4250.702021027632
sc12imlsm2 784965 16 -3461.8034645264975
sc1ielsm1 73112 12 -5902.225018347106
sc3imlsm 942563 13 -4964.741072669243
sc3iel 319581 15 -13553.131778716483
sc3ilsm 487164 13 -3830.7888127580163
sc3emsm 729981 11 -44168.89980095067
sc12imlsm1 568135 16 -3474.2790765555574
sc3imlsm2 609553 17 -8292.271142873564
sc3iem 733071 15 -60040.33464836065
sc3ielsm 150874 13 -4612.547441509443
sc3il 310047 15 -3597.001796627319
sc3em2 889043 14 -5813.0017647934965
IMscsm 949705 8 -4601.760590570362
IM 32957 8 -4465.142302851977
sc1iesm 520474 8 -33853.82647560685
sc12iml 577188 14 -3515.8253461831364
IMsm 870367 7 -4640.068068996805
sc3ielsm1 957898 17 -5837.657909746147
sc3ieml 326419 15 -7993.332785808315
sc3imlsm1 531305 17 -3999.6456657466388
sc3iemsm2 651998 17 -23782.04305025141
sc3iemsm1 651130 17 -12132.331609915407
sc3iemlsm 321303 13 -5419.734415048079
IMsc2sm 728182 10 -4486.707727729186
sc2il 109130 12 -9614.247096610645
sc1sm2 983320 8 -5417.005027060175
sc1e 434855 7 -31142.75388921152
sc1i 968383 14 -4712.143198490829
sc3em 520850 12 -5241.17078840387
sc1ielsm2 607244 12 -5360.066542003881
sc2e 57255 9 -12040.46884476676
IMsc2 676414 11 -4471.642775868117
IMism 143622 9 -3797.3750714742728
sc3iml 963713 15 -5059.9405534052075
IMiscsmB 479002 11 -3594.5494627079684
IMi 59076 11 -3763.734999698714
sc3iemsm 257726 13 -11298.587286091371
sc3iesm 517396 13 -44114.654369707896
IMiscsm 471930 10 -4937.896071893286
sc3esm 289499 11 -22069.374574996444
sc3ie 583921 15 -31034.38048869591
IMisc 808826 12 -3721.645524350834
sc2ielsm1 912772 14 -4218.584331765134
IMisc2sm 245653 12 -12512.592080967057
IMisc2 804037 14 -3963.2089664380833
sc3msm 662429 11 -57933.85647309338
sc3l 942251 12 -5280.893751935522
sc2 899751 11 -5482.123023553578
sc12imsm 644549 12 -45492.49694634748
IMsc 267936 9 -4896.306856733594
sc3e 220214 12 -32041.26207389191
IMns 805802 4 -49705.2074929635
sc1ns 45903 3 -57199.566931543064
IMscns 453173 5 -49705.42474131682
sc2ns 41748 5 -57105.6748180069
sc1nm 731433 4 -8153.135843864751
sc3ns 60938 7 -49376.805089462134
sc21nm 604439 8 -6763.309099385193
sc11nm 503416 6 -6693.677926402676
s2m 848302 6 -5437.218754070345
sc11 34009 8 -6058.036684079302
sc12nm 353364 9 -36254.87967001105
IMscnm 577980 7 -7702.31221298248
IMnm 840505 6 -7703.544705767958
sc1lsm 353280 6 -5672.58757207257
s2msm 509579 5 -5519.3282679996055
sc3nm 125814 10 -7681.491809408424
sc11sm 659920 7 -5519.4038919441955
sc1 169048 9 -5367.929692000147
sc1sm2 549681 8 -5383.832804797525
sc2lsm 332007 8 -5574.095588687156
sc1sm1 347638 8 -5269.1310870856505
sc1esm 73052 6 -40544.3204571211
sc1e 900287 7 -6792.158059840506
sc2sm2 814570 10 -4225.718317386341
sc2elsm 345310 8 -6640.148502945488
s2mismB 458209 8 -4658.729984204926
sc2esm 545396 8 -13968.042449889424
sc2sm1 261617 10 -4279.2231649304595
sc1l 412398 7 -5269.079337566304
sc1iesm 502254 8 -16694.61131324238
sc3mlsm 294336 11 -4434.094748433445
s2mi 918666 9 -4551.02665387746
sc3ml 931245 12 -4281.427471156746
sc3msm 863165 11 -11316.180405922756
sc3emlsm 17713 11 -4431.218515318833
sc2ilsm 186593 10 -3717.2785021102136
sc2 205682 11 -4353.04849308388
sc3elsm 593713 11 -4906.4505816412875
sc12ilsm 106596 12 -3499.5169986829756
sc2iesm 818198 10 -17348.060781998294
sc2l 861405 9 -4769.691872330033
sc12im 402453 14 -29307.49051882204
sc1il 487382 10 -4670.772601896741
sc3ml2 14274 14 -4198.567075112134
sc2il 644065 12 -4135.474297576457
sc2iel 48023 12 -16258.049222576883
sc2ielsm 705728 10 -3506.370543835417
sc12imlsm 120010 12 -5141.986929717827
sc3em 457237 12 -4406.805909682449
sc3em2 92706 14 -26920.09307128193
sc1ilsm 421772 8 -4520.510485392371
sc2ielsm2 394538 14 -3437.9106837344298
sc2el 570973 9 -5938.375237006068
sc3eml 702332 12 -8376.795527743829
sc3l 683924 12 -5739.110872797458
sc3imsm 580982 13 -24341.592555993127
sc3imlsm 230627 13 -3525.6298652128976
sc12il 384556 14 -3736.1351109806856
sc12imlsm1 699244 16 -3451.0577821613074
sc3il 205626 15 -5976.712796880217
sc2ielsm1 666056 14 -3533.424045734844
sc3ilsm 375580 13 -4032.6459064810842
sc12imlsm2 743281 16 -3450.8659694779894
sc3el2 611793 14 -4870.444726161097
sc1i 873446 14 -4589.460927682307
sc3iml 946817 15 -4218.148637063052
sc3esm 656521 11 -7502.127150534621
sc3ielsm 971569 13 -5232.669868554367
sc3emsm 946917 11 -36834.54814409002
sc3iemsm 184318 13 -6750.357615985439
sc12iml 613538 14 -3591.3137149515587
IMsm 917493 7 -4635.5746657607
sc3imlsm2 551926 17 -3430.256958382315
sc2i 840928 16 -3627.4551449495007
sc3ielsm1 427690 17 -12358.974970073254
sc1ielsm1 935176 12 -4790.185433676955
sc3iemlsm 724348 13 -3551.5736892206287
sc1ielsm2 979636 12 -4904.260298626284
IM 911345 8 -4465.285020520068
sc3ieml 783084 15 -3494.9157905287625
sc3imlsm1 903810 17 -6305.236618108658
sc3ielsm2 173509 17 -4848.836764716666
sc3iel 972232 15 -3718.791690223906
sc3iemsm1 698499 17 -49881.09353453647
sc3iemsm2 123565 17 -5235.656127730431
sc3e 930547 12 -23084.015283660912
IMscsm 447924 8 -4601.760046486025
sc12imsm 871420 12 -7388.933023552347
sc2ie 169177 12 -20447.956212205332
IMsc2sm 538676 10 -4484.582905324742
IMsc2 368665 11 -4322.992160060662
IMism 269121 9 -3797.3846039180694
IMsc 42997 9 -4508.595756517862
sc3im 343560 15 -9403.845858828983
IMi 868904 11 -3763.7563357274594
IMiscsmB 810846 11 -13912.519840197025
sc1ie 193867 10 -24040.13913770039
IMisc2 585938 14 -7678.3726310126485
IMisc 204951 12 -12436.843264110248
sc3lsm 151251 11 -6179.2711731885865
sc3m 547088 12 -34951.02819565406
IMisc2sm 46486 12 -4506.895534988089
IMiscsm 683068 10 -5700.553827066406
sc2e 68161 9 -8977.154552708244
sc3ie 437138 15 -34026.35824297149
IMns 127279 4 -49705.88071477646
sc1ns 768419 3 -50203.09929256508
IMscns 344679 5 -50880.85940166912
sc2ns 691582 5 -50203.92740815248
sc3ns 503024 7 -50213.45669461558
sc11nm 230648 6 -29242.826699903795
sc1nm 936821 4 -8153.133469780568
IMnm 935 6 -7703.5424949213775
sc11sm 603315 7 -5519.395426590855
sc12nm 497133 9 -8128.489003685787
sc3nm 188686 10 -7722.668034687985
sc2l 494363 9 -4769.69610367186
s2msm 370357 5 -5519.2929655701955
sc11 938095 8 -5287.428099350441
sc1sm2 530503 8 -5519.974787511972
sc2lsm 123587 8 -6322.741278372472
sc1lsm 607175 6 -5385.118187346073
sc1esm 54329 6 -7050.852647934051
sc2sm2 87653 10 -4224.161597992782
IMscnm 482298 7 -7711.038786643895
sc1sm1 829768 8 -5273.124985640461
sc1l 857811 7 -5269.079692417847
sc2elsm 124156 8 -5789.815673591138
s2m 287507 6 -5437.192976198429
sc1 522097 9 -5577.727943316094
s2mismB 189160 8 -4568.780525736749
sc1e 821103 7 -6798.806562445575
sc3ml 181656 12 -4288.730533883319
sc3lsm 984606 11 -6858.394095406025
sc1ie 59209 10 -14782.518065059687
sc3emlsm 52131 11 -4412.138815973012
sc12imsm 176444 12 -50361.35518028621
sc2il 564032 12 -3693.7564648353487
sc3elsm 560127 11 -5835.620710440531
sc2ielsm 802414 10 -14060.500019769146
sc3e 455706 12 -11167.076285726624
sc2sm1 281229 10 -4263.459463771037
sc3emsm 666959 11 -6673.66825222833
sc21nm 871454 8 -19815.13915208483
sc1ilsm 66234 8 -13319.689011423048
sc2el 465253 9 -4420.315167608508
sc3mlsm 383918 11 -4455.996656146733
sc1ielsm2 705891 12 -16355.408879704326
sc2 559457 11 -4947.170389826192
sc3ilsm 982534 13 -3598.483502239525
sc3ml2 837499 14 -6086.546590946189
sc2ie 53093 12 -16056.26186260656
s2mi 541357 9 -4551.2677253714555
sc3l 512222 12 -5954.434415456745
sc12il 288896 14 -4034.6407983385056
sc3m 745663 12 -10463.232964695551
sc1iesm 208826 8 -10848.896636496935
sc3iesm 361918 13 -87142.8004376057
sc3ielsm 738568 13 -3485.529004491922
sc3il 164250 15 -3678.7635034336854
sc1ielsm1 408054 12 -4502.602083844211
sc3imsm 712855 13 -11925.069641937587
sc3iemsm 779706 13 -26763.720572620856
sc12iml 148823 14 -4203.417946333511
sc1i 603259 14 -4568.5176118028285
sc2ielsm1 895901 14 -3739.534185043085
sc2ielsm2 14637 14 -3503.612603132538
sc3ie 484630 15 -15085.842445046066
sc3iml 692813 15 -11649.792974197022
sc3imlsm 963821 13 -3992.131777486877
sc3imlsm2 499157 17 -13923.511857539232
sc1il 821872 10 -4499.473965340332
sc3iel 776320 15 -4282.321119666589
sc2esm 527584 8 -31345.48398873688
sc3ielsm2 489936 17 -3597.752770326193
IM 961524 8 -4464.646822358684
sc12im 331517 14 -7999.62321056869
sc12imlsm1 480253 16 -4688.611239166055
sc3eml 308755 12 -5228.756071113472
sc3iemlsm 427731 13 -4393.233368328363
sc3iemsm2 342286 17 -32907.05679797509
IMsc 130752 9 -4465.764190204004
sc2ilsm 82669 10 -3717.1140702054386
sc3ielsm1 670353 17 -4007.482872083831
sc12imlsm2 650779 16 -3732.207905197012
IMsm 943087 7 -4652.247522876764
sc12imlsm 357148 12 -3726.0711089996166
IMscsm 169252 8 -10245.28918233913
sc2i 700818 16 -3869.356727041973
sc3imlsm1 579522 17 -7369.231637034129
IMsc2sm 689761 10 -4484.937298739758
sc3ieml 596202 15 -7845.331919663013
sc2e 336706 9 -48708.866981590574
IMsc2 658457 11 -4324.568912960419
sc12ilsm 340510 12 -5392.950271264064
sc3em2 961883 14 -11673.21832595719
sc2iesm 305089 10 -6957.929287470262
sc3iemsm1 846350 17 -25172.82022724642
IMisc 176217 12 -3574.559283026962
IMiscsm 119524 10 -7323.596011044922
IMism 660574 9 -3797.395897038333
IMisc2sm 205839 12 -3878.7205322187974
IMisc2 256061 14 -3796.447550508321
sc3em 645707 12 -9019.252002406067
sc3esm 819080 11 -26848.490243100972
sc2iel 303409 12 -4509.732114446396
IMiscsmB 742604 11 -3949.440127898538
IMi 178042 11 -4061.5332528420836
sc3emlsm 364212 11 -8129.751245455012
sc3mlsm 372419 11 -4832.1961087849395
sc2ie 151960 12 -108523.03813849289
sc3im 606366 15 -50752.0866602956
sc2i 261254 16 -3464.4239064848807
sc3msm 776164 11 -6928.883771764016
sc3el2 767828 14 -5571.856345577216
sc3e 377568 12 -17212.655400476553
sc3ielsm2 257828 17 -3439.810445490675
sc3iem 792505 15 -37066.603975811966
IMsc 619641 9 -4419.422009904584
sc1ie 194999 10 -29524.670277037294
IMsc 531287 9 -4419.418046016543
IMisc2 505317 14 -3492.6349140091415
sc3iesm 86615 13 -31838.419736402866
sc3e 877202 12 -56795.26983071231
sc3mlsm 952026 11 -5557.6103482234375
sc3el2 192549 14 -4217.841177474638
sc2ie 736005 12 -11784.970426701226
sc3emlsm 250327 11 -5436.026709788591
sc1ie 164715 10 -4604.720583341123
sc3im 476197 15 -14291.898321801526
sc3iem 80699 15 -23711.936076509548
sc3im 656029 15 -51628.648692833405
sc3em2 645562 14 -25420.127969500423
IMsc 220728 9 -4419.415863096692
IMsc 73887 9 -4420.262242461578
sc3msm 147268 11 -13977.973529063256
sc2i 609921 16 -4298.223101239653
sc3iem 251819 15 -21778.94034723522
sc3ielsm2 723963 17 -3712.760468004093
IMisc2 122043 14 -3737.8055115171446
sc3ielsm2 167569 17 -3609.3491406442463
sc3e 667149 12 -68759.24461264047
sc3emlsm 903411 11 -8598.568988364845
sc3mlsm 604477 11 -4519.681256033585
sc1ie 125048 10 -57421.518718543055
sc2ie 188202 12 -46475.12334040064
sc2i 630989 16 -7063.128920875721
sc3ielsm2 630774 17 -3455.473487336191
sc3ielsm2 429850 17 -6338.188397948399
sc3iesm 185678 13 -22867.443401404194
sc3el2 473513 14 -5256.316036037856
sc3msm 971276 11 -54036.00173834094
IMsc 857103 9 -4470.071696013858
IMsc 174187 9 -4419.418216796163
sc3im 343048 15 -8181.055919809256
sc3em2 599818 14 -15542.346530749706
sc3iem 805975 15 -29430.352023009473
sc3iem 519310 15 -10523.204750444575
