IMns 25418 4 -6614.375429531617
IMscns 403642 5 -6604.053150849872
sc11nm 378463 6 -5251.685103135079
sc1nm 149887 4 -10671.485059364704
s2m 679508 6 -1737.6749885263825
sc1ns 468677 3 -6781.061323492351
sc2ns 840308 5 -6781.1195535462075
IMnm 43614 6 -2631.7184211664726
sc21nm 18577 8 -4752.720185923462
sc1e 456373 7 -5466.3617210393095
sc11sm 589904 7 -2171.099635735209
sc12nm 228498 9 -7628.623923548602
sc11 33260 8 -1724.4560834435074
sc1 492026 9 -1708.7119055147791
sc2el 962846 9 -1637.6093306675427
sc2l 882157 9 -1575.4541502271927
sc1sm2 48002 8 -1730.317625338624
sc2elsm 463870 8 -3803.20593646073
sc2iesm 920095 10 -33401.23982681049
sc1lsm 186082 6 -1823.1625972923136
sc1l 273691 7 -1723.973660968596
sc3nm 833097 10 -4817.104720470014
sc2sm2 763606 10 -1823.4493713894233
sc1iesm 567297 8 -20651.406030775448
sc1ilsm 471118 8 -1673.7329880013062
sc1esm 537405 6 -2286.703221127533
sc3lsm 814845 11 -1631.8752800739564
IMscnm 760754 7 -2280.9055010167667
sc3emsm 897533 11 -24923.586937598837
sc3l 617172 12 -1667.0171997382283
sc2sm1 475674 10 -2770.8602473035126
sc3mlsm 740271 11 -1581.3996664777937
sc1il 89560 10 -4842.176375772437
sc3m 911578 12 -7100.376523930808
sc3esm 672001 11 -8347.409973888649
sc3emlsm 341531 11 -1531.6376353737662
sc3em 744554 12 -1723.349106715687
sc12ilsm 212687 12 -1590.3463498433644
sc2ilsm 938846 10 -1683.071218668039
sc1ielsm2 539649 12 -10949.918017567008
sc2iel 12611 12 -1520.692961380418
sc2il 909481 12 -1503.941106763284
sc12il 108649 14 -1385.9512652961473
sc2ielsm1 468575 14 -16909.7816357021
sc3ml2 471960 14 -1697.9254472104099
sc3msm 345710 11 -1609.8917445944096
IMsm 262811 7 -1617.8045184901348
sc2ielsm 669562 10 -1433.1094323682553
sc12im 300006 14 -18621.45434837376
sc12imlsm 923674 12 -1522.1529258132957
sc3imlsm 588831 13 -3657.823180598951
sc1i 500990 14 -5006.328989590335
sc3imsm 363049 13 -27482.325939416583
sc3ilsm 717157 13 -1563.595862383138
sc3iemsm 337867 13 -2762.3050903676485
sc3iemlsm 868715 13 -10542.502475650686
IMscsm 71336 8 -1603.3988224603252
sc12imlsm2 878403 16 -3037.4257048720606
sc3em2 822861 14 -2713.8870748121035
sc2ie 114812 12 -5299.828097135457
sc3ielsm2 167201 17 -5647.7283546805
sc2i 782907 16 -1429.560167726206
sc3iel 32166 15 -1397.705114240754
sc12imlsm1 976012 16 -1390.640446157703
sc3im 668498 15 -14428.935775573966
sc3ieml 804429 15 -6987.196707830091
sc3iml 424688 15 -4532.796595460638
sc3ielsm 309999 13 -1531.8495450252321
sc3iemsm2 350202 17 -7382.93382468003
sc3il 252128 15 -1511.194719527826
sc1ielsm1 707255 12 -1455.5735791466286
sc3imlsm2 59698 17 -8811.805835896394
sc2esm 231161 8 -13708.451580901183
IMsc2 939733 11 -7259.867389033409
sc2lsm 672189 8 -1831.1929481101506
IMsc2sm 286523 10 -4736.256544714502
IMism 927544 9 -8617.9968446611
IM 11680 8 -1842.48562748999
sc3imlsm1 340647 17 -1511.1721744948418
sc12imsm 212595 12 -5046.380443512942
sc3el2 497869 14 -1619.5284197378285
s2mi 637849 9 -1503.922909124965
IMiscsm 493619 10 -2642.4648783442944
IMisc 39559 12 -8090.210123746998
sc3ml 954533 12 -1726.034883362936
IMsc 851349 9 -1552.6484094983907
s2msm 46798 5 -2345.941125654691
IMiscsmB 565563 11 -5833.880877134818
sc3ns 320227 7 -9662.815656047096
IMisc2sm 793654 12 -1891.8467052055794
sc2 401076 11 -3122.225495268406
sc12iml 306799 14 -1463.361266427731
sc2ielsm2 851469 14 -1419.3719314845277
IMisc2 508823 14 -1432.6961017803283
sc2e 385002 9 -2909.0647058826344
sc1sm1 802728 8 -3974.776619678438
sc3iesm 522806 13 -6212.026461997715
sc3iem 779881 15 -15694.699192977734
sc3ielsm1 238251 17 -3265.860059700881
sc1ie 574944 10 -9744.182645521143
sc3iemsm1 267242 17 -3711.2466279484765
IMi 585582 11 -1692.5576523036075
s2mismB 858425 8 -4864.214742651919
sc3elsm 187016 11 -2721.41580784677
sc3el 384518 12 -2537.2016873964744
sc3ie 392863 15 -24344.317516695974
sc3e 419105 12 -16772.575435738396
IMns 706878 4 -6604.021315279742
IMscns 988645 5 -6604.028669795714
sc11 367687 8 -1520.7913314760344
s2m 101673 6 -1759.5963765484837
sc21nm 535548 8 -15908.901106280746
IMnm 19949 6 -8175.955129298851
sc11nm 495688 6 -1589.083584977563
sc1nm 362493 4 -2286.699594814179
sc2lsm 652409 8 -5613.824536598415
sc2ns 885981 5 -6786.844068238726
IMscnm 292565 7 -2283.8690015668767
sc1sm1 879960 8 -1724.1325790774072
sc11sm 267264 7 -1822.7590810390432
sc2l 888819 9 -1641.0168418068906
sc1lsm 392308 6 -1823.1478896098874
sc1e 959753 7 -8966.993743225496
sc2e 310564 9 -1484.5177101152344
sc1ns 132027 3 -9619.597214074654
sc2esm 859356 8 -1511.6245774793297
sc2sm2 959677 10 -1468.2697476541941
sc3nm 915543 10 -11064.740364172729
sc1l 753300 7 -1724.3733100762843
sc3ns 257581 7 -6799.180943522581
sc12nm 332039 9 -17313.381638108574
sc1ilsm 842573 8 -1685.6357143217786
sc1iesm 879888 8 -3092.667244619466
sc3esm 331204 11 -8995.781062505195
sc2elsm 412899 8 -1569.9262236633376
sc3ml 24141 12 -1468.3349308257168
sc3emlsm 812010 11 -1670.330012546984
sc2ilsm 414560 10 -1531.207074120768
sc1esm 99087 6 -6114.719403340439
sc1il 511933 10 -4244.410255840595
sc1 390211 9 -2375.65275730361
sc3mlsm 296121 11 -2588.907160184171
sc1sm2 561737 8 -1797.4946003434982
sc2ielsm 414796 10 -1433.1679364872632
sc1ie 924833 10 -10306.622515214545
sc12ilsm 775499 12 -4265.400331103933
sc3el 365435 12 -2923.6165582986846
sc2 516673 11 -1647.6041511446142
sc2iesm 506000 10 -7174.17731846263
sc2ie 832794 12 -14853.975880355414
sc2iel 782466 12 -1441.8350085778325
sc3emsm 646376 11 -33314.10040515766
sc2sm1 871166 10 -1723.435345175289
sc1ielsm1 493236 12 -6076.8381871978545
sc3e 16307 12 -11138.194524088802
sc1ielsm2 321449 12 -1681.8237684143871
sc12imsm 635848 12 -7368.533308622675
sc3imsm 763573 13 -25567.03758218191
sc2il 226674 12 -1504.7435386860948
sc12imlsm 141039 12 -1608.8606178247164
sc2el 820264 9 -2784.8662114177196
sc3l 184413 12 -1503.8597104093226
sc2ielsm1 422199 14 -2036.942608168654
sc12iml 811855 14 -1765.6111120799437
sc3msm 82214 11 -2544.365201619422
sc3iel 634654 15 -1433.2667280506303
sc12imlsm1 484114 16 -3113.8022518410967
sc3im 508603 15 -2064.0863098997074
sc3em 380199 12 -1750.2868952387332
sc3iesm 564012 13 -11367.285113848267
sc3ielsm 55426 13 -2446.217299033361
sc3iml 503581 15 -3878.996758918723
sc12imlsm2 271861 16 -1481.6899312183193
sc3imlsm 187605 13 -1572.2191258635858
sc12il 572946 14 -2107.897927361712
sc1i 411868 14 -1656.5061544852883
sc3iemlsm 239882 13 -1470.2241043606566
sc3el2 935180 14 -1633.1381082778482
sc3iemsm1 436909 17 -5484.262434630269
sc3ilsm 706773 13 -2679.215827095606
IMsm 631747 7 -1616.9571632475236
sc3iemsm 169506 13 -3120.3006790306504
sc3iem 793053 15 -5103.623282472254
sc3il 124542 15 -1437.0307952089058
IMsc 952783 9 -1542.9109099565408
sc3imlsm1 539017 17 -1665.245359129511
IMscsm 680180 8 -1603.3950160283869
sc2ielsm2 580495 14 -1520.7303764614423
sc2i 311156 16 -1645.162041947907
sc3ielsm1 742640 17 -1425.9193663969477
sc3ml2 263654 14 -1829.3611953440131
sc3em2 104638 14 -11281.157556589926
IM 312404 8 -1535.989075412767
IMiscsm 317222 10 -1466.2255921357298
IMi 837016 11 -3391.514552815994
IMism 40038 9 -1700.3959818316587
sc3elsm 326575 11 -3464.7753467225566
IMisc 396957 12 -1445.2776253402249
sc3imlsm2 849380 17 -2046.5051086853716
s2msm 263020 5 -2505.3703533416933
sc3ielsm2 350323 17 -1499.8018854024906
s2mismB 983693 8 -1534.4831494153323
s2mi 417739 9 -1651.458331462799
IMiscsmB 516393 11 -1656.5922612478157
sc3ieml 985086 15 -1433.3489730885935
IMisc2sm 75627 12 -1500.938786378185
sc3m 812563 12 -19970.74539377717
IMisc2 35799 14 -1490.1290250536726
sc3lsm 652423 11 -2601.030141304466
IMsc2 394822 11 -4777.53587187306
IMsc2sm 832172 10 -1730.1002707537748
sc3eml 315486 12 -1758.290927903272
sc3iemsm2 748412 17 -5982.298313315322
sc12im 181324 14 -27007.301286495676
sc2ns 515891 5 -6529.73349869952
IMns 884702 4 -9887.289824833451
IMscns 121546 5 -6605.122419744347
sc3ns 795848 7 -6520.484623650585
sc1ns 651368 3 -6781.060345678143
sc11sm 86641 7 -1826.6479103228112
sc11nm 912529 6 -7883.755745159025
sc21nm 75383 8 -21033.874156284313
sc1nm 655443 4 -2286.700051455873
s2m 683977 6 -1723.9279827844139
IMnm 380280 6 -2280.491592147132
sc11 389437 8 -1733.3058470872866
sc2lsm 355229 8 -1706.6751664354933
sc2elsm 425366 8 -1569.9261386329895
sc1lsm 751735 6 -1823.1753005234236
sc12nm 46436 9 -9113.709851993466
sc3nm 989688 10 -2268.428506865568
IMscnm 484728 7 -5924.463621584387
sc2esm 366770 8 -14376.638426833477
sc1esm 345216 6 -1658.2936957095687
sc1sm2 554912 8 -1926.2462551969636
sc1sm1 970042 8 -1740.0960488834003
sc1ilsm 22183 8 -1673.6631998256612
sc2el 288468 9 -1648.2479374978243
sc1l 236373 7 -1724.4015206859494
sc2sm2 205467 10 -1490.170175622902
sc3elsm 347822 11 -1570.59052951868
sc1 810674 9 -1812.6247355120631
sc1iesm 294047 8 -11177.169868900863
sc3e 35081 12 -18445.12083134417
sc3l 817396 12 -1841.418093439128
sc2 195520 11 -2160.1199524600424
sc3esm 393163 11 -19627.096505515747
sc3lsm 195107 11 -2106.834391430834
sc3emlsm 731926 11 -1971.4765140758386
sc2ilsm 376502 10 -1640.122195658062
sc3mlsm 942160 11 -1669.0779849195985
sc1il 99596 10 -1654.2816822157592
sc3ml2 499721 14 -1470.4402666195306
sc2sm1 331029 10 -3313.619570811201
sc3ml 88594 12 -1594.522034535653
sc3em 480178 12 -1903.0448460636733
sc2ielsm 307023 10 -4638.075372646637
sc12im 633086 14 -18673.427901394498
sc2iesm 123268 10 -13130.148640625097
sc3emsm 94167 11 -2653.216639517634
sc3el2 635643 14 -1836.9224070883265
sc12imlsm 927652 12 -1425.270846509812
sc2ielsm1 435611 14 -5976.2424351585
sc1ielsm1 117461 12 -4171.246354114906
sc12ilsm 441867 12 -1473.6021605081146
sc3imlsm 22355 13 -1426.560440190919
sc2il 761562 12 -1576.869728771027
sc3imsm 712358 13 -19286.420332466754
sc3iesm 291474 13 -10496.14384588596
IMsm 937182 7 -1622.5769299188855
sc3iml 137505 15 -1417.9737109524299
sc2i 882149 16 -1399.2371813887025
sc3ie 624892 15 -19896.572486149424
sc3ilsm 135934 13 -1543.0496186450614
sc3il 111247 15 -1950.4653661675459
sc12iml 214875 14 -1436.6971724914094
sc3iel 432257 15 -2292.713082858927
sc2ie 191236 12 -1414.4600695838535
sc2ielsm2 537907 14 -1957.0513309159421
sc2iel 961521 12 -2086.9993215144286
sc12imlsm1 792689 16 -2079.9884461227625
sc12imlsm2 313828 16 -1385.3423806096866
sc3ielsm 730094 13 -2697.231961642757
sc3iemsm1 361315 17 -17769.363565998094
sc3imlsm2 515377 17 -2025.2220455602844
sc3ielsm1 207771 17 -1459.8649143711395
sc12il 240281 14 -1469.0834818753938
IMsc2 454299 11 -2180.213950044754
sc3iemsm 168873 13 -6673.679836891559
IMscsm 411689 8 -1603.390657686014
IMism 732982 9 -1511.4411285793767
IMiscsmB 300355 11 -1478.7796931314836
IMiscsm 577846 10 -1491.9022496535583
sc3m 821414 12 -7360.5625818033095
sc12imsm 281093 12 -20391.008680907853
sc1i 380160 14 -1448.577409359984
IMisc2sm 154230 12 -1434.057056244226
sc2e 738954 9 -4821.722358468452
sc1e 576793 7 -1682.8572892730804
IMsc 263616 9 -1535.535250967562
sc3el 720726 12 -1644.3102480734028
sc1ielsm2 44823 12 -2151.871402379255
IMisc2 833843 14 -1516.9731232729307
IMi 242657 11 -2218.4977741403864
sc3imlsm1 333742 17 -6180.856748246744
s2mismB 296996 8 -1635.6493545158482
sc3im 292947 15 -17705.76566156005
IMisc 26749 12 -1501.5141053580728
s2msm 809939 5 -1823.06241823954
sc3em2 569045 14 -3964.741595094516
sc2l 993477 9 -1965.3137207166221
sc3ieml 8752 15 -1666.5521951326978
sc3msm 950663 11 -6243.916857223385
sc3iemlsm 456163 13 -1756.7066825688185
IM 233652 8 -1533.174146114274
sc1ie 511661 10 -8039.811197089347
s2mi 102199 9 -1656.3468860132357
sc3eml 553126 12 -1944.9779025348855
