sc1ns 455917 3 -6835.829665534272
sc21nm 120422 8 -4257.215303734145
IMscns 832295 5 -6668.690672641142
IMns 668501 4 -6669.218215240202
sc1l 302052 7 -1741.5411573876124
IMnm 129548 6 -4354.810431847029
sc1e 72628 7 -18935.57774166476
sc11nm 377123 6 -2257.8298858680946
IMscnm 499627 7 -2254.999314045016
sc11 979850 8 -1544.0387337501193
sc1nm 238138 4 -2257.017879066744
sc1lsm 202948 6 -2069.2942747842826
sc12nm 739172 9 -13633.718833905035
sc11sm 692788 7 -1574.155384341235
sc3ns 76684 7 -6631.852162195425
sc2l 165392 9 -2117.654683992953
sc1esm 595964 6 -1683.9393712736187
sc2sm1 793702 10 -1926.1738976757695
sc2lsm 529734 8 -1720.9867322227592
sc2esm 131294 8 -9611.562081408125
s2m 119002 6 -1741.6501917488436
sc3nm 944601 10 -2409.6546708238197
sc2sm2 359678 10 -2072.2142309970272
sc1sm1 717042 8 -1741.5849810626505
sc1il 137642 10 -1509.2755333552427
sc1ilsm 360017 8 -1666.6872563476988
sc1ie 20351 10 -13941.706332346572
sc2e 712775 9 -1518.0478524014895
sc1iesm 602721 8 -27070.452093211177
sc3elsm 978011 11 -1593.412067598069
sc3eml 986081 12 -1480.4302277409563
sc3ml 772638 12 -1503.3262470297836
sc2 631223 11 -1504.3513934418997
sc3mlsm 218490 11 -2888.988868461057
sc3emlsm 60802 11 -1846.2220143673794
sc2iesm 997728 10 -6013.200699971635
sc2ilsm 870622 10 -1531.2393283405256
sc1 567866 9 -1707.0873627227875
sc2ielsm 523937 10 -1454.5391179057608
sc2il 565583 12 -8094.767274658319
sc3l 347816 12 -1675.1849563669853
sc12imsm 110429 12 -16106.639631975802
sc3ml2 363623 14 -1538.4134321616764
sc2iel 243227 12 -1452.5376271955624
sc12il 209830 14 -1505.4980987317388
sc2ie 406507 12 -3392.077606923147
sc2ielsm2 21248 14 -1393.861647583321
sc2ns 841935 5 -6839.271417452646
sc1i 441767 14 -1562.8724929086752
sc3imsm 447483 13 -5114.158111006498
sc12iml 558312 14 -1693.6903866047899
sc3ilsm 577479 13 -1488.9823639639421
sc1ielsm2 21386 12 -1576.4088705112276
sc12ilsm 652391 12 -1540.623131881953
sc2i 557332 16 -3181.327780160806
sc2ielsm1 44316 14 -1469.8786010039096
sc3msm 54739 11 -2430.2443376562305
sc3iemlsm 616686 13 -7821.637971090042
sc12imlsm2 798897 16 -1404.1891005408725
sc3imlsm 248583 13 -1574.3673379559243
sc12imlsm1 893912 16 -2305.441888425348
sc3il 836081 15 -9838.16630075874
sc3ie 521089 15 -21566.56519221548
sc12imlsm 959913 12 -1435.6764941070699
sc12im 324431 14 -12414.27489156817
sc1sm2 433035 8 -1568.7099348745035
sc3imlsm1 756259 17 -1393.5685590679045
IM 462613 8 -1797.7952195693279
sc3ielsm 598482 13 -1698.7523250752306
sc3ieml 353151 15 -10045.016531620118
sc3iemsm1 615580 17 -6011.340826000723
sc3iel 398348 15 -6910.472362874698
sc3imlsm2 919199 17 -7112.331637538552
sc2el 649615 9 -2832.745439902389
IMsc2 998127 11 -1486.5414008287944
sc3ielsm1 45873 17 -1593.7375151433378
sc3ielsm2 485381 17 -1631.447106015528
s2mi 943923 9 -1662.6470341486997
sc3el2 772060 14 -6762.338150364833
IMscsm 952254 8 -1639.82593529197
IMsc 10880 9 -1594.7530651432548
sc2elsm 732493 8 -3223.3525230642595
sc3emsm 243725 11 -11462.262383102268
sc1ielsm1 614536 12 -1550.1029230733152
sc3iemsm2 475556 17 -12422.360753965526
IMsm 874737 7 -1630.9637167085352
IMisc2sm 854241 12 -13851.773184974983
IMism 915062 9 -1983.8598187242474
IMsc2sm 64367 10 -1648.2335848075863
IMiscsm 3511 10 -3549.71611252789
IMisc 296295 12 -1470.8297838425294
sc3iemsm 519673 13 -6733.567718588126
s2msm 805359 5 -1828.1530208991746
IMisc2 118454 14 -5105.302211185182
sc3iesm 992254 13 -14124.393440550128
sc3m 354405 12 -6334.34139401018
sc3iml 774961 15 -1679.8856687183788
sc3e 179654 12 -1853.5575923349602
IMi 391265 11 -2764.434415833526
sc3esm 296167 11 -16687.870566067726
s2mismB 885097 8 -3206.6500199045877
sc3em2 925178 14 -20363.357146776332
sc3iem 953406 15 -9248.488281279875
sc3im 716147 15 -11157.212749700708
sc3lsm 128472 11 -1937.4272293473962
sc3em 137499 12 -2229.170390754667
IMscns 678036 5 -6587.0581071463685
sc1nm 663687 4 -2257.027083150848
sc1ns 882047 3 -6835.82881174197
sc3ns 262569 7 -6836.66060424334
sc21nm 704195 8 -4512.656796750164
sc2ns 531292 5 -6585.813473415662
sc1e 854852 7 -18339.366806160146
sc1l 576987 7 -1738.6636471622644
sc11nm 276171 6 -3790.173864339239
sc2lsm 175514 8 -1720.9836022718096
IMnm 225304 6 -2252.7765555410997
sc1lsm 16715 6 -2210.5360680012527
sc2el 943859 9 -1519.872964481411
sc12nm 420801 9 -2269.707320986497
sc11sm 918518 7 -1827.864636690225
IMscnm 375696 7 -7415.0777793833395
sc1esm 983146 6 -1683.9395621482465
sc2sm1 501043 10 -1478.526680773764
s2m 330069 6 -1741.659128214897
sc2e 525445 9 -3712.271025646704
sc2elsm 112688 8 -3744.2341740093807
sc2sm2 929821 10 -1519.4884648014706
sc2l 9862 9 -1803.144759624754
sc1sm2 137798 8 -1827.8504369164887
IMns 740307 4 -6672.093743101954
sc3nm 341249 10 -4910.199246194852
sc3mlsm 54651 11 -1583.4834914034905
sc1 287758 9 -3382.833415139853
sc2 174926 11 -1527.6830672881474
sc3em 460297 12 -1484.6292787691216
sc3emlsm 23747 11 -1583.532071281837
sc1sm1 482231 8 -1756.0927668594052
sc2ilsm 776423 10 -1530.494665957318
sc12ilsm 715323 12 -1407.5223287672518
sc3el 570564 12 -1796.8806839547722
sc2ielsm 62228 10 -1600.1300494013035
sc12im 921947 14 -16560.58564120221
sc2iesm 79246 10 -18638.090608542814
sc1ie 747112 10 -27154.273562298004
sc11 762893 8 -1805.4067485021274
sc1ilsm 6713 8 -1685.5988520770222
sc1il 580100 10 -1659.109102804281
sc3ml 206487 12 -1573.478408352376
sc1ielsm2 243446 12 -5056.607250573434
sc12imsm 305062 12 -7700.851214270829
sc3el2 147318 14 -4501.5611370850565
sc12il 517294 14 -4560.202680962715
sc2ie 695904 12 -30360.851186910633
sc2ielsm2 649900 14 -1401.5822307775568
sc3msm 616275 11 -5722.18396198765
sc3l 882623 12 -1842.3759932020955
sc2ielsm1 703850 14 -5872.2622845421365
sc3iesm 817436 13 -23429.58773179328
sc3ie 670583 15 -26544.331974815723
sc2il 461923 12 -1631.4161916785865
sc2iel 770182 12 -3312.31005320382
sc3ilsm 572131 13 -3556.6625203241856
sc3im 859795 15 -12383.64373124714
sc3iel 577925 15 -1421.7196254330354
sc12imlsm 919221 12 -1631.3460274328675
sc1iesm 479377 8 -1796.1022986226358
sc12imlsm1 964538 16 -1403.1809788048806
sc3iml 104533 15 -5733.0528399354225
IMsm 583509 7 -1636.5241249086187
sc3iemlsm 765888 13 -1821.562383059657
sc12imlsm2 197072 16 -1394.726683364918
sc2esm 215644 8 -4880.7254217246045
sc3imlsm2 195670 17 -5607.887229655611
sc3iemsm1 632557 17 -9204.839659103645
IMscsm 553970 8 -2242.48990480892
sc1i 77862 14 -1509.3877318799944
sc1ielsm1 309254 12 -2415.725460209622
sc3ielsm2 800214 17 -2040.6972281323106
sc12iml 108185 14 -1450.9700371533545
IM 309221 8 -1588.267025488487
IMsc2sm 272102 10 -2173.0548754541114
sc3m 828171 12 -10261.54310812597
sc2i 228096 16 -1466.3144611788398
s2mi 682275 9 -1512.8906570687786
sc3elsm 373040 11 -3401.277735293596
sc3imsm 733808 13 -8690.2483124188
sc3eml 677006 12 -1545.4640929339853
sc3lsm 79665 11 -1844.9944538977961
IMsc 108857 9 -1642.6490803965269
sc3ieml 263443 15 -2449.903464839841
IMism 384652 9 -1553.010696898016
IMisc 743872 12 -4123.437340023211
s2msm 609009 5 -1827.8496234158365
IMsc2 972255 11 -1592.8321983647584
IMiscsmB 121381 11 -2076.2734099096733
sc3ielsm1 524065 17 -1476.2503007700484
sc3emsm 290458 11 -17139.71546602259
sc3iem 836418 15 -6372.432214212329
IMisc2sm 545473 12 -1506.1447424670068
IMisc2 206827 14 -3633.819588177211
IMi 836532 11 -1506.3251902165237
IMiscsm 854755 10 -2430.184150055573
s2mismB 227162 8 -1640.942342523951
sc3esm 962558 11 -6058.594563590657
sc3imlsm 462132 13 -1857.0486063399653
sc3e 863082 12 -26262.645959963054
sc3iemsm2 203137 17 -17642.342169199066
sc3ml2 226132 14 -1898.369756301123
sc3il 680745 15 -6262.60941506672
sc3em2 986079 14 -5007.8570932102775
sc3ielsm 221036 13 -3215.165493591283
sc3iemsm 131046 13 -19921.98914445818
sc3imlsm1 13382 17 -2341.9657878551484
sc3ns 568991 7 -6725.603688150897
IMns 85610 4 -6668.784512544962
sc2ns 429613 5 -6585.814144054397
IMscns 539239 5 -6669.00430990269
sc11nm 410245 6 -1623.327760724603
sc1ns 8610 3 -6835.830841648024
sc21nm 271227 8 -6339.997923535848
s2m 731393 6 -1742.4270776405963
IMscnm 783689 7 -2253.0957488680892
sc1nm 844713 4 -2257.0176941005434
sc1esm 104233 6 -6828.098869212629
IMnm 519016 6 -2273.2231992310544
sc1lsm 635706 6 -1827.9841753028759
sc2lsm 492926 8 -1720.983985524856
sc2l 274686 9 -1723.1334265167607
sc2elsm 548493 8 -1583.585552356079
sc1e 435789 7 -3947.946849500886
sc1sm2 197936 8 -1836.2713179633204
sc1 130771 9 -1740.316011314367
sc3nm 745265 10 -2257.9604512827304
sc12nm 394532 9 -7436.335119942234
sc1l 891082 7 -1738.6217935793484
sc2sm2 853039 10 -1570.6736592486175
sc2 683230 11 -1511.7207127236543
sc11sm 377616 7 -1833.8007303335671
sc3emlsm 595174 11 -5288.19753674176
sc1sm1 701703 8 -1621.761543635912
sc2ilsm 287901 10 -14912.997420351108
sc11 550119 8 -3042.028565627793
sc2el 187131 9 -2918.706621745622
sc2ielsm 432970 10 -1443.1446056387895
sc2iesm 744038 10 -19651.606887214
sc3lsm 131619 11 -1719.778550770143
sc1iesm 515291 8 -12101.07262480934
sc3ml 735562 12 -1702.6496561165757
sc2sm1 988982 10 -1478.2133477093978
sc3mlsm 310368 11 -1677.9137144045712
sc3msm 216977 11 -7873.428821306465
sc3elsm 509777 11 -1582.432704619871
sc2il 48857 12 -12864.752296570117
sc1il 256456 10 -2036.1862536941576
sc1ielsm2 958538 12 -1758.7667216067032
sc1ie 842756 10 -3962.5839353645247
sc1ilsm 359194 8 -1666.262260228326
sc1ielsm1 131437 12 -3639.9739467287645
sc12il 921076 14 -1398.7065913941403
sc2ielsm2 862711 14 -1391.7477206900799
sc12imlsm 764617 12 -1699.687023139732
sc12im 424612 14 -9983.852060294495
sc3l 421439 12 -2748.941353030661
sc3im 681186 15 -1440.781746162708
sc3il 449327 15 -1445.2119835431504
sc2ielsm1 260372 14 -1412.6838243704187
sc3iem 405256 15 -11762.179420782184
sc3imlsm 792988 13 -1752.9585518125382
sc2i 193426 16 -7085.214744219921
sc3iemlsm 850166 13 -2261.0276061444765
sc3ie 659577 15 -10288.92382512875
sc3el2 638442 14 -1482.0375973146483
sc3imsm 472056 13 -11663.907995845146
sc3ilsm 368853 13 -1529.6215950414298
IMsm 417986 7 -1635.8507961525722
sc12imlsm1 970440 16 -1784.2551860566884
sc3ml2 174253 14 -1491.5152731251733
sc12ilsm 423472 12 -1667.8862693151677
sc3imlsm2 261576 17 -1488.0262391265521
sc3iemsm1 379767 17 -19726.902846606263
IMsc 636021 9 -1838.774309208744
sc12iml 737716 14 -2797.98801237633
sc3ieml 422252 15 -3370.547515879636
sc3iml 988575 15 -1456.7328400153701
sc3iesm 37690 13 -17106.994979223287
sc3imlsm1 323651 17 -2256.1897355522433
sc3iel 383623 15 -1467.0072130111619
IMsc2sm 321841 10 -3501.04101967986
sc3iemsm2 632390 17 -23372.28104535894
sc3ielsm1 931129 17 -1871.71765126882
IMsc2 57747 11 -1793.4229654737337
sc2iel 644390 12 -2871.8086471119746
sc12imlsm2 298782 16 -1481.666825887017
sc2e 870510 9 -1622.6872191330083
sc1i 256991 14 -1610.4593644368713
IMism 747433 9 -1521.8940757588412
sc3em2 736009 14 -17655.513323313462
IMi 885854 11 -5363.207854753791
sc3eml 215629 12 -1793.832264431543
IMiscsmB 59163 11 -4325.483619313354
s2mismB 615963 8 -2890.3625744727046
IMisc 878029 12 -2439.3295044798033
sc3el 309163 12 -1660.0638051374751
IMisc2sm 769286 12 -1549.6297207440105
s2msm 443364 5 -1827.8481961184425
sc2esm 458869 8 -9423.10001253305
sc3ielsm 669242 13 -4998.016484109928
sc3e 163190 12 -12450.59632770734
IMscsm 673171 8 -1653.5954653781732
IM 321345 8 -1555.0828944542254
IMisc2 792296 14 -1827.8829236384424
s2mi 725285 9 -1534.181078342988
sc3iemsm 849749 13 -1766.0492986607467
sc3em 424140 12 -1893.2783782172712
sc3esm 285581 11 -4495.282471770854
sc3emsm 997149 11 -6468.154966907183
sc2ie 114047 12 -8538.122474155085
sc12imsm 895191 12 -15408.96742046129
sc3m 269673 12 -1916.4861288743932
IMiscsm 787179 10 -1573.9511857440991
sc3ielsm2 17031 17 -8255.346570401345
