sc2ns 274754 5 -7042.371631867498
IMns 848545 4 -6778.9623194390015
IMscns 826149 5 -6778.8415350033265
sc1ns 34206 3 -6954.592951777115
sc3ns 623236 7 -6692.902892512175
sc11nm 975919 6 -12015.563838950808
sc21nm 818176 8 -5591.461649811703
s2m 540764 6 -1780.0475702059075
sc1nm 478842 4 -2351.125759985979
IMnm 321516 6 -2348.7039108310246
sc1e 327352 7 -3760.068303418873
sc1l 266480 7 -1776.5691138238703
sc1esm 741746 6 -21534.617283389194
sc2lsm 641114 8 -3840.712101265565
sc12nm 273710 9 -17573.54601749886
IMscnm 737489 7 -8742.155159847416
sc11sm 82482 7 -1613.1335731733489
sc1sm1 323147 8 -4095.9735215851506
sc2l 264462 9 -1760.1572998419786
sc1sm2 339848 8 -5231.836440688057
sc2sm2 433786 10 -4850.522763643951
sc3nm 43529 10 -2349.797007076606
sc1 881835 9 -1794.903551247342
sc2elsm 600288 8 -2159.117946806225
sc3e 723740 12 -6747.369768801775
sc11 249147 8 -1783.6526434646164
sc1lsm 159281 6 -1870.9415106908991
sc1iesm 516419 8 -8219.920680094223
sc1ilsm 860454 8 -1690.0447117352699
sc1il 440454 10 -2291.668946607213
sc3elsm 217072 11 -5172.093040945771
sc2ilsm 652402 10 -1547.2687043985934
sc3lsm 140226 11 -1770.6576665259759
sc2e 818576 9 -11368.076237469135
sc2ielsm 386812 10 -1456.3410763367413
sc3msm 524533 11 -2610.8366012873357
sc3m 799918 12 -15027.295367887184
sc3em 415030 12 -1757.0263702231143
sc2iesm 354651 10 -3812.96056267351
sc12ilsm 80402 12 -14528.36585436601
sc3l 359487 12 -1735.4689766058655
sc3emsm 291604 11 -1926.9883486495967
sc2el 802256 9 -1550.3044413253122
sc2 837355 11 -1692.9120648796284
sc3ml2 263603 14 -1577.1144850026326
sc2ie 90849 12 -2260.060525016852
sc3ml 17559 12 -2270.0762038914863
sc2ielsm1 264740 14 -1413.6801083781534
sc3emlsm 41947 11 -1720.5028625486186
sc1ielsm1 347372 12 -1693.81272907112
sc1i 381119 14 -4749.951179032694
sc2il 717923 12 -1785.052231583899
sc12imlsm 767853 12 -1460.5659723539438
sc2sm1 257704 10 -1562.4358698344063
sc2ielsm2 327099 14 -1416.6973920369096
sc12imsm 229295 12 -1791.51376462708
sc1ielsm2 519833 12 -2787.937599314711
sc3iemsm 957334 13 -19306.106544495437
sc3imsm 328217 13 -7717.399862499048
sc2iel 771684 12 -1467.3382763595212
sc3il 260930 15 -1472.9259894225352
sc12il 732257 14 -1531.1414165641302
sc1ie 527097 10 -10816.473277368224
sc12imlsm1 296209 16 -6435.64044990729
sc3imlsm 8062 13 -1636.5217489938277
sc2i 236788 16 -2018.249665739687
sc3ielsm 59329 13 -1584.6309745108153
sc3el2 106129 14 -2154.1092806400425
IMsm 818554 7 -1670.450485626437
sc3ielsm2 745529 17 -6849.265633825064
sc3im 182530 15 -20998.77037876154
sc3ilsm 362492 13 -1511.6307800575926
IM 78560 8 -1599.5398962046525
sc12iml 817061 14 -1888.4668982667433
IMscsm 543668 8 -1641.857527281907
sc3iel 819918 15 -1454.8014412307848
sc3iemsm2 573491 17 -11738.47115174705
IMsc 195213 9 -1968.5192140333131
s2mi 930524 9 -1535.153824224286
sc3ieml 401400 15 -4138.647873856646
sc12imlsm2 172977 16 -1411.4833036049395
sc3mlsm 649712 11 -1870.7616969023647
sc3imlsm2 538598 17 -1463.0787792383012
sc2esm 593268 8 -6696.893145631218
sc3iml 323385 15 -1470.8129075760216
IMsc2sm 774035 10 -5852.558607485663
IMism 60732 9 -15708.52954876003
sc3el 787776 12 -4455.878611636658
sc3ielsm1 48385 17 -1597.3661770618264
IMsc2 113942 11 -1658.2153151592302
IMiscsm 548779 10 -5021.381842933777
sc3em2 472435 14 -7204.185958431593
IMiscsmB 25125 11 -1473.445276370534
sc3ie 958703 15 -34366.9883578127
sc3esm 993178 11 -57474.925082542475
IMi 541778 11 -2742.1366247721635
IMisc2sm 460171 12 -4381.853534367592
s2mismB 12085 8 -6404.505868929404
IMisc2 578413 14 -8893.564221567596
IMisc 16113 12 -1870.442112038636
s2msm 278935 5 -2239.793790320088
sc3imlsm1 995370 17 -1478.2293638252504
sc3iesm 634529 13 -15034.262051553278
sc12im 563557 14 -3180.8942727967146
sc3eml 235849 12 -2181.4692029556036
sc3iemsm1 34345 17 -11194.958817437746
sc3iem 125010 15 -20379.272737086794
sc3iemlsm 911568 13 -1515.6969936858966
sc2ns 933896 5 -6735.190740112417
IMscns 998986 5 -6778.904181368019
sc3ns 425450 7 -9804.955960970912
sc1ns 636713 3 -6954.58978474928
sc21nm 393808 8 -2358.0050529006185
sc11 605253 8 -1582.584586518053
sc11sm 333431 7 -1653.6553791249578
sc12nm 186360 9 -1617.6451068477468
IMns 656484 4 -6781.68238742948
sc1nm 712501 4 -2351.1249899755885
IMnm 84167 6 -2348.8625152292643
sc1e 160287 7 -10338.918804866946
sc11nm 358390 6 -2352.0104791404115
sc2l 377808 9 -1622.0760546186343
sc2elsm 273147 8 -1937.125776914953
sc1l 709322 7 -1775.5515617165315
sc1 982057 9 -1843.9592278919613
s2m 419183 6 -1780.0454654380667
sc2lsm 108397 8 -1748.8368284194203
IMscnm 428869 7 -5120.723233560944
sc1iesm 504556 8 -24090.475527717434
sc3nm 298748 10 -28678.899850464877
sc1lsm 347610 6 -1870.9393979631939
sc2sm1 974594 10 -1887.674837203727
sc1ilsm 198908 8 -1804.083231552595
sc2sm2 704614 10 -1621.89292594872
sc1sm2 46981 8 -1763.162869848527
sc3m 301652 12 -8810.952479986077
sc2el 557201 9 -1543.0244429774561
sc2ilsm 137420 10 -1547.6009477906846
sc3elsm 522350 11 -1863.100283321175
sc3eml 126622 12 -4562.533963846933
sc1il 785490 10 -7476.592128465927
sc3mlsm 474791 11 -1617.4498251769664
sc1sm1 934083 8 -1776.5536170276591
sc3esm 138004 11 -3238.6613768469624
sc3emlsm 761345 11 -5987.929251908276
sc2iesm 975351 10 -3501.2266041388
sc1ie 901857 10 -5047.064976666608
sc3emsm 568468 11 -22185.217259739744
sc12imlsm 326705 12 -6867.581157787019
sc3el 275990 12 -1599.3761877382196
sc2ielsm 993564 10 -1953.036770270989
sc2iel 353702 12 -1682.8797128110386
sc2il 257825 12 -3053.94302335709
sc3msm 924638 11 -4350.127196149285
sc2esm 332146 8 -2821.5717095384634
sc3ielsm 54737 13 -1485.0705908210105
sc12imlsm1 356443 16 -1410.5349808824624
sc3imlsm 230197 13 -5822.065496729279
IMsm 316047 7 -1741.3308082716871
sc2i 28566 16 -1425.6840507013799
sc3l 817923 12 -1571.0092173582912
sc2ielsm1 353357 14 -1470.1929870906451
sc3iesm 384063 13 -14502.002201026475
sc3il 206758 15 -2594.8859384724915
sc3imsm 550241 13 -14205.98040284418
sc1i 707510 14 -4191.675496277893
sc12il 864840 14 -1563.9966631711864
sc3iemsm 890655 13 -16324.577917185925
sc3im 579564 15 -3765.189132441083
sc1ielsm1 681374 12 -1742.1625857515126
sc12iml 652897 14 -1705.8510335222504
sc3ilsm 5028 13 -1545.2949897759245
sc3ml2 813796 14 -1632.769334364061
sc3iml 974027 15 -1688.9778142935272
sc3iel 505900 15 -2305.462544211714
IMsc2sm 185644 10 -1666.4581004234
sc1esm 414816 6 -14642.824569130236
sc3iemsm2 578766 17 -25433.203277700086
sc12im 359000 14 -1478.983848015373
sc3ieml 555454 15 -1585.2566632677867
IMsc2 175730 11 -2118.5416446671215
IMsc 876259 9 -3607.51644277184
IMscsm 622044 8 -1641.8603115317069
sc3ie 158331 15 -20158.77502321583
sc2ie 790352 12 -2089.5999398069816
sc3imlsm2 935457 17 -1601.9998507847463
IMi 746412 11 -5919.188178470017
IMiscsm 311767 10 -13679.002052624992
sc3em2 156430 14 -10769.06739069349
sc3lsm 487152 11 -2590.020345526974
s2mismB 404822 8 -1664.7653632772472
IMism 552246 9 -1827.566105339406
sc2ielsm2 302593 14 -1927.5860143349207
sc2 592805 11 -3664.283621099341
sc3ielsm1 478326 17 -1537.4386758533333
IMisc2 57957 14 -3643.892365255051
sc1ielsm2 953988 12 -1571.071409637713
sc3iemlsm 293815 13 -1787.2499810047384
IMisc2sm 229908 12 -1537.1175737322314
IMisc 546157 12 -1459.430827697391
s2msm 377238 5 -1870.8983465513445
IM 55106 8 -1591.359912418733
s2mi 270459 9 -13000.061728135448
sc2e 215462 9 -2598.6947601983165
IMiscsmB 57630 11 -1548.5106865317357
sc12imlsm2 274673 16 -2237.693707153763
sc3imlsm1 996183 17 -1666.8050823044396
sc3el2 831343 14 -2819.1451215224897
sc3ml 437009 12 -1597.5263273111414
sc12imsm 99730 12 -13562.799489903127
sc12ilsm 896867 12 -2012.348507279871
sc3iem 719439 15 -4672.993344308785
sc3ielsm2 874008 17 -1747.558972067991
sc3e 471741 12 -15315.191320583746
sc3iemsm1 254233 17 -18379.71684920126
IMns 553137 4 -6778.88259285719
sc1ns 342128 3 -9814.900891925667
IMscns 273913 5 -6778.855325264845
sc11sm 49772 7 -1630.3872421716442
sc11 771348 8 -3505.2103239396147
sc1lsm 749890 6 -1871.2373283607253
sc1nm 681435 4 -2351.1290236468167
sc2lsm 722791 8 -1748.838135867402
sc2el 875435 9 -1550.2677303555179
sc2l 324507 9 -1959.2798901928927
IMscnm 355373 7 -2446.8468403796614
sc2ns 273630 5 -9774.185648019158
sc2elsm 737940 8 -1608.8567289971274
sc1sm1 674368 8 -1779.7443433179699
IMnm 182042 6 -2348.4004220760244
sc1l 439657 7 -2279.93433291965
sc12nm 761785 9 -10725.22404423104
sc3ns 978406 7 -6954.967529739124
sc11nm 926400 6 -2351.628277308106
sc2sm1 904243 10 -2831.771993304106
sc1iesm 651263 8 -11473.673909724046
sc3esm 85156 11 -11525.921033704515
sc2esm 921285 8 -1563.7596761997813
sc1ilsm 543264 8 -1814.2936968277827
sc1sm2 879629 8 -2758.2605189779883
sc3nm 837176 10 -7952.269063407702
s2m 324538 6 -1780.04047116738
sc3el 186467 12 -1523.693153940411
sc3lsm 140092 11 -2597.446435279398
sc2sm2 842736 10 -1530.6268162770932
sc1esm 465891 6 -12584.415153743714
sc3mlsm 106025 11 -1853.5752136355975
sc3elsm 485176 11 -1685.3569601782538
sc12ilsm 936208 12 -1547.2628444535262
sc1 364250 9 -1780.0413781210805
sc1ie 396056 10 -15169.367770195982
sc3ml 492754 12 -1740.3873193526981
sc2ie 130215 12 -5991.125322522532
sc1ielsm2 888568 12 -4233.988580337854
sc2iel 426692 12 -1440.004162316888
sc2il 282004 12 -1566.184241127768
sc1il 241545 10 -1618.7971359120954
sc2ielsm 906722 10 -3448.3567999973943
sc3el2 113736 14 -1795.051459759506
sc3ml2 208574 14 -1893.785175109349
sc21nm 602267 8 -5793.905428739894
sc2iesm 413709 10 -6040.186390238586
sc3imsm 960956 13 -19420.18094459544
sc3msm 113487 11 -16732.543150333284
sc1ielsm1 190580 12 -3980.9155911877797
sc3ilsm 146248 13 -2950.494549714765
sc12iml 253611 14 -1462.218329064338
sc2i 508498 16 -1410.080281763391
sc2 74320 11 -1563.4864457283447
sc3iemsm 836840 13 -4856.592034194009
sc12imlsm 920029 12 -1491.1812900328832
sc12il 631591 14 -1492.3953987653897
sc1e 191158 7 -1661.6655537229503
sc3iel 948948 15 -1521.6848764051151
sc3iemlsm 117621 13 -10271.467719758244
sc2ielsm2 604855 14 -2778.7734322081324
sc3im 492037 15 -7143.711643778582
sc3imlsm 88178 13 -7287.903772231768
sc2ielsm1 493411 14 -1683.9657029141476
sc3imlsm1 979575 17 -8618.191630642657
sc3ielsm 61255 13 -1548.0977156669467
sc12imlsm2 449558 16 -1422.3164862089798
sc1i 487926 14 -1745.0150216921136
sc12im 557753 14 -9075.86603155038
IMsm 113143 7 -2106.2397486371824
IMscsm 758633 8 -1660.7365787615533
sc3ieml 765671 15 -1969.8114004645809
IMsc 537914 9 -1990.4562296714319
sc3iemsm2 759625 17 -5274.62686589477
IMsc2 622798 11 -1508.1407656322688
sc3emsm 892840 11 -6923.624811777486
sc3ielsm1 984980 17 -2356.498612669421
sc3iesm 484372 13 -24904.536199783797
sc3ielsm2 953254 17 -1592.304478448523
IM 890698 8 -1585.526066553114
sc3l 102547 12 -1589.3576882258499
sc3iml 29711 15 -1523.2801536921888
IMiscsm 93574 10 -1487.3659229434286
s2mi 228836 9 -1537.5392959111432
sc2e 831368 9 -13978.832710257482
sc3imlsm2 161971 17 -1674.223428214925
IMiscsmB 123661 11 -1473.726894467372
IMisc 557078 12 -1466.5419186529912
s2msm 793540 5 -1870.9012251981312
IMisc2sm 726484 12 -4716.842195843745
IMism 274623 9 -1536.8492327145705
sc12imsm 181829 12 -3801.873247175876
sc3em 586616 12 -3102.346855646306
sc3e 618845 12 -14349.908619997048
IMisc2 719661 14 -1431.356233048833
IMsc2sm 358422 10 -5094.591160465536
sc3iemsm1 839344 17 -13386.901477609124
sc3m 578906 12 -17567.49489176316
IMi 820793 11 -1520.936442182152
sc3em2 553497 14 -11027.516765950932
s2mismB 62958 8 -1662.7509384156806
sc3il 147575 15 -2554.25879377877
sc3iem 931952 15 -2158.8483030295642
sc2ilsm 533128 10 -1956.938851393781
sc12imlsm1 346628 16 -1623.594716035383
