sc1ns 807930 3 -6730.2920269335655
IMns 981859 4 -6857.40681092507
sc2ns 763758 5 -6465.260904038599
sc3ns 723031 7 -6732.173263061756
IMscns 87800 5 -6556.7764264186135
IMnm 320947 6 -2241.086760458683
s2m 476326 6 -3057.1852403103285
sc1nm 436520 4 -2244.2776377660243
sc11nm 603273 6 -4323.133375706968
sc21nm 406153 8 -1629.4074652054242
sc11sm 573117 7 -1560.9613824596302
sc12nm 637130 9 -8823.32424332456
IMscnm 328377 7 -2242.812142232565
sc1l 151361 7 -1968.4520077769307
sc1sm1 126348 8 -1732.62713944352
sc2l 367549 9 -1630.542543491192
sc1sm2 503241 8 -4630.453940726875
sc11 994470 8 -1536.7315032273902
sc2 230828 11 -1456.747306074998
sc2elsm 107372 8 -1548.1042149144291
sc2sm2 977581 10 -1929.7594988175238
sc2el 77611 9 -2245.0520910224013
sc1iesm 809633 8 -3539.6486811521727
sc3nm 861473 10 -17739.991015357806
sc3mlsm 882026 11 -1699.0209553094849
sc1il 176850 10 -4434.011275334894
sc2il 912874 12 -8560.25670472754
sc3ml 210871 12 -1811.9754184840097
sc1lsm 997647 6 -1817.1733267605775
sc3elsm 387292 11 -1624.3969613390202
sc1esm 799427 6 -8511.061417894834
sc2ilsm 444542 10 -1920.1928977697003
sc2ie 300594 12 -10845.934074995594
sc3l 321503 12 -1972.997795352281
sc3msm 171443 11 -4984.299209405063
sc12ilsm 733328 12 -1454.7513798073514
sc3em2 254280 14 -3728.118250472164
sc1ilsm 663676 8 -1662.016237725785
sc2lsm 741313 8 -3635.954200467127
sc12imlsm 97402 12 -3476.549340770222
sc3ml2 184774 14 -3348.6724674381358
sc2iel 762733 12 -2379.5289190440894
sc12il 523944 14 -1578.9794577284003
sc1 727434 9 -1754.8248721707987
sc2ielsm1 911956 14 -2569.568466005947
sc12iml 203191 14 -1975.9116252702986
sc3iemsm 295807 13 -19111.008840583192
sc2ielsm 442744 10 -1417.5837382054665
sc3el2 223189 14 -3172.1752796535643
IMsm 5138 7 -1610.2080596359597
sc3iesm 536384 13 -21041.273205427722
sc3ilsm 142584 13 -1623.6703148348568
sc3iel 235998 15 -1398.095208483333
sc12imlsm1 769524 16 -1376.1030698573152
sc3ielsm 93072 13 -1854.2206675965017
sc2e 953339 9 -16586.782525692346
IM 50476 8 -2300.0471175304456
sc3imlsm 625483 13 -1497.3351987589417
sc3emlsm 640703 11 -3387.4475915688963
sc3im 658256 15 -3310.989265941083
sc3imsm 593938 13 -61092.17208300312
sc2ielsm2 271427 14 -1442.7139694028447
sc2iesm 143752 10 -14416.892428893623
sc3iemsm2 622536 17 -8864.356224650894
sc12imlsm2 576562 16 -1395.4615078673999
IMsc 882590 9 -2149.7639063225774
sc3eml 993175 12 -1461.578158855875
sc3imlsm2 292804 17 -2107.644276330787
IMscsm 350305 8 -1738.5348685657405
sc3ie 550601 15 -9652.957763067161
sc2sm1 344435 10 -1941.7394799641274
sc1ielsm2 419116 12 -1829.136144861305
sc3ieml 767819 15 -3037.498554377352
sc3il 500496 15 -1619.0480057474692
s2mi 560005 9 -1509.848893937715
sc3iem 393637 15 -16225.351660808443
sc3ielsm2 541477 17 -1619.084102620848
sc3imlsm1 442287 17 -2167.0458490791593
sc1ielsm1 677041 12 -2519.014446405181
IMsc2sm 45430 10 -2502.737541760943
sc3iml 316583 15 -1521.689123088624
IMsc2 659784 11 -1456.8302445334361
sc2esm 746408 8 -4378.901377845709
sc1i 454559 14 -1519.0369949581977
sc3em 610222 12 -1736.5832408838733
IMisc2sm 976395 12 -3979.644037629707
IMiscsm 563604 10 -3742.278337296043
IMiscsmB 986269 11 -5196.167989013049
sc3lsm 247298 11 -2047.3247021874743
sc3esm 968927 11 -3414.35974174848
IMism 556478 9 -1512.7004321288446
IMisc2 825583 14 -4201.057969918193
sc3m 389738 12 -2305.3600482989686
IMisc 18318 12 -1782.532867466484
s2msm 633648 5 -2066.632355686097
IMi 744315 11 -1431.9191759369794
s2mismB 988668 8 -6178.536634699049
sc3iemsm1 835455 17 -18826.280950006796
sc12im 726226 14 -2546.702060443975
sc3ielsm1 996336 17 -1501.783322517339
sc12imsm 102876 12 -4191.846309126146
sc3iemlsm 705176 13 -1492.954477284204
sc2i 185450 16 -1398.8687380855197
sc3emsm 985690 11 -7880.455011477319
sc1e 587952 7 -1697.7358547122974
sc3e 275931 12 -13725.320310499286
sc1ie 587355 10 -17470.249606027
sc2ns 594961 5 -6516.411676847523
sc3ns 872076 7 -6731.037025830491
sc1ns 381505 3 -6730.278029580382
sc11nm 829967 6 -5266.932756697075
IMns 303029 4 -6556.788030174019
IMscns 435287 5 -6556.942583044503
sc21nm 289946 8 -1710.2346554916894
sc1nm 466611 4 -2244.2781409042623
IMscnm 170310 7 -2252.727035073898
sc11 426701 8 -1738.0033054854086
sc1sm2 896646 8 -1807.7963954409217
sc2l 114369 9 -1574.7300083749133
sc1sm1 303540 8 -1809.2214621574822
sc12nm 763192 9 -15477.70094907835
sc11sm 143742 7 -3339.9784094955094
sc2sm2 911844 10 -1462.3226180688719
sc2lsm 259060 8 -1716.24428096967
sc2el 234327 9 -1499.1182624398425
s2m 400104 6 -1734.3540193218162
sc2sm1 29142 10 -1880.499005322124
sc1iesm 293050 8 -5151.721833203159
sc3nm 631081 10 -11128.214868479568
sc1ilsm 661029 8 -10471.246508889806
sc2 134803 11 -2072.166560118959
sc3e 210312 12 -20557.835230509598
sc2ilsm 414973 10 -1526.0425650913617
IMnm 906690 6 -2240.9178943014813
sc2ielsm 684750 10 -1417.584863380101
sc3msm 86900 11 -10601.993975919982
sc3elsm 539559 11 -1823.283388931781
sc12imsm 840953 12 -28749.771730400927
sc1l 239523 7 -2759.642628266285
sc1lsm 263194 6 -3390.2903667633736
sc3ml2 449295 14 -1708.8277303588798
sc1esm 227972 6 -1672.4863390650783
sc1ie 486055 10 -17498.71069786811
sc2esm 428064 8 -6136.390035820853
sc2ie 275175 12 -4955.966428405282
sc3esm 6803 11 -7734.579463943788
sc1ielsm1 952453 12 -1607.7768228695195
sc12ilsm 81406 12 -1539.1962237651856
sc3ml 354816 12 -1504.2950562543456
sc12im 119252 14 -13709.054646802479
sc2il 353174 12 -1765.6194317460195
sc3ilsm 435672 13 -2515.9803917514478
sc1il 983209 10 -1697.7584046045179
sc12il 601330 14 -1511.5932622249077
sc2iel 221107 12 -1967.3012633476637
sc2ielsm1 120938 14 -1518.0247956130568
sc1i 713594 14 -1604.1249923962316
sc2elsm 677418 8 -2836.8072402207154
sc3ielsm 981061 13 -1516.3174257997518
sc3iesm 946522 13 -10193.409682350702
sc2i 216127 16 -1400.2823604484038
sc3em2 930918 14 -20206.23153314188
sc12iml 741818 14 -1581.212302710475
sc3ieml 13505 15 -6010.073810747865
sc3ie 696332 15 -28524.642516263648
sc12imlsm1 79511 16 -1437.973948187956
sc3im 19116 15 -3623.7299635530944
sc12imlsm 924140 12 -1690.5975064280267
sc3imlsm 76581 13 -1695.3978320307042
sc2ielsm2 601771 14 -1388.201074425397
sc3em 815448 12 -1733.5910643501884
sc3imlsm1 214400 17 -2965.1472232337237
sc3iel 509036 15 -1416.1668991242439
sc1 13335 9 -1524.918000616988
sc3m 82728 12 -2058.850117262083
sc1ielsm2 126442 12 -1448.188260331608
sc3ielsm1 163112 17 -1858.63595022024
sc3iemsm1 229502 17 -19499.86253466428
IMsc 906703 9 -1507.752515762118
sc12imlsm2 7555 16 -1812.3962427545102
IMsc2sm 765622 10 -3262.1696397979304
sc3iml 358805 15 -1525.8383409100345
IM 562042 8 -1544.4749775318544
sc3iemsm 11241 13 -8515.798443211515
sc3il 888792 15 -2019.3267546608747
s2mi 380326 9 -1508.6814159769174
IMsm 292026 7 -1609.6467955298067
IMiscsm 424027 10 -1488.8864789849763
sc3el 553060 12 -2741.2166651599982
IMsc2 807075 11 -2181.84418057676
sc1e 346718 7 -2186.662367159386
sc3l 204341 12 -6675.21989529619
sc3iemlsm 712356 13 -1760.2449763690106
sc3imsm 205572 13 -7062.304130172824
IMism 685602 9 -2291.939790938361
IMiscsmB 15928 11 -1451.6798470169497
sc2e 164840 9 -1910.9042942503675
IMisc 253910 12 -2183.3423433480166
IMi 38034 11 -1496.8047259742418
s2msm 4322 5 -1817.0743935687944
sc3ielsm2 779517 17 -1420.414595084735
s2mismB 88366 8 -3695.130830423019
sc3emlsm 531352 11 -3795.1326903043478
IMisc2sm 731670 12 -1685.4529667253632
sc3imlsm2 351735 17 -1395.0570809723604
sc3lsm 410111 11 -2253.8138045812843
sc2iesm 411057 10 -3787.403398615376
IMisc2 15581 14 -1452.2502124249431
sc3iem 672280 15 -19616.80091537925
sc3mlsm 296064 11 -4112.750968001494
sc3emsm 148487 11 -19608.981618721366
sc3el2 472147 14 -4204.03146805458
sc3eml 772106 12 -2763.7919178457064
IMscsm 125974 8 -2082.863291677674
sc3iemsm2 922866 17 -7813.346998279907
sc3ns 284810 7 -9509.677869284715
sc1ns 628429 3 -6730.2779528792025
IMns 621517 4 -6557.437118461019
sc2ns 817238 5 -9507.339685783585
s2m 869901 6 -1734.3864781787524
IMscns 876220 5 -6559.038188233334
sc11nm 423829 6 -7190.36444784717
sc21nm 457531 8 -14377.812332965937
sc11 758990 8 -1734.9287514775892
sc1l 274155 7 -1900.991541858089
sc1esm 122340 6 -2231.7303130292175
sc2l 792469 9 -1833.3942996565347
IMnm 396099 6 -2240.953295854847
sc12nm 349082 9 -1579.2829098521001
IMscnm 263535 7 -2241.916105159564
sc2esm 390929 8 -8116.524475670949
sc1sm1 770922 8 -1788.2150143397544
sc1nm 710191 4 -2244.2746134729728
sc1 486465 9 -1713.731696445912
sc2el 526348 9 -1822.634697387687
sc2elsm 894940 8 -2714.1219848979717
sc3nm 771728 10 -4407.046447181967
sc11sm 205449 7 -4882.396056890509
sc1e 343383 7 -2996.1801806293224
sc2 537439 11 -1534.3251408889628
sc2sm2 730437 10 -1538.2333718361347
sc2lsm 46408 8 -1716.2456520744863
sc3esm 818004 11 -28564.679245093783
sc3mlsm 265581 11 -1548.1557263091875
sc1lsm 233160 6 -1817.1161134626986
sc3lsm 109148 11 -1695.8576502798082
sc1iesm 935382 8 -12571.573525476357
sc1sm2 823508 8 -1823.4972845729467
sc3l 434514 12 -1638.2803275168117
sc3e 681046 12 -5727.147587155805
sc3ml 748822 12 -1555.056774241923
sc1il 734543 10 -1917.8114700537226
sc1ilsm 461929 8 -3682.8383316592904
sc3emlsm 523560 11 -1524.1403637824442
sc1ie 441837 10 -7695.8238886574545
sc3msm 541459 11 -23931.83427026155
sc2sm1 102135 10 -1520.9202687786303
sc12imlsm 895668 12 -10529.581521767272
sc1ielsm2 178570 12 -4365.404649132138
sc3eml 779208 12 -1707.4272918596484
sc2iesm 185824 10 -1411.2084695986703
sc2ielsm 594484 10 -1542.0600451567918
sc3emsm 75751 11 -1506.0915484795783
sc12il 522179 14 -1439.0963493837426
sc2ilsm 70458 10 -1746.267362051743
sc3ml2 328712 14 -1490.8735346710941
sc12im 795181 14 -24830.66673666094
sc2il 163570 12 -2110.583268764114
sc2iel 85490 12 -1616.4683195699797
sc12imsm 400761 12 -2643.0426532209194
sc3ielsm 55278 13 -1379.0052123771927
sc3m 952084 12 -16598.87694479076
sc1i 461005 14 -1510.2154646405997
sc3iesm 142746 13 -25516.055706174957
sc2ielsm1 455079 14 -1719.9711451484202
sc12iml 665126 14 -2447.870757407167
sc2ie 687768 12 -7856.437125454712
sc3il 327888 15 -1600.5260521499122
sc3elsm 773405 11 -1765.7601128544406
sc3iemlsm 497819 13 -1798.550418244458
sc3imsm 811592 13 -2301.3518624242106
sc2e 48200 9 -4341.382929492139
sc3iemsm 469255 13 -26208.206088284474
sc3imlsm 727642 13 -1414.006902778988
sc2i 34984 16 -1848.0251970221195
sc12imlsm1 926675 16 -1597.3890870071566
IM 826551 8 -3436.2319840619134
sc3ie 340115 15 -17658.956392361997
sc3iemsm1 238100 17 -47753.262346916745
sc12imlsm2 131503 16 -1512.4117332842657
IMscsm 351426 8 -1599.2581779846887
sc3im 744178 15 -3468.832125167833
sc3iemsm2 832941 17 -15669.912746188544
sc3ieml 608010 15 -1470.8219258571053
IMsm 598818 7 -5653.5260526474885
sc3iml 135493 15 -1498.7576734825968
IMsc2sm 779104 10 -3289.594199145819
s2mi 126587 9 -1665.0999354705418
sc3em 708829 12 -2748.4958832661214
sc1ielsm1 580853 12 -1526.6564137186867
IMsc 217001 9 -1507.7878188297013
IMsc2 115520 11 -2073.063438653834
IMiscsm 635004 10 -9683.041942423177
sc3imlsm2 633127 17 -1550.4227595543573
sc3el2 513786 14 -1664.710067769447
sc12ilsm 554348 12 -2072.6193368884365
sc3ielsm2 585729 17 -2287.46738085972
IMism 435479 9 -1531.91130076032
IMisc 199952 12 -1448.0580930405338
IMiscsmB 466669 11 -2194.8308919821156
s2msm 862548 5 -1817.07803529461
IMisc2 116265 14 -1405.1868162911926
IMisc2sm 529723 12 -1530.704894007898
sc3ielsm1 270496 17 -1701.6394220518168
sc3imlsm1 506865 17 -2383.135440511034
sc2ielsm2 344094 14 -1441.5779498186905
sc3ilsm 658855 13 -2151.175591423066
sc3el 28431 12 -1678.1795554543164
sc3em2 670270 14 -3286.394941950629
IMi 790119 11 -1491.1982168231373
s2mismB 327280 8 -1639.4287979096314
sc3iem 922688 15 -5594.605785749887
