sc1ns 506808 3 -6777.032026410789
IMns 211042 4 -6672.713723493095
sc1nm 749661 4 -7967.198637807801
IMscns 87550 5 -6630.312636726236
sc3ns 742477 7 -6551.299562743582
IMnm 372443 6 -2256.470696843085
sc11nm 132199 6 -1595.9935747482486
sc11 825908 8 -1721.3244838646428
IMscnm 432504 7 -2258.5581519841444
sc21nm 643105 8 -15399.299364489267
s2m 284746 6 -1777.6744839154971
sc12nm 568521 9 -5705.414028963279
sc2l 380272 9 -1775.674483965925
sc2elsm 755524 8 -1570.1953114038506
sc2e 299104 9 -12324.458442353707
sc1e 861638 7 -2563.654290684456
sc2sm1 338233 10 -1468.3267282418267
sc3nm 108828 10 -2307.123086437661
sc1sm1 262582 8 -1897.9411886509681
sc11sm 240673 7 -1845.6053121405293
sc3lsm 291525 11 -4001.7101454039384
sc2esm 668137 8 -9713.147882428138
sc1iesm 17994 8 -20078.21020044649
sc2lsm 320825 8 -1721.0897271636659
sc1l 352918 7 -1775.5419012283764
sc1lsm 597225 6 -1846.0327988218307
sc2sm2 775272 10 -1624.0672620382516
sc2el 749842 9 -1522.153646040835
sc2ns 907561 5 -9651.99719982387
sc3mlsm 939623 11 -3090.320234548387
sc1il 57671 10 -8664.487670261824
sc3elsm 309241 11 -1680.9546734083028
sc3msm 681909 11 -5590.062826370863
sc2ielsm 416679 10 -9067.697284317108
sc2ilsm 64123 10 -3788.6618284469696
sc3em 240662 12 -1973.7204905201652
sc2il 73629 12 -6334.599961315509
sc2iesm 188574 10 -12192.846920502348
sc3eml 964071 12 -2508.5850351920253
sc12imsm 942991 12 -3635.4693502802556
sc12ilsm 578255 12 -5029.440041015096
sc3el2 897779 14 -1593.5683641010023
sc2ie 186232 12 -3977.7748366553983
sc12imlsm 44424 12 -1760.2610519960658
sc1ielsm2 489591 12 -1704.0045462259266
sc12iml 739965 14 -1412.8341285656704
sc1ielsm1 337781 12 -2248.896961282435
sc3iesm 625438 13 -16984.12692059667
sc3imsm 361693 13 -10779.828099952678
sc3ie 495689 15 -49109.94742492338
sc1esm 521070 6 -13369.307185263136
sc1i 344192 14 -3318.94527742979
sc12il 85581 14 -1649.0419885745478
sc2iel 492687 12 -1470.2330679013699
sc3ilsm 1767 13 -2000.6529501412756
sc12imlsm1 719423 16 -1394.5095879586572
sc3iemlsm 985329 13 -1452.45784328192
sc12imlsm2 515377 16 -1393.1648683522008
sc1ilsm 537372 8 -1706.0581681346198
sc3imlsm 643205 13 -1446.8065157768003
sc3im 810580 15 -3054.721856037874
sc3ml 991631 12 -1482.9615240134976
sc2i 501462 16 -1402.057615751321
sc3iml 895325 15 -1466.8744794435981
sc2ielsm2 246124 14 -1893.474352744468
sc3ielsm 56346 13 -2192.2913375110547
sc1 131484 9 -1673.4043501207198
sc1sm2 593396 8 -3174.8241958783674
sc2ielsm1 655490 14 -1420.7176344482386
sc3iem 44426 15 -7705.898141505414
sc3iel 109181 15 -1558.5313081735787
sc3imlsm2 419039 17 -4275.527200278539
sc3ieml 988148 15 -1883.8812690398993
sc3il 151324 15 -1650.8055892851119
IMsc 633206 9 -1869.9066567034236
sc3emlsm 827304 11 -2119.1097070958695
sc3ielsm2 655687 17 -1504.6011108944683
sc3ielsm1 889651 17 -1836.770255279
IMsc2sm 263040 10 -4659.294759048566
sc3ml2 807859 14 -1781.9014659604036
IM 542318 8 -5460.5072788308935
sc3m 606111 12 -19675.503249133737
IMsm 786217 7 -1631.242376191501
sc3esm 500126 11 -21515.871577107813
IMsc2 849762 11 -1804.3433795218161
IMscsm 656344 8 -1612.0511995018514
sc1ie 534847 10 -1648.2142434038885
sc3iemsm2 663197 17 -2385.582447768307
s2mi 575329 9 -1532.343057282634
sc3imlsm1 44629 17 -1397.5688186028287
IMiscsm 530850 10 -1491.6761038998952
sc12im 579488 14 -18662.576548533612
sc3emsm 472638 11 -17823.98142871637
IMisc 504385 12 -5040.284700301425
s2msm 559223 5 -1845.9277646104874
sc3iemsm 487882 13 -8965.505615036936
IMism 555295 9 -1544.212114060991
sc3iemsm1 205431 17 -5621.490821216029
IMisc2 151362 14 -3485.507103564877
IMisc2sm 151675 12 -2792.1237749106535
IMiscsmB 983675 11 -1553.4599871269186
sc3el 880915 12 -1793.9545430851626
IMi 224282 11 -1522.3920214112309
s2mismB 561022 8 -1683.2473408725136
sc2 436336 11 -2530.010364387144
sc3e 384059 12 -13586.329760508603
sc1ns 822894 3 -6777.0344327102375
sc2ns 992634 5 -6491.13082549927
IMscns 780135 5 -6588.250865341576
IMns 826062 4 -6588.104149996976
sc3ns 985156 7 -6584.243859495316
sc1nm 489471 4 -2259.436707184782
sc11sm 670481 7 -2594.3990857061463
sc1esm 183097 6 -5078.973370993278
sc1lsm 666740 6 -4390.52290247145
sc11 358246 8 -1693.2695845889561
s2m 525130 6 -2348.0398145426248
sc1l 74591 7 -4973.130396162802
sc2l 364609 9 -1777.7855120039758
IMnm 150482 6 -2256.5362054149855
sc2el 454584 9 -1522.3874061327022
sc2lsm 186439 8 -1721.086572182308
IMscnm 233691 7 -2269.0402127562265
sc12nm 869563 9 -10049.686325257106
sc3nm 767871 10 -12116.88296519787
sc3mlsm 692334 11 -1570.7704224799982
sc2sm2 173131 10 -2329.0372634309615
sc1ilsm 691862 8 -1702.5946698202483
sc2sm1 86363 10 -1467.4410209156172
sc2elsm 343450 8 -1570.2061727995647
sc3lsm 966183 11 -2748.846227268188
sc1iesm 80785 8 -6224.133073836374
sc1il 433165 10 -1529.200167736771
sc2iesm 187141 10 -18048.62181734864
sc2ilsm 576240 10 -1553.770654422357
sc3ml2 133771 14 -1462.3038243880712
sc3eml 729729 12 -2375.943301275816
sc2ielsm 703532 10 -1461.479560152488
sc3l 948150 12 -2273.047452517494
sc1e 419968 7 -1593.8916618354033
sc12imsm 323848 12 -11522.103998033197
sc2 567392 11 -1801.4583164872793
sc2il 812530 12 -3291.7127336620506
sc3emlsm 585441 11 -1639.6082981336667
sc1ie 366071 10 -3842.387888093969
sc1ielsm2 498826 12 -5106.256256927199
sc2iel 984074 12 -4535.017244423985
sc12imlsm 114676 12 -1395.469164121961
sc1ielsm1 834692 12 -1532.1783178426567
sc3em 593072 12 -1803.6008875640796
sc2ie 855979 12 -10372.074361956307
sc3ielsm 179063 13 -3650.141165691696
sc3el2 541839 14 -2278.158241697091
sc1sm2 561531 8 -1748.4615873077216
sc12imlsm1 194610 16 -3824.1337182154293
sc2ielsm1 26623 14 -3443.6458682196144
sc1sm1 930462 8 -2173.5769395592415
sc12im 894259 14 -1616.319026324373
sc3im 693160 15 -10226.848349434937
IMscsm 810515 8 -1612.0516562476923
sc3imsm 955961 13 -4148.074503383161
sc12iml 100337 14 -3967.3630311476986
sc3ie 964370 15 -32016.14234853362
sc12ilsm 989874 12 -1771.213519103061
sc2i 128597 16 -7499.341784574502
sc3iemsm2 401591 17 -16862.99394049302
IMsc 666991 9 -1525.647760234273
sc3imlsm2 833601 17 -10894.042118060035
sc3imlsm1 998782 17 -8221.794040827104
IMsm 762872 7 -3264.6762163225426
sc3il 449349 15 -1494.4837148191555
sc3iem 939703 15 -4084.999640323831
sc3iel 705145 15 -1511.8987000990687
sc3ieml 683683 15 -1426.5841987295
sc3imlsm 211391 13 -1547.2938947918658
sc3emsm 766340 11 -2870.058740906319
sc12il 700189 14 -1704.1387896605472
IMsc2 483766 11 -1489.4673320605962
sc3iemsm1 112708 17 -6502.933925244564
sc3ielsm1 436982 17 -1462.9827569896538
IM 663537 8 -1572.3651089489313
sc3ilsm 153618 13 -1683.7843221835965
sc3ielsm2 355772 17 -1401.789508716616
sc2esm 263552 8 -7345.392005067289
IMsc2sm 901350 10 -1625.6946197796601
IMism 689859 9 -1544.3603709324952
s2mi 806998 9 -1692.9815331914856
IMiscsm 180733 10 -2350.5247432194747
sc1i 78013 14 -1603.7717847105698
IMiscsmB 657540 11 -1477.1871244049162
sc11nm 139896 6 -2357.954375314179
sc2e 640931 9 -7110.191958714342
IMisc2sm 721825 12 -1446.6762999944156
sc3iml 209715 15 -1699.8011012262402
IMisc 858658 12 -1469.6130363207867
sc21nm 37004 8 -2980.0857401081776
s2msm 899064 5 -3254.172157156113
sc3iemsm 908516 13 -17784.26277064844
sc3elsm 81218 11 -4842.17424334404
sc3iemlsm 831899 13 -1924.603357332657
sc3msm 814431 11 -4534.095663673385
sc3esm 121802 11 -18056.14980256848
sc2ielsm2 421361 14 -1416.1891654114131
IMi 786586 11 -1602.7825448953918
s2mismB 367269 8 -1683.7617915456926
IMisc2 808045 14 -1497.491199943665
sc3iesm 79357 13 -11203.434931811202
sc3el 993887 12 -4484.987437780859
sc1 930652 9 -2749.6370149167487
sc12imlsm2 920629 16 -1396.0922201139274
sc1ns 516009 3 -6777.040170265037
sc2ns 61685 5 -6778.51228569187
sc3ns 264423 7 -6482.500548718214
IMns 429800 4 -6588.230636963359
sc11nm 960991 6 -14053.130497106322
s2m 987154 6 -1778.4614159039706
sc21nm 172761 8 -2113.9301737846795
sc11 225409 8 -1752.948255747215
sc1nm 246374 4 -2259.4293248986396
sc1esm 178048 6 -6388.695460188132
IMscnm 473527 7 -2259.717519068172
IMnm 374961 6 -2256.7077892912216
sc2el 640052 9 -1522.2075298397267
sc11sm 830438 7 -1845.9327405390059
sc12nm 175927 9 -13924.4087977317
sc2elsm 304083 8 -1900.9840360670028
IMscns 284477 5 -6588.1699372581315
sc1lsm 387351 6 -1846.1229373332835
sc1sm1 367419 8 -1779.5801743978764
sc2sm2 509180 10 -1830.278561939103
sc3nm 306989 10 -2284.2733373266396
sc1 38984 9 -1850.4840769307539
sc1l 300666 7 -1814.8357639129883
sc2 398554 11 -2338.0416721505803
sc1iesm 88702 8 -25392.794184824485
sc3e 801435 12 -20446.887486512587
sc1ilsm 151154 8 -1703.1413837988182
sc1ie 677609 10 -12382.980338275516
sc3l 369006 12 -2462.098691143463
sc3lsm 602243 11 -1836.9727629487952
sc3ml 139414 12 -1787.7283611286643
sc12ilsm 477487 12 -8355.717027748587
sc3el 444222 12 -2338.2034758065947
sc2ilsm 770731 10 -1554.0972268073272
sc1sm2 116060 8 -1795.5764454079986
sc2e 391974 9 -9232.624584501038
sc2iesm 995154 10 -19992.29208133013
sc3mlsm 81717 11 -1569.7232301529764
sc12imsm 43621 12 -23514.94880009729
sc1ielsm1 341700 12 -1543.3027403923707
sc3ml2 13762 14 -1749.9026300046603
sc12il 892160 14 -9170.254895146147
sc12imlsm 524428 12 -5149.053174215435
sc2ielsm2 685376 14 -1391.5562136113113
sc1e 314159 7 -12618.858313653467
sc3em 135776 12 -2090.979841580768
sc2iel 953168 12 -1431.8100018584169
sc2il 555429 12 -2236.526857463487
sc1il 544913 10 -1528.8277960907994
IMsm 339189 7 -2421.216598511835
IMscsm 17170 8 -1612.2429058758532
sc2ielsm1 319055 14 -1518.0894024942004
sc3ie 544897 15 -30133.499783601794
sc3imsm 507550 13 -3834.836135295881
sc12imlsm1 139407 16 -5086.18576890305
sc3ilsm 924613 13 -1471.4678893991813
sc12im 940296 14 -16263.165107443712
sc12imlsm2 586414 16 -1830.3646101132194
sc1ielsm2 366527 12 -1509.7387113598058
sc3iemlsm 624893 13 -2813.137930042315
sc3iml 188961 15 -6729.725212754212
sc3ielsm 6654 13 -5520.1602029546175
sc3il 25343 15 -1474.5578999356508
sc3iel 63109 15 -1978.9023335518114
IMsc 294245 9 -1525.6862427101855
sc3iemsm 463950 13 -13304.365210109185
sc3iem 976153 15 -5384.614497577996
sc3imlsm 554231 13 -1746.1053751889726
IM 111909 8 -1783.4105343163155
sc3ielsm2 120615 17 -2026.2830285153022
sc3imlsm2 93212 17 -1739.120593655005
sc3msm 462089 11 -5187.057664296452
sc3imlsm1 950261 17 -1527.7186738638734
sc3iemsm2 261966 17 -11519.489759490905
sc2esm 352742 8 -9595.80971491804
sc3im 519138 15 -4724.113207369109
sc1i 249880 14 -2108.6568681889444
sc3ielsm1 172970 17 -1389.729877558725
sc3iemsm1 107426 17 -2772.2937066432123
s2mi 14067 9 -1589.5403645783986
sc12iml 499211 14 -1604.110983500583
sc2ie 43961 12 -23071.51246259913
sc3emsm 558463 11 -3813.054290941715
IMism 237252 9 -1544.9179069926304
sc3esm 958109 11 -29350.398536759356
sc2ielsm 703554 10 -1794.0747401796207
sc3eml 241126 12 -2141.7627269517993
IMsc2sm 507660 10 -1589.3341608064716
sc3m 854694 12 -9789.212541882542
sc3el2 249523 14 -1671.6777873464823
IMiscsm 384919 10 -3380.4326133998757
IMiscsmB 328198 11 -5864.852947148942
IMi 35735 11 -3566.149342082822
s2mismB 872628 8 -4669.914906925458
sc3iesm 325605 13 -25312.801301753134
sc2i 186829 16 -1594.4145467996364
IMisc 933736 12 -2439.264623448601
IMisc2 889091 14 -1425.2424948036328
s2msm 478408 5 -2884.3278616603557
IMsc2 661372 11 -3675.3524904975266
sc2lsm 985882 8 -2141.2174703932606
sc2sm1 945288 10 -3799.237289330509
sc3ieml 474945 15 -1445.23576174072
sc3emlsm 590831 11 -1973.4999133655454
IMisc2sm 836991 12 -5460.584712058141
sc3elsm 863150 11 -3456.179729126403
