sc2ns 671147 5 -6487.74381145965
sc1ns 843590 3 -6401.156593881218
IMns 726753 4 -6237.59211458425
sc3ns 577891 7 -6155.736480312084
IMscns 362713 5 -6237.642338932945
s2m 552247 6 -1725.522729538137
sc21nm 18605 8 -3892.34192266805
sc11nm 635334 6 -1638.4953865439018
sc1e 961967 7 -7747.580498169657
sc2esm 265472 8 -1513.9492506280144
IMnm 623494 6 -2218.6699544687995
sc11sm 639493 7 -2351.339709251909
sc2el 861707 9 -1490.587083560612
sc1nm 95584 4 -2223.4979044189568
sc1sm1 495324 8 -5291.929772934865
sc11 461221 8 -1524.0443742066334
IMscnm 620463 7 -2231.137811349774
sc1lsm 760757 6 -1803.3196367898204
sc2elsm 552782 8 -1585.6987105778187
sc2sm2 775189 10 -1481.2804002869416
sc1sm2 796751 8 -1927.8912267500361
sc3nm 343708 10 -3130.091644791316
sc2lsm 879437 8 -1696.0350306984903
sc3mlsm 445118 11 -1553.7880657171436
sc1l 993270 7 -1715.4644743763622
sc1 420148 9 -1718.3668803803073
sc3lsm 265515 11 -1636.9990423499605
sc2 540198 11 -4491.26592913952
sc3ml 916720 12 -1698.541624492791
sc1esm 686189 6 -2223.4921643366133
sc1il 411138 10 -1497.2309301171895
sc3ml2 952760 14 -1458.8046887674357
sc1ilsm 288723 8 -1654.489878516703
sc3em 555929 12 -1520.7869978475544
sc2ielsm 322002 10 -1483.90283959955
sc2ilsm 709720 10 -2572.6774335567716
sc3emlsm 864412 11 -1818.0818114658312
sc12im 591627 14 -16748.1476632012
sc1iesm 610831 8 -20329.23897738167
sc2l 624959 9 -1558.2287485147067
sc12iml 172514 14 -1370.0572158980249
sc12imsm 949804 12 -1413.480553872399
sc2iel 848409 12 -5838.22741944943
sc1ielsm1 5239 12 -2349.0945601204216
sc12ilsm 187728 12 -1506.0227442121936
sc3imsm 949148 13 -5657.9513544529955
sc12nm 744763 9 -4047.738177773302
sc12imlsm1 6814 16 -4391.480318756489
sc3iem 886454 15 -13698.01137491285
sc1i 10790 14 -1752.4109413546353
sc3ilsm 190308 13 -1570.1040662003584
sc2ielsm2 262549 14 -1441.2284032707441
sc2ielsm1 338346 14 -1404.4131250232992
sc3il 141938 15 -1425.0522891976848
sc12il 832347 14 -3282.415784983541
IMsm 970794 7 -3181.504678201275
sc3ielsm 312690 13 -7740.576615784568
sc3l 567267 12 -2038.8078172939158
sc2i 585915 16 -1704.1747761943002
sc3ieml 503658 15 -11012.151640707572
sc3msm 957527 11 -5659.287855488417
sc3iemlsm 840614 13 -1645.665586034608
sc3im 332676 15 -8518.477241902212
sc3ielsm1 802010 17 -6024.359866636455
sc12imlsm 418386 12 -1807.6450497169726
sc3imlsm 875139 13 -1508.7065799894879
sc2e 323892 9 -5990.494927020684
sc3imlsm1 361145 17 -1379.6533619940922
sc3iel 626111 15 -1639.9565423401823
IMscsm 763854 8 -1617.4297003829524
IMsc2sm 250547 10 -1563.4704035799675
sc3el2 33037 14 -1495.6697850312908
IMsc 555149 9 -4673.609434784281
sc2ie 412568 12 -9275.51133195319
IMism 924117 9 -1732.4772613247583
sc3iemsm2 365436 17 -8971.132214961968
IMisc 564857 12 -5948.013105227304
IMi 724058 11 -3989.4099818216846
sc3iml 761539 15 -1834.0222128551043
s2msm 578601 5 -1803.049814842872
sc3iemsm 627009 13 -5783.435608206294
IMisc2 112815 14 -1390.252636256152
sc2sm1 712907 10 -1531.9973007462395
s2mismB 60731 8 -1823.7148694312398
IMisc2sm 902690 12 -4446.751893865319
sc1ielsm2 927689 12 -1488.1550070664266
sc3iesm 550478 13 -4624.44716566342
sc3iemsm1 174331 17 -6151.869944204625
IMiscsm 758267 10 -2061.1070755222554
sc3elsm 488032 11 -1983.706786348498
sc3m 839830 12 -4183.9083955354745
sc1ie 973916 10 -5631.620886378095
sc3ie 12542 15 -5117.991925862635
sc3esm 517432 11 -6506.017092852891
sc3em2 967479 14 -12543.251196501202
IMsc2 833762 11 -1913.701430762117
IM 206618 8 -2046.7370182398686
s2mi 749311 9 -1643.9388233772588
sc3imlsm2 846633 17 -1431.0185696413319
sc2iesm 179576 10 -2208.6925153125676
sc3el 160970 12 -2071.791274860936
IMiscsmB 873775 11 -1495.6755388631268
sc12imlsm2 290603 16 -4485.2535065614375
sc2ns 551015 5 -9254.320710348142
sc1ns 108120 3 -6401.189503272216
IMns 487671 4 -6237.644908698603
sc1nm 519969 4 -2223.4912789519867
sc3ns 870385 7 -9090.25715390318
sc11nm 820556 6 -1596.2431106496033
sc21nm 154424 8 -3788.213005562419
IMscns 386987 5 -6237.930173288588
sc1esm 727781 6 -1719.8344934841962
sc11 74910 8 -1524.0458657835793
sc2el 777643 9 -1490.535244908845
sc12nm 92224 9 -2457.4193476125106
sc11sm 894765 7 -1550.6150149063535
sc1sm2 167378 8 -1823.4015001651528
sc2sm2 293407 10 -5284.603518895591
IMscnm 665012 7 -2312.236715946091
s2m 879041 6 -1719.8233927334986
sc1l 856817 7 -1715.4885241852458
sc2sm1 19943 10 -2476.8107788950724
IMnm 647524 6 -2218.2507033218835
sc2elsm 298653 8 -2052.6270933098253
sc3mlsm 660096 11 -1553.8175919195023
sc1ilsm 260825 8 -10281.872438300135
sc2lsm 835950 8 -1696.0348385198417
sc3nm 718073 10 -5699.019554749034
sc1lsm 535490 6 -1803.1174213803522
sc1il 408247 10 -1571.627510057714
sc3lsm 748395 11 -1776.8439069599012
sc3ml 477006 12 -1459.1555305681936
sc2 418770 11 -2111.1869754810773
sc3ml2 51251 14 -1449.547238752998
sc12ilsm 320520 12 -1374.0529722991566
sc12imsm 226887 12 -11592.471828559159
sc2iesm 926604 10 -4902.481306527056
sc3msm 372398 11 -4880.979851006116
sc2ielsm 564487 10 -1470.173373334732
sc3emlsm 490541 11 -1788.9186622062468
sc2ie 674925 12 -22909.344185921564
sc2esm 422301 8 -4854.902016664161
sc3elsm 752234 11 -1649.2950969154545
sc3em 44293 12 -1624.2466476871086
sc2ilsm 848981 10 -1804.260602891994
sc2il 776059 12 -2647.024504535503
sc1sm1 669121 8 -1715.460946610338
sc3esm 360441 11 -14232.666230798914
sc2iel 707846 12 -2204.522979544191
sc1e 821926 7 -1598.9382517455654
sc1ielsm2 656197 12 -6859.126954782517
sc3ilsm 413002 13 -10973.17142593615
sc12im 621408 14 -2243.273518884933
sc12il 563861 14 -1535.3815305904564
sc3eml 825069 12 -1459.4719594934595
sc2ielsm1 911447 14 -7302.67597657866
sc12imlsm2 5939 16 -1469.4199283217483
sc12imlsm 82833 12 -1593.5670070424735
sc1iesm 445264 8 -1584.8651451551598
sc1i 167989 14 -1769.5015720512104
sc3ielsm 542053 13 -6135.353912297838
sc3imlsm 78511 13 -1450.0378092227188
sc3ie 49073 15 -18028.854069371413
sc3il 464924 15 -1480.6853046324502
sc3imsm 744153 13 -2368.432044792015
sc3e 824020 12 -5243.359454414353
sc1 493174 9 -1688.1273195168606
sc3iml 406933 15 -2234.390966390126
sc3imlsm1 173296 17 -1409.4194274818956
sc3iemlsm 882510 13 -1537.023369552492
sc12iml 497485 14 -1393.7420884752894
IMsc2 446456 11 -1875.649838204538
sc2ielsm2 720024 14 -1631.406662408563
sc3iel 419165 15 -1628.8126866002356
IMscsm 307859 8 -2235.488660916049
sc3ielsm1 865893 17 -1489.589455734747
sc3iemsm 819858 13 -2935.7189768245044
sc12imlsm1 941019 16 -1422.2149552760507
sc3ielsm2 787329 17 -1622.4413189209524
sc3imlsm2 699655 17 -1406.8899653056853
sc3ieml 746566 15 -1513.964335404523
IMism 564184 9 -1492.7835143474667
sc1ielsm1 339571 12 -1536.2831014451558
sc3iemsm2 321106 17 -3223.2710672979647
IMsm 787192 7 -1605.992281754508
sc1ie 568152 10 -11102.37724289711
sc3el 295830 12 -2430.1045002849983
IMiscsmB 950075 11 -1432.8698580375851
sc3im 944850 15 -3277.857589190533
sc2i 155370 16 -1426.0478390414696
sc3iemsm1 319904 17 -1593.6066958832916
sc3iem 242160 15 -4126.431178937192
sc3m 923646 12 -3231.4315993706414
IMiscsm 710232 10 -1832.8201734313016
sc3l 656292 12 -1508.721750081454
IMisc2sm 639091 12 -1459.3865181492263
IMisc 367413 12 -1625.0402909117017
s2msm 827751 5 -1803.0533478803848
sc3em2 568506 14 -5660.883014095652
IMi 894870 11 -1438.2083813775535
IMsc2sm 478900 10 -1620.9505520780706
s2mismB 796252 8 -1528.2043996551101
sc3iesm 410201 13 -16926.98493375184
IM 334961 8 -3016.896722171742
s2mi 878504 9 -1499.9829412617032
sc2e 723134 9 -10232.870162339914
IMsc 505250 9 -1560.264145077807
sc3el2 265938 14 -1559.2735286675186
IMscns 428097 5 -6237.599040352038
sc2ns 406475 5 -6401.196821611737
sc1ns 885972 3 -6401.15976178199
IMns 615836 4 -6513.853895365759
sc1nm 997887 4 -2223.4823551881204
IMnm 372770 6 -2218.377151264971
sc11nm 856907 6 -22060.41706319188
sc11 670531 8 -1524.0448254205594
sc3ns 464844 7 -6153.547152512694
sc11sm 521848 7 -1586.940822936855
s2m 681677 6 -1793.8290977489596
sc2lsm 491646 8 -2477.6429915998015
sc2l 855532 9 -1558.4335501174678
sc1lsm 647774 6 -1803.497586626003
sc12nm 486434 9 -2218.218164378089
sc1l 605084 7 -1808.5669535209734
sc2elsm 435509 8 -1553.8534869440614
IMscnm 175288 7 -2225.6879462963693
sc2el 425870 9 -1490.6191818690725
sc1sm2 437350 8 -3706.5746611466748
sc1esm 534907 6 -1677.2405361441083
sc2 8186 11 -3619.2207024904187
sc3nm 842746 10 -2233.818381611398
sc1e 382283 7 -1598.9128314608306
sc1sm1 484747 8 -2704.980220702323
sc3mlsm 167143 11 -2945.8939127049307
sc2sm2 377545 10 -1662.590861066901
sc1 666100 9 -1904.0699246830836
sc3lsm 132560 11 -1644.418664876736
sc2sm1 272036 10 -1471.6538876848908
sc3l 51093 12 -1760.1305039235885
sc3emlsm 519611 11 -2525.3441123455814
sc2il 245694 12 -15904.810339936419
sc2ilsm 373642 10 -2083.9372593487115
sc21nm 346382 8 -2261.233384568751
sc3el2 15951 14 -1553.9491124815013
sc3eml 716746 12 -1464.3508680953282
sc2iel 725539 12 -1389.8535073255853
sc2ielsm 77466 10 -2550.4613473397667
sc1ielsm1 596491 12 -1644.842872824239
sc1ilsm 28478 8 -1648.743406549078
sc1ielsm2 387719 12 -2411.4409753898453
sc1il 288567 10 -1987.64549410029
sc12iml 936237 14 -1376.9277345553191
sc3imsm 204741 13 -6754.67475572968
sc12im 416553 14 -22301.863167125044
sc12imlsm 931134 12 -1446.5490116414694
sc1ie 916615 10 -14620.193846668742
sc12ilsm 495025 12 -2936.4718334814784
sc1iesm 220866 8 -7261.323470373069
sc2iesm 827100 10 -2188.0389384585324
sc12il 688689 14 -1459.4870130281943
sc3iemlsm 727833 13 -14856.762971860651
sc12imlsm2 129890 16 -2531.803322858442
sc2ielsm1 984040 14 -1644.9407421967499
sc3iesm 470667 13 -12586.764486416929
sc2ielsm2 661851 14 -1648.4826902147167
sc1i 575917 14 -1549.111680648396
sc3iml 923373 15 -1414.8899151916771
sc3iel 967137 15 -14148.92651714948
sc2i 931398 16 -6280.7322783580385
IMscsm 583329 8 -1592.168954515757
sc3il 785979 15 -1446.5369327058088
sc3ielsm 750262 13 -2291.6861676201743
sc3ilsm 449948 13 -3602.6219077475935
sc3ie 525986 15 -12911.658123321475
sc3el 108530 12 -2013.6270945257907
sc3im 594865 15 -13554.17007634965
sc2esm 821259 8 -13335.570991799988
sc3iemsm1 404583 17 -15464.072473596176
sc3iemsm2 102135 17 -14672.911745786218
sc3ielsm1 214386 17 -3008.7030997117563
sc3imlsm 357236 13 -1511.8281418249826
sc3ielsm2 768683 17 -1408.5677741272948
IMsc2 297729 11 -1610.4596967665666
sc3m 563150 12 -12831.404338768936
sc3imlsm1 138050 17 -1523.537318284041
IM 13037 8 -1536.6258332924517
IMsc 649161 9 -1743.81882025884
sc3iem 384483 15 -26377.299551113603
sc3em 159215 12 -1649.2455413207595
s2mi 171364 9 -3083.130437279634
sc3ml 85893 12 -1539.6191551478178
IMiscsmB 934725 11 -1448.441004246284
IMsm 626046 7 -1624.4309705109997
sc3em2 119497 14 -6813.665803640792
sc12imlsm1 885502 16 -2278.780254545816
sc2e 276177 9 -5200.70471735396
sc3ieml 495374 15 -1467.3635065291132
sc3emsm 556793 11 -9268.2378974521
IMisc2sm 26909 12 -1426.1930852877176
sc2ie 679189 12 -6838.916490109676
sc12imsm 345671 12 -5587.597852142938
IMisc 663828 12 -1571.006236985479
IMism 810071 9 -1492.7829900067588
s2msm 152303 5 -1803.0506525979213
sc3e 440233 12 -10086.195719166153
IMi 818291 11 -1430.7400751647067
sc3elsm 589595 11 -7642.597085909919
sc3msm 443269 11 -9353.858902200845
s2mismB 606508 8 -1572.0947486930281
IMisc2 808949 14 -1423.367695641574
IMiscsm 628740 10 -2809.880315197828
sc3ml2 119022 14 -2257.4326941874015
sc3esm 839016 11 -13290.684175922881
sc3imlsm2 729579 17 -1521.695545891784
sc3iemsm 232223 13 -7177.92266631715
IMsc2sm 895198 10 -1630.9374826422918
