sc1ns 123604 3 -6918.244714479622
sc2ns 686951 5 -6819.644264259008
sc3ns 402755 7 -6942.017370808496
IMns 601205 4 -6740.229214674663
sc11nm 595248 6 -3880.558836449093
sc11 495679 8 -1792.4639081757427
sc1l 969759 7 -1786.830289239148
IMscnm 20270 7 -2354.623861532697
sc11sm 316295 7 -1996.7353572215823
sc1nm 563430 4 -2356.2246099262456
sc2esm 983547 8 -5995.272721837687
sc1sm1 568035 8 -2606.9918571982707
sc2lsm 764823 8 -2196.2917607993995
sc1 523243 9 -2327.732002766412
sc1esm 185745 6 -9366.164746047252
sc2el 276324 9 -2170.9501797075745
sc1lsm 211720 6 -1881.6563682443552
sc2sm1 218972 10 -1508.8793901018403
sc12nm 667282 9 -2808.355703926026
sc3nm 758277 10 -9469.553315220583
sc2sm2 39004 10 -2076.253101853994
sc3l 625220 12 -1913.38146404616
sc1sm2 648559 8 -1855.6217872576162
sc21nm 397549 8 -5884.68267654326
IMnm 391394 6 -2353.419759619921
sc3elsm 157958 11 -1861.3667869310723
sc3msm 370666 11 -5276.443092518694
sc3m 207496 12 -10256.505357449383
sc1il 368428 10 -1695.6875257469717
s2m 251301 6 -1790.8698216919151
sc2ilsm 31338 10 -1550.3181144895434
sc3eml 76390 12 -1505.8568101449273
sc3el 22279 12 -2964.4878723730026
sc2l 875216 9 -2850.2444753399855
sc1iesm 118653 8 -2607.6223962168096
sc3em 537050 12 -1567.2782771909106
IMscns 295148 5 -9856.515589598677
sc3em2 341970 14 -5035.259897749779
sc12imlsm 378489 12 -1417.9571851459832
sc2il 722863 12 -4979.42419365439
sc2iel 683862 12 -3551.1679806467446
sc1ilsm 680140 8 -1699.1742603038974
sc12il 120120 14 -1413.0854273307023
sc2ielsm 357956 10 -1460.8193886425638
sc1ielsm2 587453 12 -8721.413478526025
sc3iesm 30660 13 -29672.98999127521
sc2ielsm2 748447 14 -1419.5430601297448
sc12imsm 828036 12 -13573.18110922842
sc3imlsm 26575 13 -1471.351425462362
sc2e 989624 9 -3371.0885874846517
sc12ilsm 626941 12 -1550.9074724349011
sc3esm 945014 11 -11468.897015980108
sc2i 881919 16 -1416.7092431758938
sc3ielsm 237052 13 -1637.031312561861
sc2ielsm1 608995 14 -1475.6345607480403
sc12imlsm1 232453 16 -1923.205134412743
IMsm 803815 7 -2249.1153467828767
sc12imlsm2 612816 16 -1434.3238066779236
sc12iml 35187 14 -1479.2160747027528
sc3iel 333575 15 -1475.7582671700247
sc3il 377342 15 -1482.8847498033074
sc3iemsm1 662192 17 -24962.38731059093
IMscsm 255017 8 -4976.440798227987
sc3iemlsm 788232 13 -1495.3083846792879
sc3iemsm2 960295 17 -10831.565945664019
sc2iesm 112463 10 -7764.828760049205
sc3ilsm 821824 13 -1952.1299827895657
IMsc 26944 9 -1706.8109909671173
sc3ielsm1 101194 17 -3130.045318226803
IMsc2sm 876734 10 -5094.674269900723
sc3ielsm2 296309 17 -1487.0135315861444
sc3iml 529509 15 -1445.2835549357928
sc3imlsm2 808961 17 -1521.8236404211864
sc3iemsm 582700 13 -23020.221331141773
sc2elsm 315569 8 -2691.5661111205045
sc3imsm 882102 13 -4177.441164830468
sc12im 621259 14 -13224.43510641891
sc3ml2 570180 14 -5879.747660568912
IMiscsm 68889 10 -1493.8664214190226
IMism 542096 9 -1571.5764837067993
sc3iem 175056 15 -1534.045458010677
IMi 398733 11 -1523.2237665906878
s2mismB 316067 8 -3305.706931988913
IMisc 948664 12 -1467.6234775362477
s2msm 696143 5 -1881.5740942325488
sc3ml 888414 12 -2595.716568310685
sc1i 710521 14 -1499.177779900354
sc1ie 726087 10 -29263.541067200407
IMiscsmB 113550 11 -1567.7335189842358
IM 448086 8 -1588.2398799684956
IMisc2 802283 14 -1452.467811116935
sc3im 827804 15 -4808.432896627727
IMisc2sm 568167 12 -2842.8934231226262
s2mi 78903 9 -1554.8333541165257
sc2ie 705184 12 -17071.863585373798
IMsc2 354809 11 -2704.433897537545
sc2 388482 11 -1973.5313647177368
sc3imlsm1 794171 17 -1748.4837015560554
sc1e 693059 7 -5600.885851457506
sc3emlsm 983243 11 -3708.7043027420195
sc3e 254062 12 -32820.127739481635
sc3emsm 290135 11 -10398.751514051528
sc3el2 381507 14 -2306.83013494192
sc3ie 45344 15 -5042.998821187993
sc3lsm 359268 11 -4084.8830760370442
IMns 641920 4 -6740.555579371694
sc1ns 381159 3 -6918.244794381503
sc2ns 656429 5 -6650.265179309981
sc1nm 624198 4 -2356.256683647385
sc3ns 43172 7 -6649.332570959463
IMscns 384114 5 -6741.121352617509
sc11nm 945725 6 -1677.5775102977623
s2m 436887 6 -4183.1792324020025
sc11sm 90184 7 -1627.2280992015403
sc1sm1 494103 8 -3636.027104865138
sc2e 809934 9 -17745.667895788258
sc12nm 270189 9 -21778.864805168807
sc2sm1 653497 10 -1509.1933034223389
sc3nm 115715 10 -2353.4751085386097
sc1sm2 851507 8 -1807.6408252737695
IMnm 74588 6 -2354.6661241785714
sc1iesm 789143 8 -16898.28770383503
sc1l 560407 7 -1783.828860442748
sc11 979813 8 -2113.653441286185
sc1ilsm 798162 8 -9886.963396205885
sc2el 516649 9 -1541.74453918894
IMscnm 774227 7 -2363.5976432514985
sc3msm 919611 11 -12849.44318117024
sc2 797661 11 -2301.2478404236736
sc1 481396 9 -1808.060412298967
sc2lsm 219191 8 -1764.4437439765352
sc2elsm 935939 8 -1614.3557518517327
sc2sm2 658045 10 -1875.095901463392
sc3l 232544 12 -1538.8954563465704
sc3ml2 261780 14 -6240.708980593528
sc1il 172090 10 -1548.443172883707
sc21nm 864707 8 -1808.2043318850651
sc3emlsm 788719 11 -2302.426453982727
sc1lsm 454283 6 -1881.666008815032
sc2ielsm 519988 10 -1458.71379143899
sc3mlsm 505698 11 -2247.0575187251816
sc3e 856918 12 -23403.861570192978
sc3ml 518976 12 -1555.1934884513762
sc3el 115541 12 -1739.0547866260722
sc12imsm 960443 12 -18414.63662786826
sc3eml 311545 12 -1662.134013339038
sc3em 171631 12 -1857.3458156758998
sc12ilsm 963147 12 -5055.57163068035
sc1esm 907039 6 -1737.79198463601
sc2il 437409 12 -1701.0256901001426
sc2ilsm 717015 10 -1550.3175592515709
sc1e 81300 7 -1962.0604773418165
sc12imlsm 951764 12 -4267.494088836696
sc2iel 408203 12 -3147.4804224779477
sc12im 291080 14 -8818.869193265215
sc1ielsm1 871527 12 -1696.1214868290845
sc3el2 498047 14 -2855.5693465699164
sc3iesm 118244 13 -23135.164042697674
sc1i 921800 14 -1713.3752679826785
sc3ilsm 592944 13 -1945.3346446943926
sc12il 933136 14 -1512.553107007942
sc3imlsm 27262 13 -5541.747709938526
sc3iemlsm 378395 13 -1466.695966168528
sc2ielsm2 203767 14 -1486.5503285522884
sc3iemsm 489352 13 -9072.076266825294
sc2l 677598 9 -2988.615991354891
sc1ielsm2 924424 12 -1680.6723124749633
sc3ie 877592 15 -9787.930532422062
sc3imlsm2 997427 17 -3627.8371816175622
sc3iml 92044 15 -9358.810794734518
sc3ielsm 2209 13 -1621.4510514720196
sc3iel 32082 15 -3614.7088729743673
sc12imlsm1 938915 16 -1435.8726644999495
sc3iemsm2 356363 17 -2564.0045357096865
sc3il 615736 15 -1531.6888995821205
IMsc2sm 309258 10 -1626.647913213755
IMsc 266370 9 -1676.7917655210863
sc2esm 874883 8 -9023.373115357945
IMsc2 188145 11 -4051.103939640801
IM 566773 8 -1618.5513821972072
sc12imlsm2 554168 16 -1642.6503310144026
sc2i 40815 16 -1514.4893180664071
IMsm 170374 7 -1686.000417563481
sc3emsm 624418 11 -11052.124209947197
IMscsm 309094 8 -3269.0825956617273
s2mi 609958 9 -1695.528795644686
sc2ielsm1 190546 14 -1634.427005270523
sc3imsm 314340 13 -2123.128717571247
IMism 977980 9 -1544.4332180691524
sc3iemsm1 479786 17 -8088.9404946877785
sc3m 353326 12 -3740.2747242111336
IMiscsm 339117 10 -1496.3000933812434
IMisc 931389 12 -1467.7798402283506
IMiscsmB 886236 11 -1490.2983794737445
sc2iesm 851108 10 -5742.140756159851
sc1ie 22855 10 -27763.52305971781
s2msm 884802 5 -1881.5782211993978
IMisc2 677059 14 -3842.8817105781536
IMisc2sm 215615 12 -1699.195895016734
sc12iml 902812 14 -1924.4548401238562
IMi 90567 11 -1475.001737302976
s2mismB 435722 8 -1654.103069076313
sc3elsm 732446 11 -2506.8840586237307
sc3esm 333636 11 -16943.84850711542
sc3ielsm1 884633 17 -2339.7425116074724
sc3ielsm2 952568 17 -2100.4529220946933
sc3iem 899850 15 -3256.3995840523066
sc3imlsm1 73182 17 -3227.358918291623
sc3ieml 224379 15 -3168.2780301821613
sc3em2 760357 14 -8150.158487953343
sc3lsm 893861 11 -2277.5448331162843
sc2ie 610334 12 -4432.3572498344
sc3im 545191 15 -6037.952666994564
sc2ns 733372 5 -6918.298111312115
sc1ns 937930 3 -6918.250110433541
sc3ns 526667 7 -6929.402546956085
sc11sm 751895 7 -1626.9330734483665
sc11nm 762184 6 -1677.5890367550514
sc1l 958531 7 -1790.6479088291217
sc21nm 130656 8 -1677.4941511315542
sc2lsm 929710 8 -1764.4449188081553
sc1nm 806271 4 -2356.233880698454
sc1e 74975 7 -5059.474814626679
IMscnm 999191 7 -2357.1748776944432
sc2l 189800 9 -1614.9429747584918
IMnm 902058 6 -2353.3931324785576
sc2e 33580 9 -3638.7748597580307
sc1lsm 727288 6 -1881.6434869267448
IMns 620604 4 -6741.743697789292
s2m 865918 6 -1790.9376948772217
sc12nm 803770 9 -14611.214220306083
sc1sm1 906537 8 -2534.993824444196
sc2sm2 452299 10 -1520.3296266596249
sc2el 724027 9 -2251.3030970383534
sc1 328565 9 -1811.7493760270977
sc11 891924 8 -1888.3883764322727
sc2sm1 253956 10 -1515.6189823794193
sc2elsm 126757 8 -1899.6163062826747
sc3msm 922398 11 -2849.2071670915143
sc1ilsm 944103 8 -1699.1104338937023
sc1iesm 790321 8 -7244.118469611087
sc3nm 79508 10 -2359.510632900337
sc3el 646448 12 -1527.5574359361144
sc2ilsm 674301 10 -11929.945979360506
sc3mlsm 741655 11 -2106.0544777180116
sc12ilsm 419041 12 -1422.8133584512575
sc1il 461207 10 -1548.759603929907
sc2iesm 139444 10 -7529.96094625706
sc1ielsm1 629491 12 -2931.4740657993907
sc2iel 244150 12 -1454.9365557316212
sc2il 272298 12 -1526.5147725133656
sc2ielsm2 312513 14 -3846.8640505615867
sc2esm 899449 8 -11180.153282386333
sc12imlsm 45921 12 -1439.8863626448583
sc3em 828321 12 -5402.059980214868
sc12il 972986 14 -1492.1145463596467
sc2i 123012 16 -1412.7647389786248
sc2ielsm 214474 10 -1714.865933026832
sc1ielsm2 805940 12 -1718.7293597442267
sc12iml 455475 14 -1453.7824305921472
sc3imlsm 368878 13 -2128.6018961218997
sc3ielsm 311608 13 -1469.0920290790314
sc3ilsm 805932 13 -1860.1471493877932
sc1i 987068 14 -1616.9927793545703
sc3imsm 658085 13 -3945.1441330433845
sc3iel 933193 15 -1473.4689343083617
sc3iemsm 727536 13 -25332.692079436853
sc12imsm 552420 12 -6498.486986680046
sc3m 294492 12 -16461.661250597386
IMsm 967689 7 -3052.232565797275
sc12imlsm2 479499 16 -1429.8682384677386
sc3ml 621968 12 -1796.465612532523
sc3imlsm2 358711 17 -1421.9897479059528
sc3iemlsm 368071 13 -1535.8094207438444
sc3el2 181875 14 -1899.128580835035
sc3imlsm1 945050 17 -1431.4944934043183
sc1esm 625108 6 -1737.7930618257637
sc3eml 939607 12 -2282.729590576607
sc2ielsm1 606842 14 -1508.4536352159676
sc3ieml 918045 15 -2679.4288530196764
IMscsm 665744 8 -6129.732273587736
sc3ielsm1 269227 17 -2159.5762986892832
sc3ielsm2 367783 17 -1566.318509785462
sc1sm2 361509 8 -1708.1075663781703
sc3ie 18436 15 -3228.4855797361915
sc3il 585848 15 -1513.0474087542832
sc3iesm 568840 13 -18663.859486047288
IMsc2 963606 11 -1507.6562989653737
IMsc 252474 9 -1544.767003609348
IM 974037 8 -1589.0273670506467
sc3em2 179982 14 -20595.920531529882
sc3iemsm2 939216 17 -3593.2630385837047
sc12imlsm1 734995 16 -1506.7349638265196
s2mi 232164 9 -1577.880346881566
sc3iem 671683 15 -7172.998493293437
sc3emsm 744396 11 -8500.371360782434
sc2ie 154144 12 -3015.8151455986076
sc3emlsm 23045 11 -2206.211441333844
sc3ml2 396380 14 -2042.4491479435233
sc3elsm 693849 11 -2964.7454405190197
IMscns 299821 5 -6744.670585888351
IMisc2sm 962833 12 -1461.659517073583
IMi 478802 11 -2396.4427467478445
IMism 949351 9 -2602.6625552682435
IMisc 308146 12 -10412.064338238652
sc3lsm 378984 11 -1887.768307412039
s2msm 339478 5 -1881.5868629366455
IMiscsmB 266470 11 -1478.8428236381246
sc3iml 762330 15 -1484.208012347217
sc3esm 80254 11 -17115.460466453755
s2mismB 111004 8 -1677.3322790392806
sc3im 485302 15 -30546.537376436907
sc1ie 387959 10 -2007.1615838606167
IMisc2 945247 14 -2007.964356668972
IMiscsm 976172 10 -1561.770181867908
sc2 963373 11 -2026.8475526461611
sc3l 376509 12 -1566.5292835439984
sc3iemsm1 699133 17 -21634.778862796767
sc3e 789205 12 -18051.089107701475
IMsc2sm 964918 10 -1696.378769849147
sc12im 336758 14 -5422.526209379928
