IMns 565077 4 -6793.573936714445
sc11nm 278841 6 -1685.2683235822262
sc2ns 487083 5 -6877.9083563607355
sc3ns 41690 7 -6964.171312271197
s2m 519725 6 -2101.8020429425324
IMscns 154451 5 -6793.639643206048
sc11sm 634566 7 -1898.3468400905529
IMnm 771017 6 -2384.016192191649
sc1nm 74881 4 -2392.830614569202
IMscnm 356600 7 -2388.434606078544
sc1esm 597922 6 -2929.2055925596005
sc11 490252 8 -2235.3204691735373
sc12nm 213493 9 -2390.983226103182
sc3nm 774185 10 -2368.6509743301567
sc2l 333301 9 -2488.3053006734967
sc1sm1 614577 8 -1916.7787668135354
sc1ns 655408 3 -9851.955206999506
sc1ilsm 78481 8 -1711.8267726502227
sc1l 722916 7 -2859.3115188422244
sc3lsm 418116 11 -2273.7622086228876
sc1sm2 611554 8 -1906.6061182434742
sc2elsm 878491 8 -1647.1853792542956
sc3elsm 895487 11 -1652.1102625234503
sc1iesm 985103 8 -4684.698427021751
sc3l 87919 12 -1578.7960261615683
sc1il 510660 10 -1702.4501252185419
sc3emlsm 38067 11 -1648.1835390998708
sc2iesm 236947 10 -21851.219491010153
sc3m 470401 12 -6718.866165108937
sc1ie 523195 10 -1559.7648335955391
sc2ielsm 309102 10 -1487.9041681715337
sc2ilsm 808434 10 -1981.035148243859
sc3el 876303 12 -2563.956621879638
sc2sm1 408655 10 -1588.3708881376374
sc21nm 895749 8 -1686.3250098764559
sc12ilsm 42827 12 -2008.7824727038865
sc3el2 921254 14 -1750.177911176105
sc1lsm 312575 6 -3517.057430498596
sc2ie 714319 12 -2288.092408064083
sc2il 183002 12 -2035.8475960764422
sc2iel 985751 12 -1569.5021533565146
sc12imlsm2 560623 16 -3039.0034562211445
sc12im 275920 14 -16008.442795321875
sc12il 670006 14 -1810.1907099976206
sc2e 681716 9 -9935.245431983329
sc3ml 256190 12 -2852.341492435227
sc12imlsm 855437 12 -1492.6547907234035
sc3eml 814565 12 -6093.9243879604655
sc3imsm 431874 13 -18177.729935902902
sc2el 254320 9 -1590.5490898084245
sc3iesm 595171 13 -12334.735740279997
sc3ie 636347 15 -21561.742865669916
sc2ielsm2 968763 14 -2034.237694219211
sc3ilsm 662749 13 -1553.189979486281
IM 787139 8 -2095.2789135502935
sc3iem 615732 15 -4626.033642273923
sc12iml 462092 14 -1692.0257301219021
sc3il 672671 15 -1929.4710059650815
sc2ielsm1 283743 14 -1930.1439371419824
sc12imlsm1 165630 16 -2052.5814100591906
sc1 838784 9 -1588.8429292772423
sc1i 584835 14 -1593.9694445336177
sc12imsm 390087 12 -10757.2682513459
sc3ielsm 517751 13 -1486.8754969125027
sc3iml 95096 15 -1709.1982753167244
sc3iemlsm 706015 13 -1599.86333182093
s2mi 135358 9 -10637.213111462026
sc3ielsm1 142612 17 -1798.7415081559723
sc1ielsm2 485898 12 -1516.3030183300339
sc3imlsm1 249282 17 -1509.5046003114353
sc3iel 559738 15 -1541.101507896019
sc2 240289 11 -1581.3493350136976
sc3ielsm2 450558 17 -1447.5212241751647
sc3imlsm2 160018 17 -1582.3494100444677
sc2lsm 705616 8 -7671.77978703687
sc3ieml 84735 15 -1496.3800839374712
sc3iemsm1 728358 17 -20471.60106207383
IMscsm 902252 8 -1678.5989192303784
IMsc2sm 349029 10 -1938.0550937095645
IMsc 285133 9 -1627.5329703508396
IMiscsm 267331 10 -6614.638631479347
sc1ielsm1 434928 12 -1719.1260559192413
sc3mlsm 311595 11 -1648.3645552911992
IMsm 447047 7 -1691.5628795966957
sc3iemsm2 616863 17 -67839.0506218514
IMism 390138 9 -1903.7349226697781
sc3em 212824 12 -1818.2066701958388
sc3esm 414253 11 -4502.508571114464
IMiscsmB 911753 11 -3165.883731789264
sc3imlsm 571299 13 -1879.4663419411324
sc3msm 979028 11 -2680.497272508431
sc3emsm 658185 11 -19394.51566272184
IMisc 928643 12 -3042.8902854477137
sc3em2 37554 14 -5695.083976657012
s2msm 95829 5 -1898.3037174385734
sc3ml2 508116 14 -2002.8044830476651
IMisc2 25840 14 -1480.7675902171993
sc1e 246662 7 -9783.654439936287
IMi 186869 11 -1502.108382520471
s2mismB 408705 8 -1682.2567581977087
sc3im 921552 15 -5468.178610859322
sc2i 948613 16 -2058.3453368048235
IMsc2 791665 11 -1684.8527804401224
sc3iemsm 411445 13 -5540.2848578961375
sc2sm2 143200 10 -4299.035164963803
IMisc2sm 426035 12 -1632.5085986900012
sc3e 12583 12 -14229.443705889815
sc2esm 110661 8 -6401.3697998235
sc1ns 245508 3 -6963.811971534973
IMns 131024 4 -6793.527141423808
IMscns 351798 5 -6793.657601690415
sc1nm 445262 4 -18990.211454557546
sc2ns 473645 5 -7351.80685057603
sc3ns 304992 7 -6964.521661468504
s2m 427682 6 -1795.867583601854
sc21nm 860537 8 -2008.7759107058237
sc11nm 522483 6 -1685.1576385946103
IMnm 654465 6 -7164.69215082739
sc11 115949 8 -1604.5164985202446
sc12nm 55993 9 -10834.759544205663
sc2el 361116 9 -1778.8516205284152
IMscnm 883924 7 -2398.0280310466605
sc1sm2 869710 8 -1895.773761513417
sc11sm 497096 7 -1641.1416298848976
sc2lsm 542549 8 -1779.2438183466684
sc1lsm 358373 6 -1898.5876326087528
sc3esm 451869 11 -20335.225025442593
sc3nm 166259 10 -2413.372486745231
sc2elsm 372858 8 -1647.1886245763067
sc2sm1 791745 10 -1536.3503000436071
sc2l 782311 9 -1646.630204006789
sc1l 392901 7 -1795.6526693065705
sc3lsm 858374 11 -5822.689141929859
sc3em 492079 12 -1544.4219175858623
sc2iesm 35523 10 -6430.706057265905
sc1il 84251 10 -4239.063685748448
sc1iesm 805820 8 -3631.9867251843707
sc1ilsm 184762 8 -1715.9956239829135
sc3mlsm 122034 11 -1763.5630612314062
sc2il 479849 12 -1561.3248622602528
sc3ml2 942730 14 -4164.00194481375
sc12imsm 321935 12 -15997.427669316772
sc3emsm 579748 11 -15164.03332304532
sc1ie 99222 10 -5761.53140383716
sc2ielsm 306289 10 -6178.519133223246
sc1 779674 9 -1613.930393856701
sc12ilsm 852391 12 -1612.8502617253732
sc3l 446134 12 -1682.386150874249
sc3el2 953861 14 -1558.2816593667349
sc3eml 211750 12 -1653.312761944582
sc2ilsm 549489 10 -2000.090896776659
sc12imlsm 829686 12 -1490.5734088878296
sc2esm 509344 8 -1710.3528493764634
sc1sm1 354404 8 -1732.5777036627119
sc2iel 163026 12 -1838.195182153544
sc2ie 237585 12 -3010.7901318473423
sc3el 377270 12 -1646.925237733768
sc12im 884356 14 -5231.2361022452205
sc3emlsm 761519 11 -1996.7798538505895
sc3iesm 972104 13 -10976.23100451518
sc3imlsm 19254 13 -1480.0412286688165
sc3iemlsm 718544 13 -1513.480685054907
sc1i 132300 14 -2034.6841525798407
sc3imsm 418351 13 -20054.679318906634
sc3il 328087 15 -1502.421937173759
sc2sm2 111719 10 -1571.243445329774
sc3ilsm 57920 13 -1557.9339289615157
IMscsm 331064 8 -1692.2363591480744
sc12il 236405 14 -1512.1240102936254
sc1ielsm2 414092 12 -1745.374821542675
sc3imlsm2 540307 17 -6612.88969801581
sc3ieml 740926 15 -1468.1304783360476
sc1ielsm1 176379 12 -1561.810698356429
sc3ie 90014 15 -13795.325343555834
sc2i 868125 16 -2089.5581130000437
sc3im 441522 15 -10882.4429125764
sc2e 28408 9 -3459.785022265086
sc12iml 832645 14 -1721.7218987522185
sc3iml 462098 15 -1622.8088238374776
sc3iel 7551 15 -1549.3312305593704
sc12imlsm1 918251 16 -1495.063055744689
sc3ielsm2 240390 17 -1492.7423172581725
IMsc 124299 9 -4710.344783451012
sc3iemsm1 286226 17 -15682.295504891661
sc12imlsm2 814476 16 -1665.3134732293636
IMsm 761795 7 -1691.6870906357185
sc3imlsm1 823832 17 -1666.1501036279137
sc2ielsm1 962637 14 -2284.110115046686
sc3iemsm 752595 13 -11276.351355099814
sc3ielsm1 171962 17 -1914.7109788796784
IMsc2sm 874118 10 -5289.801704032804
sc1e 52814 7 -1930.0228807293627
sc3ielsm 360472 13 -1768.7631280539106
sc2 334336 11 -2209.558690104426
sc1esm 887046 6 -20721.30983259948
sc3iem 616565 15 -15018.621911049253
IMism 874929 9 -2769.013879417211
sc3iemsm2 524621 17 -3738.0272234109907
IMiscsmB 87380 11 -1526.3315736474838
sc3msm 115754 11 -3376.8961570217148
sc3em2 605506 14 -4681.258559706999
IMiscsm 958618 10 -3250.1764833078523
sc2ielsm2 553051 14 -1525.727363475861
IMisc 894015 12 -1494.6665029003896
s2msm 605523 5 -1898.3068392884184
IMisc2sm 536311 12 -1582.581906870313
sc3ml 509043 12 -3914.5494082224795
IMisc2 719448 14 -1497.1172922523333
sc3m 398639 12 -3248.647323544719
IMi 342629 11 -3587.6503503642443
s2mismB 991870 8 -1799.41329212069
sc3elsm 628535 11 -2329.3051260946795
IM 315368 8 -1627.2825007115507
s2mi 852692 9 -1564.1173150475597
IMsc2 74839 11 -1815.277213022303
sc3e 363415 12 -13400.046767120077
sc3ns 219075 7 -6965.365729490208
sc1ns 250754 3 -6963.811450526397
IMns 947128 4 -6793.697489758821
IMscns 837510 5 -6793.5687935305705
sc11nm 491730 6 -8056.462064347246
sc21nm 970986 8 -1696.6399388989082
IMnm 249783 6 -2383.9824291415725
sc11 541658 8 -1604.4416054545982
sc2ns 869006 5 -6963.9865625863695
sc1e 356648 7 -9199.078181764178
sc1l 620366 7 -3075.7280611263177
sc1esm 385353 6 -9844.438744814815
sc11sm 311621 7 -1641.1518648936521
IMscnm 955218 7 -2385.746456924528
sc2l 137690 9 -2072.839904677854
sc2elsm 293152 8 -1647.1974212540604
sc1sm1 744989 8 -2001.3207511125015
sc1nm 437306 4 -2392.832078517422
sc2el 952865 9 -1577.7959059211662
sc2 468010 11 -1531.5975787052705
sc12nm 818422 9 -5790.768395019158
sc2sm1 578318 10 -1536.3381801231167
sc2lsm 389410 8 -1779.243883005015
sc2sm2 813057 10 -2424.9796825374674
sc1sm2 348528 8 -1776.3554617412385
sc1ilsm 619944 8 -1712.3296849990318
sc1lsm 695388 6 -1898.365806358105
s2m 581967 6 -1795.6490915418763
sc3nm 498791 10 -2394.3601175582844
sc1iesm 692632 8 -1810.7669969941398
sc3mlsm 803175 11 -2593.317865207797
sc3lsm 168569 11 -1812.3757711223577
sc3elsm 381125 11 -1747.8496157290733
sc2iesm 720016 10 -7991.607670039035
sc3el 804780 12 -1675.892748772028
sc12ilsm 658249 12 -1447.3939955538988
sc3l 278183 12 -1680.3156040761028
sc2il 747145 12 -3320.1903086601424
sc1ie 322938 10 -12533.261021796863
sc1ielsm2 81264 12 -4330.08328842361
sc2ielsm 479098 10 -1588.2272193296606
sc2ielsm1 690562 14 -1626.6167166687235
sc12il 989318 14 -1470.278645206238
sc2ielsm2 758851 14 -1449.1803003214116
sc2ilsm 505216 10 -1570.4512157850265
sc2ie 682745 12 -2355.627399800871
sc3el2 716164 14 -1644.3776686747112
sc3imlsm 289231 13 -1568.0240141552817
sc3iesm 259444 13 -10027.754319608013
sc3ie 665007 15 -48025.59954617347
sc3emsm 936375 11 -2267.1057340086936
sc1il 229861 10 -2349.04063897543
sc12imlsm1 843715 16 -1445.101098256408
sc3iemlsm 200921 13 -9966.75564539983
sc12iml 502390 14 -2101.709618757138
sc2iel 9698 12 -2410.9932045772043
sc3ielsm 246382 13 -1896.8953409711157
sc3iml 43163 15 -1478.3595492270433
sc12im 799673 14 -2796.113630169226
sc3imsm 756409 13 -2988.0180816572574
sc12imlsm2 712168 16 -1642.3278184300093
sc1ielsm1 848881 12 -1560.4386923866982
sc3ieml 312452 15 -1468.0215610924024
sc12imlsm 357323 12 -1518.3951198061475
sc3ilsm 814593 13 -2057.598419481816
sc3iem 277092 15 -14867.705735926891
sc3il 222752 15 -1714.6475314856848
sc3im 48117 15 -2708.573289230955
sc3iel 665577 15 -4019.0519955657664
sc3ielsm2 179122 17 -2409.102976324513
sc3emlsm 822447 11 -3516.2472194760585
sc1 41836 9 -2099.043806262875
sc3imlsm1 206718 17 -1564.7811772356558
sc3ielsm1 789853 17 -2845.185747327037
sc3iemsm2 276934 17 -5253.745477733863
IMsc2sm 675489 10 -3473.8524265283913
IMsc 314585 9 -1820.6362628648117
sc3esm 456081 11 -6147.415869951068
IM 312096 8 -1857.1975653311001
s2mi 767158 9 -1563.8387797626756
IMscsm 942213 8 -1678.5991450851304
IMsm 411714 7 -1691.5850734689773
sc1i 974632 14 -1498.6897170421714
sc3m 865142 12 -5472.307804893736
IMism 856132 9 -1573.600944606621
sc3iemsm1 194650 17 -11098.079526318023
sc12imsm 326175 12 -7036.367270296526
IMiscsm 922145 10 -2114.286225918839
IMiscsmB 773204 11 -2661.3647783343463
sc3imlsm2 303721 17 -2041.4193094417733
IMi 147630 11 -1585.5548442290594
s2mismB 263250 8 -1682.3975499404899
IMisc 847333 12 -1704.8595694346932
s2msm 556219 5 -1898.30513269609
sc3ml2 904852 14 -4096.85230383087
sc3msm 662906 11 -22251.22261076227
sc2esm 840274 8 -15098.328895223141
IMisc2sm 875243 12 -1664.1114140197142
sc3e 795188 12 -9885.229427054352
sc3ml 166815 12 -2049.5921711790224
sc3em 378936 12 -2388.300884766128
sc2e 689194 9 -8204.129061260888
sc3eml 819303 12 -2604.3760429216236
sc3em2 490423 14 -16658.796736009535
IMisc2 931902 14 -2269.8399441555807
sc3iemsm 612235 13 -11693.993205504787
sc2i 973564 16 -1674.8210628141642
