sc1ns 482209 3 -9519.963493422496
sc2ns 231833 5 -9521.65505712692
IMns 731307 4 -6553.741188595373
sc1nm 837273 4 -2285.4299744488894
sc11nm 158671 6 -11445.865846750825
sc11sm 138162 7 -3958.1864052696747
sc21nm 710493 8 -7212.8177367295475
sc2lsm 351248 8 -1740.2857156294185
s2m 95183 6 -1861.7243228000982
sc1l 632044 7 -2130.897955050466
IMnm 504750 6 -2280.8909439105073
sc1lsm 209921 6 -1849.6745559452484
sc11 614312 8 -1566.4688580907496
sc12nm 312148 9 -2389.2312348782843
sc2el 350320 9 -2106.0475080588867
IMscns 950106 5 -6553.737887679005
sc3msm 178705 11 -11429.95922347403
sc3ns 486349 7 -6475.127358925572
sc3nm 537921 10 -7582.415834383753
sc2l 288773 9 -1586.2046521237012
sc3lsm 941265 11 -1647.5361620335912
sc2elsm 39061 8 -1586.9693895907035
sc2 344983 11 -1758.2023855327802
sc2sm2 123754 10 -1519.5856664317996
sc2sm1 919699 10 -1601.2419406089448
sc1iesm 854959 8 -37022.050024125965
sc3esm 365150 11 -20929.553189785755
sc2ilsm 994203 10 -4002.380916802851
sc1esm 70133 6 -2284.7727420761
IMscnm 715517 7 -2281.005881228577
sc3eml 174186 12 -1484.3171743887763
sc1ilsm 620630 8 -1696.302991843938
sc3em2 708610 14 -7507.629001576757
sc3em 312325 12 -1512.5780847137826
sc3l 364722 12 -2237.1618450354053
sc3emlsm 809635 11 -1669.9420283863813
sc2ie 285413 12 -14975.202656959036
sc1sm1 334181 8 -1646.2873182017024
sc3el2 12069 14 -4034.051396036662
sc1il 228286 10 -1759.074000204733
sc12imsm 164496 12 -5537.440276940489
sc2il 718225 12 -1553.6269602173065
sc3emsm 498990 11 -4775.6956372387085
sc3el 447541 12 -2267.1643341835966
sc12imlsm 341485 12 -2905.9971855244207
sc12ilsm 187704 12 -3183.6811968643756
sc12iml 173142 14 -9852.02248127757
sc2ielsm2 634295 14 -9155.791231104236
sc2ielsm 224525 10 -1440.4380691125994
sc1 592745 9 -1552.021731528127
sc1i 782855 14 -2043.4390792640331
sc1sm2 458811 8 -1659.8945612828395
sc12im 528204 14 -18948.001894873407
sc1ielsm2 151931 12 -1530.5644836365827
sc12il 277214 14 -1911.1461388716027
sc3iesm 921299 13 -8231.186329271995
sc3ml2 807679 14 -1495.8583131740043
sc2esm 986124 8 -9601.778133303087
sc3im 32037 15 -3359.154382564874
sc2ielsm1 952477 14 -1862.779514407777
sc3il 50515 15 -1443.416640048513
sc3iemsm1 801221 17 -23882.350108865554
sc12imlsm2 435534 16 -1436.106242885628
IMsc 315940 9 -1522.4366672787733
sc3ie 9462 15 -19413.583721617477
sc3iel 298975 15 -6024.565969135818
sc3iemlsm 469595 13 -3281.9036837306667
sc2e 85564 9 -1842.0381507979619
sc3ielsm 900920 13 -1731.4035987307898
sc3iem 343145 15 -35556.40024741733
IMsc2sm 139405 10 -1597.287482079763
sc3iml 198161 15 -1433.6385967999859
sc3imlsm 928430 13 -1889.2232405921532
sc3ielsm2 735700 17 -7622.36642994119
sc2i 939838 16 -1429.489005597246
sc3ielsm1 533917 17 -1546.1803642935424
sc3elsm 827340 11 -4801.217315675482
IMsm 576295 7 -1641.6247931649405
sc3ieml 249205 15 -2727.6572461013966
sc3ml 221210 12 -1552.0960303665572
IMscsm 568802 8 -1663.7673840480043
IMism 622280 9 -3113.9453596237586
IMsc2 413991 11 -2144.5463625068514
sc12imlsm1 627136 16 -1498.6607898933246
sc3iemsm 813898 13 -4327.383552172212
sc2iel 67427 12 -1919.062218064642
sc3iemsm2 42160 17 -2375.9138095254702
sc2iesm 635239 10 -9505.725709715349
sc1ie 475068 10 -1656.122386536217
sc3imsm 269269 13 -9692.244283024007
IMiscsmB 692630 11 -2069.6816244097745
IMisc 973710 12 -1670.0561192380928
IMisc2sm 139170 12 -1538.1713444353468
sc1ielsm1 967618 12 -2489.8217570799343
s2msm 104238 5 -1849.0469079889588
IMi 266376 11 -1508.6137377176942
IM 431262 8 -1564.3439788448495
s2mismB 698366 8 -1551.9769863967442
s2mi 891354 9 -2620.780097995275
IMisc2 660367 14 -1725.7744648401913
sc3e 887657 12 -12068.257445760626
sc3mlsm 527782 11 -2148.0216930730517
sc1e 380652 7 -15908.549450782175
sc3ilsm 892269 13 -2104.216104110632
sc3m 878014 12 -6206.595087688926
sc3imlsm2 757390 17 -1771.3715229370555
sc3imlsm1 324495 17 -1933.8989181238019
IMiscsm 134951 10 -1564.1491844351017
IMscns 16159 5 -6554.010731272964
sc2ns 795341 5 -6955.96383543466
IMns 928686 4 -6553.785152483611
sc3ns 136196 7 -6578.29847118896
IMnm 987611 6 -2280.853128648786
sc1nm 859582 4 -2285.3933190954954
sc11sm 706494 7 -1601.0521157270496
sc12nm 739650 9 -11433.398570785312
sc11nm 698144 6 -3407.1660634039827
sc21nm 583758 8 -1648.9153443889732
sc2esm 147521 8 -6466.5591893156625
IMscnm 338725 7 -7437.704562961711
sc2l 483754 9 -2172.6335780798913
sc2elsm 445250 8 -1587.2016414224186
s2m 722032 6 -1755.561407711416
sc2sm2 559255 10 -1495.4577481070296
sc3nm 198703 10 -2260.8288494833114
sc1lsm 513217 6 -1849.0984026121873
sc2lsm 482865 8 -2283.4675533513564
sc1l 679956 7 -1747.9833075126073
sc2el 601490 9 -2104.0622127601036
sc3lsm 658890 11 -1758.2656629075434
sc2ilsm 277479 10 -5714.9806118907845
sc1ilsm 917169 8 -2112.132258780318
sc3msm 809113 11 -3524.5912627162497
sc3emsm 816503 11 -8208.237110416349
sc3e 693235 12 -5240.146967659983
sc3emlsm 340821 11 -1590.7060269159574
sc1il 22238 10 -6094.298334131694
sc3l 619403 12 -1643.556085686861
sc1sm1 223896 8 -1590.1896750036685
sc3mlsm 725422 11 -1665.9382528306521
sc1ie 98102 10 -19601.684702774837
sc3ml2 167183 14 -1564.8750589469882
sc3el 815565 12 -1608.6840190864164
sc2iel 593542 12 -1420.713426083307
sc12imlsm 371432 12 -1433.236918183901
sc12imsm 142919 12 -8972.972543924683
sc2ie 197435 12 -3702.691277111602
sc2ielsm 145500 10 -4752.072498548716
sc2il 955201 12 -1514.8355917265733
sc1esm 104955 6 -1713.0404316215156
sc2ielsm2 193294 14 -1399.0862509731107
sc2ielsm1 498508 14 -1402.126150787571
sc3el2 362591 14 -2208.5476481264413
sc1ns 428311 3 -9520.071454184676
sc12im 701243 14 -1433.5947957551243
sc3iemlsm 443965 13 -1432.8600532608518
sc3imsm 765809 13 -21191.45783732884
sc3iemsm 584610 13 -24588.067102303045
sc3ie 590376 15 -15765.691945882534
sc1ielsm1 306884 12 -1672.2175358124482
sc3ilsm 365426 13 -1628.636423239058
sc3ielsm 426079 13 -8482.810738451779
sc2i 160970 16 -7241.575460791675
sc3em2 412439 14 -7509.8333474558485
sc3im 607325 15 -11959.73860676345
sc12il 594253 14 -1984.8277127408269
sc12imlsm2 913641 16 -5281.925855957788
sc12ilsm 605577 12 -1902.6588452698616
IMsc 407057 9 -1524.0638112082677
sc3ieml 398520 15 -1410.7357572888084
sc3il 406592 15 -1475.2776968313883
sc12imlsm1 746842 16 -1967.418935119943
sc3iesm 285808 13 -7789.6916925502865
sc3imlsm2 556910 17 -1419.9006620056432
sc3iml 825514 15 -2569.4692291866154
sc3imlsm 45750 13 -1600.1155475913001
sc1ielsm2 683504 12 -1534.9095331545207
sc12iml 15737 14 -1456.336188910476
sc3ielsm1 21152 17 -2590.122463342065
IMsc2sm 606015 10 -1597.2342649861907
sc3iel 332352 15 -1976.735839457854
sc2sm1 826555 10 -2933.1949819017873
IM 664242 8 -1567.4273403621878
IMsm 284539 7 -1641.8705746356673
IMsc2 22367 11 -2572.9974809207743
s2mi 981127 9 -1676.4346327489732
sc1iesm 964614 8 -20640.389826062306
IMism 549951 9 -1525.8857169347666
sc1sm2 330011 8 -1754.9774813520753
sc2 625881 11 -2791.149095821349
IMiscsm 613258 10 -2942.465021350124
IMi 422048 11 -1506.2866118693378
IMisc2sm 460400 12 -1437.186224146867
s2mismB 268918 8 -7318.077062094757
sc1e 482244 7 -11471.729253143782
sc3eml 95688 12 -1750.430515662269
sc3iemsm1 390402 17 -1552.2413633563403
sc3elsm 197636 11 -2270.012621458484
IMisc2 67346 14 -1570.2327795765339
IMiscsmB 448821 11 -1459.4008356213408
sc3m 380725 12 -1617.9027986440135
sc11 847616 8 -4588.168317274416
sc3ielsm2 40693 17 -1594.716012898247
sc3iem 212276 15 -14644.095301138175
sc2e 722786 9 -22731.957380797292
IMisc 694651 12 -1512.0606808510734
s2msm 216123 5 -1849.0378228039003
sc1 322752 9 -3053.2567831365195
sc3em 481025 12 -3932.623982805493
sc3iemsm2 967149 17 -13245.592585441182
sc2iesm 690842 10 -23627.92019148087
sc3ml 670387 12 -2818.0522603510267
sc1i 73019 14 -1821.8024971038446
sc3imlsm1 444846 17 -2264.115021152402
sc2ns 361446 5 -6741.483799629614
sc1ns 553943 3 -6719.734950608729
sc3ns 130257 7 -6468.561499512393
IMns 77518 4 -6554.152139611778
IMnm 991532 6 -2280.744388349095
sc11nm 185933 6 -9117.598749880122
sc1nm 837490 4 -2285.399327124722
sc1lsm 979206 6 -4852.241285381871
sc11sm 104551 7 -1853.5259896114435
sc1l 294965 7 -2534.428252907315
sc1e 144107 7 -16298.938033722245
sc2l 684825 9 -1712.6065400062944
sc1esm 420566 6 -2285.400608365281
sc12nm 827844 9 -11747.72876261461
sc2lsm 917062 8 -1999.1196862398613
sc11 941242 8 -1566.4589182908871
sc1sm2 523833 8 -1841.5893444659384
sc2el 718349 9 -1823.972519525019
sc2sm1 475855 10 -1539.0913791441926
sc2elsm 505349 8 -2098.309550897822
sc2 788534 11 -5442.316271078374
s2m 698855 6 -1755.5438695244197
sc1 821346 9 -1880.372290648494
sc2sm2 301670 10 -2335.3674218383176
sc3nm 551284 10 -11370.764469441567
IMscnm 498006 7 -2282.1104869082506
sc1iesm 119761 8 -5339.069699023154
sc3el 999920 12 -1485.3921972703927
sc1ilsm 489039 8 -1690.4882094166192
sc3m 763042 12 -6554.876568729672
sc1ie 370437 10 -13082.863638064156
sc1il 77159 10 -3871.2564552310837
sc1sm1 252761 8 -1747.9895584373348
sc3elsm 983782 11 -1707.7029067477374
sc3l 816112 12 -1902.8276881175734
sc2iesm 119128 10 -4194.837418948608
sc2ie 917385 12 -10693.61051390953
sc3em 90485 12 -2210.9900539678183
sc3ml 185399 12 -2152.2990878427836
sc3esm 702219 11 -4310.121372698511
sc3el2 139503 14 -1509.2803323951803
sc2iel 5412 12 -1428.9965374447654
sc2il 407484 12 -1479.9797751079882
sc12il 981145 14 -1514.2998220520149
sc12imlsm 338304 12 -1504.4604638681838
sc12ilsm 566070 12 -4994.728296306231
sc1ielsm2 622202 12 -2182.3971637158306
sc2ielsm2 539308 14 -1420.268170454112
sc2ilsm 731250 10 -5310.594622456788
sc3imlsm 55905 13 -12206.806021804812
sc21nm 17876 8 -2591.145433554422
sc3emsm 59837 11 -8711.810592603884
sc2i 481156 16 -8353.06607016716
sc3iesm 239993 13 -11875.854856196907
sc3iemsm 691274 13 -13929.972865965308
sc3ie 282549 15 -10338.335090780201
sc3iemlsm 19388 13 -1432.3399582222833
sc3ielsm 384608 13 -3062.0222809487514
sc3eml 938578 12 -1839.8779022097942
sc3im 44368 15 -4635.640871294913
sc3ieml 37243 15 -1830.6977713236633
sc3emlsm 229780 11 -5046.1570201082
sc3ilsm 182002 13 -1744.2821876141404
sc3ielsm2 886898 17 -14003.81391397132
sc12imlsm1 860638 16 -2214.5483076620294
IMsc 104666 9 -1521.492671879029
sc3iel 267431 15 -3824.8712143723133
IMscns 238057 5 -6553.753071151214
sc1i 116094 14 -1754.8677409733373
sc3imlsm1 602859 17 -2720.7331532444723
sc1ielsm1 641623 12 -1774.6425898830234
sc3imlsm2 380143 17 -1436.6410149364792
IM 750871 8 -2039.2369444561964
sc3lsm 808167 11 -1932.8988058135687
IMsc2sm 818428 10 -2187.3636159649027
sc3il 620664 15 -1443.8979158978343
sc2esm 780253 8 -7669.950834068151
sc2ielsm1 639713 14 -1743.742550798475
sc12imsm 823909 12 -3017.7444703040646
s2mi 465921 9 -1698.6324198063571
sc3iemsm2 55582 17 -4294.761438500999
IMsc2 999261 11 -1555.0745314283276
sc3msm 812008 11 -13039.028567696736
IMscsm 190523 8 -1628.862981873405
sc3iem 192393 15 -2519.983722726861
IMism 957595 9 -1539.607711202793
sc3mlsm 243050 11 -2390.3108169694133
sc12im 867783 14 -2256.387749300805
sc3em2 594973 14 -5970.826643706233
sc2e 913531 9 -6407.402534908117
sc3ielsm1 415425 17 -2234.5028034058487
IMiscsmB 507968 11 -1477.525272750958
IMiscsm 51475 10 -1568.224101608157
sc2ielsm 427029 10 -2394.6009391130438
IMsm 503325 7 -1641.669594833372
sc12imlsm2 971945 16 -1492.6972113103195
IMisc2sm 777906 12 -1489.8955266159214
IMisc2 331464 14 -2578.6495998040764
IMi 449254 11 -1451.7813275274466
s2mismB 150690 8 -1654.6813171038773
sc3imsm 881286 13 -25038.99415871913
sc3iml 93245 15 -1915.243890660816
IMisc 913391 12 -2284.2217856083253
sc12iml 277996 14 -3334.047184406222
s2msm 547595 5 -1849.04166072747
sc3ml2 623265 14 -1749.482764538774
sc3iemsm1 735325 17 -2003.1315138503896
