IMns 457050 4 -7391.86393040481
sc3ns 512482 7 -6823.375510181866
sc1ns 930801 3 -9872.705780204466
sc1nm 26158 4 -23480.076892632314
IMscns 37515 5 -6781.733547579943
sc11sm 29501 7 -1621.9983581212143
IMnm 916178 6 -2353.2561662517155
sc21nm 662969 8 -13125.653665046528
sc11 506396 8 -1604.2576242511204
sc11nm 738031 6 -2359.302350312908
sc2elsm 740236 8 -1740.8219014316426
sc12nm 209467 9 -9439.00176860722
sc3nm 213190 10 -2356.9807575718814
s2m 402567 6 -1782.8821771738785
sc2sm2 93116 10 -1514.9456909716296
IMscnm 190345 7 -19062.78817617245
sc2 570833 11 -1505.0374303031704
sc1l 440998 7 -1782.9132397578373
sc3mlsm 166442 11 -1627.7758177416758
sc1sm1 570655 8 -2562.438008119715
sc1ilsm 64135 8 -1694.6999241466342
sc2sm1 568660 10 -2069.27076881597
sc1lsm 734306 6 -1882.3972477339285
sc2ns 144925 5 -7074.998392687558
sc3msm 345143 11 -62174.65059044199
sc2el 178746 9 -1749.1753253829413
sc1iesm 512593 8 -10772.363092464371
sc2lsm 726897 8 -4272.366063444511
sc2ilsm 513340 10 -1559.6905923625127
sc1il 114551 10 -1537.6308039155235
sc2ielsm 80325 10 -1469.7903974122007
sc2ie 548593 12 -25852.20023728849
sc3eml 179254 12 -2212.2739283674637
sc1ie 62132 10 -30273.75381444786
sc1ielsm2 40441 12 -3290.549140490524
sc12imsm 569219 12 -14211.859635200552
sc2iesm 985389 10 -15568.094407436794
sc3em 866631 12 -1823.7083726810124
sc12imlsm 769087 12 -1427.1420939760967
sc1esm 563792 6 -1717.2499785100135
sc2il 380084 12 -2136.763844184742
sc12ilsm 479962 12 -1774.8123596051755
sc3lsm 898784 11 -3521.3822906202163
sc3ml2 510585 14 -2160.618567747856
sc3ml 733593 12 -1540.976458546343
sc3iesm 996468 13 -14709.900100794477
sc3l 823447 12 -1604.7256974957552
sc3emsm 668911 11 -2471.8044747435288
sc12im 75679 14 -17700.260722394254
sc2ielsm2 929424 14 -1615.7087660525694
sc12imlsm2 98609 16 -1436.832457782812
sc1i 560588 14 -1649.2316421612181
sc3esm 264711 11 -9596.981877627917
sc2iel 137453 12 -1548.381025021586
sc12iml 580044 14 -1447.4135252612
sc3iml 751954 15 -2204.0046558830695
sc3im 612032 15 -4140.462220355879
sc3iem 389180 15 -43525.18817054386
sc3imlsm1 694818 17 -1426.620080994809
sc3ielsm2 393432 17 -5769.561664738762
sc3imlsm 376237 13 -1569.9608845275725
sc3ielsm 347126 13 -1545.1914110148919
IMsm 157551 7 -2375.3068781246157
sc3iemlsm 36918 13 -2792.1022438694054
sc2i 938974 16 -1429.919172559852
sc2ielsm1 474154 14 -2070.33830204085
IM 338173 8 -2020.8256922332523
sc3iemsm1 166935 17 -9975.58728717303
sc3el 266633 12 -4663.285038428467
sc3ielsm1 888502 17 -1492.997971577689
sc3iel 626517 15 -1574.8304344782055
sc1ielsm1 371384 12 -1534.1345201908227
sc3elsm 555187 11 -3520.653564563349
sc3il 540356 15 -1604.551629172589
IMism 890787 9 -1546.7788266417715
IMsc2 380206 11 -3262.4347603120214
sc3ieml 516885 15 -1847.3770352776505
s2mi 62755 9 -2831.4106257406625
sc1 407314 9 -4555.006015558329
sc3emlsm 560065 11 -2246.1599562687634
IMiscsm 948706 10 -1516.0215712168165
sc3imsm 287800 13 -7778.096372181688
sc3ilsm 733030 13 -2569.607238704466
IMscsm 880841 8 -1672.8374019608384
sc3iemsm 809052 13 -9148.47340396526
sc3imlsm2 756085 17 -1521.6250690708341
IMisc2sm 360926 12 -3203.1242489224737
sc3e 186622 12 -17160.221100968185
IMiscsmB 969720 11 -1513.2249124659647
IMsc2sm 748507 10 -1636.0608714848076
sc1sm2 201737 8 -1671.2385518995513
sc12imlsm1 818623 16 -1708.6869733464127
sc3el2 733801 14 -2725.5719041992834
sc3iemsm2 515935 17 -4473.378619054856
IMisc2 742569 14 -2359.012982974006
IMi 283948 11 -2879.007969097521
sc3m 401965 12 -3613.4804166922654
s2mismB 340005 8 -1755.7151667348173
sc12il 23718 14 -2645.694452538717
IMisc 934486 12 -1631.5738796280718
s2msm 844143 5 -1882.3659562729817
sc2esm 652611 8 -3463.163473637652
sc2e 109148 9 -2183.8161223692796
sc1e 761483 7 -14787.23322567632
sc3em2 355534 14 -2394.865145330604
IMsc 413059 9 -1638.8901209254632
sc1ns 409490 3 -9863.196732196517
sc3ns 760205 7 -6798.796345195247
IMscns 362859 5 -6781.703287411943
IMns 394969 4 -6781.590397205463
sc2ns 907185 5 -9894.92121561928
s2m 819724 6 -1782.927288858882
sc11sm 330662 7 -1621.9139094308698
sc1lsm 817607 6 -1882.4413323451872
sc1esm 495419 6 -17251.65729364498
sc21nm 809743 8 -4805.761534619939
sc1nm 269327 4 -2356.918752184825
sc11nm 713844 6 -1662.9059381943048
sc12nm 737882 9 -2574.7981631368993
IMscnm 618829 7 -14512.087130496902
sc2esm 635182 8 -13993.81381578412
sc2elsm 828742 8 -2117.0662565616994
sc2sm1 190166 10 -1513.9741604422925
sc2e 306887 9 -5964.998622721474
sc3nm 981014 10 -10943.172018468997
sc3msm 835261 11 -1560.5281525002417
sc2lsm 445375 8 -1769.7607809775495
sc11 63209 8 -1783.0358317374605
sc1l 275158 7 -1780.5302364790136
IMnm 251040 6 -2353.27205574682
sc2sm2 967646 10 -1602.78673090651
sc3em 146820 12 -1519.9412256953192
sc1iesm 819213 8 -3616.30825222165
sc3lsm 499568 11 -1688.737186511986
sc3e 290340 12 -12929.42726015678
sc3elsm 186737 11 -1634.4821233301052
sc2ilsm 485802 10 -1559.6818252049584
sc1 71659 9 -1776.3738392071048
sc2 166609 11 -2364.469045788717
sc3emlsm 787880 11 -1822.2539167157256
sc2il 807050 12 -1531.108489447125
sc3em2 702784 14 -9846.739982548908
sc1sm1 890936 8 -1649.821467772224
sc3esm 791340 11 -16333.259166546957
sc3ml 483923 12 -1583.8831791094644
sc3el 707589 12 -2929.2006560688096
sc2iesm 401108 10 -9430.045134068516
sc12ilsm 82406 12 -7051.71333649537
sc1il 797314 10 -1537.8982792113693
sc12imsm 342847 12 -8226.567508989021
sc2ielsm 706915 10 -1789.3806939176643
sc2ielsm2 871647 14 -1418.819669279317
sc1ilsm 268657 8 -1694.5832155555888
sc12imlsm 541720 12 -1462.3675899917814
sc3im 733220 15 -11181.933655777248
sc2el 847311 9 -4339.192714207227
sc1ielsm1 878632 12 -1745.0914523530303
sc1ie 744748 10 -1536.9537384914727
sc3l 845830 12 -1861.9081534825032
sc1sm2 575464 8 -1782.7964860778384
sc2ielsm1 531376 14 -2082.9735992314304
sc2l 974799 9 -2867.715508406697
sc2iel 918698 12 -1602.0891318935198
sc3ilsm 88543 13 -1512.6745791059625
sc12imlsm1 620729 16 -3217.7936374308415
sc3iemsm 879417 13 -11795.714790246844
sc3imlsm 421127 13 -1893.6020715595794
sc12imlsm2 703752 16 -2057.1441330596435
IM 217329 8 -2104.372921434854
sc3ielsm 33834 13 -1421.707488216392
sc3iel 300585 15 -1425.0838831825001
sc3iemsm1 171997 17 -19903.51852405884
sc3imlsm2 510057 17 -7341.225442101356
sc3il 317591 15 -1601.2616000137004
sc12il 946244 14 -1529.504955341376
sc12iml 504595 14 -1472.8688082228632
s2mi 795050 9 -1683.8265810278813
sc3imlsm1 793388 17 -1865.706566843477
IMscsm 995700 8 -2071.146466286653
sc3ielsm1 642608 17 -1692.5537473201848
IMsc2sm 723868 10 -1700.294405204903
sc3imsm 418223 13 -7598.290866402171
sc3iemsm2 421576 17 -17577.33755414255
sc3ieml 715261 15 -2172.2457006668556
IMsm 368067 7 -1672.950182146019
sc3iml 43155 15 -2062.558921555276
sc3ielsm2 506427 17 -1557.0635564530683
IMism 230451 9 -1546.7075424630027
sc1ielsm2 206530 12 -1688.2303610983913
sc2i 967444 16 -1438.2449947074663
IMsc 343638 9 -1553.1274989769163
IMsc2 387319 11 -2060.8680038690622
sc3ml2 397365 14 -1785.9642083609485
sc3iem 126787 15 -19011.497372884234
sc3emsm 983259 11 -18869.644746427748
sc3m 233516 12 -2309.191482217195
IMisc2sm 426779 12 -4379.618940294669
IMiscsmB 230532 11 -1917.4925401303674
IMisc2 709956 14 -1456.7033312168364
IMi 589745 11 -1464.661408281213
s2mismB 43823 8 -13472.444307466365
sc1i 656365 14 -1513.3908276354884
sc12im 786123 14 -1873.2200352953782
IMiscsm 145470 10 -1502.810996279668
sc1e 164413 7 -7581.388466519052
IMisc 609176 12 -1482.7352711911253
s2msm 943651 5 -1882.3736089196648
sc2ie 89928 12 -5726.942897587671
sc3iemlsm 52171 13 -2808.0644390558637
sc3ie 666608 15 -7952.431541849443
sc3mlsm 180203 11 -3936.4339191625922
sc3iesm 802654 13 -24733.773944128592
sc3eml 404039 12 -1984.5537307491918
sc3el2 535935 14 -1631.4211161157464
sc3ns 661227 7 -6715.164851232704
sc1ns 693331 3 -6958.476079737756
IMscns 793136 5 -6781.701733802186
sc2ns 333872 5 -6696.755163892336
IMns 19549 4 -6781.599941754009
sc1lsm 491037 6 -1882.4156224453814
sc1nm 970631 4 -2356.883515186656
sc11nm 593586 6 -4875.994775647514
sc1esm 800767 6 -13251.894446109192
sc11sm 223458 7 -1921.9079862642157
sc11 694622 8 -1701.561113794313
sc1l 93272 7 -1830.848406724336
IMscnm 94446 7 -2356.917475863855
sc2esm 251230 8 -27069.550541867247
sc2sm1 334486 10 -1514.0107853697448
s2m 716848 6 -1782.8848019969696
sc12nm 414998 9 -1819.1599892323347
sc3nm 533573 10 -2384.9271220020273
sc2sm2 398230 10 -1642.515118058232
IMnm 937667 6 -2354.306290095581
sc2elsm 443686 8 -1627.7689514914464
sc1iesm 581796 8 -19134.537298622083
sc1sm1 352945 8 -1604.0614745291496
sc1sm2 811841 8 -1874.634410082823
sc2ilsm 218246 10 -3163.87230684564
sc1ie 119699 10 -4924.890843910385
sc3el 850659 12 -1535.4406177899066
sc3elsm 19516 11 -1696.936205662483
sc2ielsm 13368 10 -1925.3133663726398
sc3ml 117206 12 -1896.7685657201266
sc2ie 457610 12 -9085.731658182776
sc3l 964152 12 -1556.0501296193922
sc2il 885179 12 -1541.2615060598048
sc1il 566582 10 -1701.3736808833069
sc12imsm 765066 12 -7740.876843884849
sc3el2 553693 14 -1555.134104150158
sc3eml 112464 12 -2610.445374231559
sc2ielsm2 316958 14 -7245.90719453745
sc12ilsm 11253 12 -3132.546966363522
sc3ml2 377129 14 -1592.9128212056057
sc2 767664 11 -1782.887707707961
IMsm 117993 7 -1673.263634311339
sc2ielsm1 973781 14 -1439.0004989263111
sc12imlsm 111339 12 -6171.975103962664
sc21nm 46801 8 -2471.8715831441123
sc3imlsm 28813 13 -1482.5397220228297
sc1ilsm 865516 8 -1694.3724398700265
IMscsm 220161 8 -1662.919069828668
sc3iemlsm 556912 13 -1468.089030149678
sc3ielsm 912930 13 -1423.0539068280584
sc2i 367730 16 -1415.9052007999085
sc3iem 147089 15 -22303.93247806592
sc3e 625786 12 -13410.263880710998
sc3iemsm 889106 13 -11441.767271816847
sc3iml 488383 15 -1470.3294755785341
sc2l 980328 9 -1620.7757872634754
sc3il 590461 15 -8276.7168024905
sc3ilsm 945663 13 -1557.1403700242172
sc3ie 985067 15 -29368.965954504525
sc3m 315662 12 -4972.311394078246
sc1 344021 9 -2960.4566579039924
sc3lsm 803810 11 -1899.7478311739628
sc3ielsm1 585623 17 -1416.4242075712855
sc3iemsm1 321390 17 -2681.8395191976288
sc12imlsm2 749321 16 -1672.0171012461756
sc1i 712570 14 -1812.699345571974
sc2e 907600 9 -2947.6442741753217
IM 928762 8 -1590.3696375774807
sc12il 552255 14 -1533.6402277223158
sc3imlsm2 56288 17 -1817.4857590045704
sc12imlsm1 893437 16 -1747.9374905555783
sc3ielsm2 520881 17 -1562.447337450577
sc3ieml 161402 15 -1469.7651682645158
sc12im 617460 14 -15884.399451644065
sc3im 102081 15 -9370.358458056364
sc1ielsm1 967202 12 -1536.0471391756855
sc3iemsm2 241165 17 -8884.963577948709
sc2iesm 837946 10 -3337.620941753583
s2mi 171927 9 -1682.6480785070034
IMism 899465 9 -1835.8562083257466
IMsc2 595388 11 -1636.75048640548
sc2iel 535289 12 -1740.2226181509134
sc1ielsm2 365609 12 -1588.2610815589082
IMiscsm 792260 10 -1506.7239933055143
sc3em 254954 12 -1524.419465650468
IMsc2sm 633504 10 -1690.800956853775
IMi 474749 11 -1522.6419784555364
IMisc 835920 12 -1476.218705051566
s2msm 290458 5 -1882.3728747924574
s2mismB 155181 8 -1663.4308579587246
sc12iml 124983 14 -1483.454228340729
sc3imsm 621818 13 -12138.706862892588
IMiscsmB 187329 11 -1883.5648288535942
sc3iel 923685 15 -1576.9095198710083
IMisc2 215384 14 -1453.8637223855906
sc3em2 595465 14 -12744.330703326217
sc1e 602952 7 -6949.350343579217
sc3imlsm1 857617 17 -1560.5111396005595
sc3emlsm 571795 11 -2234.380308040353
sc2el 144696 9 -1973.3110837871304
IMisc2sm 428924 12 -1687.6978602421723
sc3esm 433759 11 -18113.957608760156
sc3mlsm 211371 11 -2474.8070054182945
sc3msm 886395 11 -6994.761151928243
sc2lsm 66681 8 -3184.852638944096
sc3iesm 927821 13 -19250.50982072019
sc3emsm 336201 11 -17804.29926343268
IMsc 254366 9 -1592.2988500694537
