sc1ns 747566 2 -8773.482779002903
sc2ns 897797 4 -8773.522030557928
IMns 976955 3 -8656.304512597068
IMscns 197746 4 -8600.405125266103
sc3ns 950093 6 -8766.205128982727
s2msm 692772 4 -1561.9879024777733
sc1nm 704924 3 -2100.447472007169
sc11sm 330846 6 -1408.133174817907
sc1l 503280 6 -1555.4833695446898
sc11nm 420689 5 -1473.0772675654011
sc21nm 597805 7 -2143.0911066452077
s2m 194158 5 -1473.5838683200118
sc1lsm 710037 5 -2017.4245060377998
IMscnm 482317 6 -12148.767292848594
sc1 301765 8 -1460.068541129506
s2mismB 924844 7 -1346.4281329061591
sc2lsm 7252 7 -1481.975088260044
sc12nm 479473 8 -2412.100851576266
IMnm 11518 5 -2097.8427160384686
sc1sm2 970616 7 -1561.9741720016277
sc2elsm 235292 7 -1383.5567847112513
sc1sm1 93967 7 -4995.213785006426
sc2sm2 126449 9 -1302.960661429573
sc2esm 477319 7 -7908.161792738874
s2mi 421828 8 -6546.011198030691
sc2l 955288 8 -1466.8002708899523
sc1ilsm 899183 7 -1357.8170886082069
sc3l 657627 11 -1622.0226510974621
sc2 547156 10 -1527.9719405109097
sc3lsm 710451 10 -1407.2203820952243
sc3elsm 185681 10 -5743.023498379415
sc1il 522073 9 -9244.423451317698
sc2ilsm 678664 9 -1221.6057274910422
sc1esm 328776 5 -1483.3611657223996
sc3ml2 216 13 -1241.4135870206524
sc2sm1 760985 9 -1258.5067963050833
sc3ml 18426 11 -3446.7837840138736
sc11 846768 7 -5116.169066579926
sc2il 554003 11 -1230.6898093615853
sc2iesm 632053 9 -1171.596508459482
sc1ielsm1 572735 11 -7837.920237248394
sc3e 817131 11 -27038.05115411715
sc3emlsm 460183 10 -2183.9302672172994
sc1ie 995043 9 -12377.574362263469
sc3mlsm 434190 10 -1623.437407004439
sc2iel 471783 11 -1177.656370852208
sc12imsm 389862 11 -18797.634142650397
sc2ielsm 299838 9 -1462.1634452636636
sc1i 329204 13 -5783.47948614671
sc1iesm 722254 7 -23586.25097136147
sc2ielsm1 734713 13 -5687.929773837144
sc12il 980754 13 -4815.715371208166
sc12im 253259 13 -4332.647343564331
sc12imlsm2 384391 15 -5113.00782939313
sc3m 40451 11 -18452.81256103878
sc12imlsm 89559 11 -1542.2478503349578
sc3iesm 40 12 -16639.27302786892
sc3iemlsm 455576 12 -16941.762669938824
sc3em2 918271 13 -7669.996664171986
IMsm_ 306779 6 -1415.64675311257
sc3iml 309836 14 -1144.1931863410387
sc2i 691804 15 -1169.950363548099
sc12imlsm1 668118 15 -1152.4599138363471
IMsc 135714 8 -1305.3879639273343
sc3ilsm 925979 12 -1276.842774949053
sc3iel 446717 14 -1210.0412205486
sc3ieml 306525 14 -1152.011616615044
IMscsm 342367 7 -1703.606419600804
sc3eml 689613 11 -1641.3702328220616
sc3ie 680833 14 -23417.06253631081
sc12iml 122863 13 -1188.0695801994286
sc3imlsm 98147 12 -1153.4726272467167
sc3ielsm2 323440 16 -14509.880591566536
sc3ielsm1 525696 16 -1236.3525541321826
sc3iemsm1 101612 16 -10023.278619241182
sc3iemsm 162358 12 -1903.7546105654114
sc3imlsm1 204787 16 -2620.6338253987624
sc3emsm 200490 10 -26224.289859783476
sc3imlsm2 105866 16 -1166.0684700126203
IMsc2 614828 10 -1839.6776156649373
sc1ielsm2 108630 11 -1233.3085229321807
IMism 488990 8 -1208.9076693378624
sc2ie 822438 11 -2168.503153934862
sc3esm 309310 10 -25188.296574678934
IMiscsmB 181406 10 -1208.433460298337
IMiscsm 341301 9 -7356.446901449391
IMi 363838 10 -1194.4309660132549
sc3el2 603048 13 -2706.007398156312
IMisc 515780 11 -1178.1211481070488
sc2el 258529 8 -4444.175553764323
IMisc2 238818 13 -1161.378022247085
IMisc2sm 173832 11 -1220.7505003912922
IM 429466 7 -1475.0580602213477
sc2e 424285 8 -10158.30067605066
sc1e 972847 6 -6729.1429959681445
sc3msm 970104 10 -2492.9486905797708
sc12ilsm 722943 11 -3346.1316857252004
sc3ielsm 134993 12 -2796.6124415194236
sc3imsm 869831 12 -21999.474623693935
sc3iem 658727 14 -7621.32014947843
sc2ielsm2 896434 13 -1494.3289026390776
sc3im 475796 14 -17733.779451149647
IMsc2sm 12120 9 -4958.722843624133
sc3el 859455 11 -1549.038761722174
sc3il 548077 14 -1469.1533305542735
sc3iemsm2 407399 16 -30867.694079820667
sc1ns 459429 2 -8773.482779872276
IMns 187949 3 -8656.304439536907
sc1nm 3641 3 -2100.447389204435
sc3ns 750102 6 -12974.718471275924
sc11nm 944832 5 -1473.0828093209739
sc2ns 181060 4 -8773.588103991206
sc11 34211 7 -1473.6010793328408
IMnm 873775 5 -2097.8434297494073
sc1l 253372 6 -1459.949249628472
s2msm 69918 4 -1561.9879020048656
s2m 54880 5 -1473.583870252866
sc11sm 356780 6 -1921.6523052710631
sc2lsm 451174 7 -1481.9645274011916
IMscnm 621776 6 -2099.075393558435
sc1esm 427584 5 -1511.2323590009266
s2mi 2030 8 -1348.9434689122195
sc12nm 797099 8 -3087.874158250424
s2mismB 333349 7 -1345.962666433315
sc1 633301 8 -1558.2746431912065
sc1sm2 511723 7 -4140.011124473334
sc2 306414 10 -2311.984103960822
sc2elsm 2918 7 -1623.4280176947059
sc2iesm 687276 9 -24468.229666957104
sc1sm1 189564 7 -1659.9505681059404
sc1ie 879848 9 -21563.083111494525
sc2sm1 572133 9 -1413.2403395168833
sc21nm 235372 7 -2108.270172322288
sc3lsm 350103 10 -1409.268236199023
sc1iesm 965325 7 -8972.335370725139
sc1il 426011 9 -1342.1102075136455
sc3el 503565 11 -1308.406820232382
sc2ilsm 473639 9 -3474.4190880048727
sc3elsm 122650 10 -2060.5871233388134
sc2il 786558 11 -7078.467705326382
sc3l 811407 11 -1505.0705460826896
sc2el 596883 8 -8323.119743147921
sc2ie 682828 11 -5153.833913217308
sc1ielsm1 325214 11 -8944.074994471219
sc3ml 581507 11 -1301.0872234682954
sc2ielsm 735568 9 -1163.7461377315788
sc1ielsm2 783431 11 -10781.747202843584
sc3mlsm 290830 10 -1623.510942010237
sc1lsm 170664 5 -3478.9621745254085
sc2sm2 14595 9 -1305.764358227697
sc12imlsm 768820 11 -9051.843223468157
sc3ilsm 611026 12 -22602.342101265123
sc2ielsm2 308007 13 -1135.1123830367965
sc12il 296242 13 -1617.9137518614932
sc12imsm 762941 11 -1903.214791241325
sc3msm 346495 10 -6480.56587983443
sc3el2 774401 13 -1476.486521349089
sc2i 457363 15 -1182.4433512714613
sc3emsm 258695 10 -1306.2076236987682
sc2iel 23918 11 -1291.3841582189543
sc12imlsm2 340212 15 -1130.8944011398721
IMscsm 925183 7 -1415.6452131358171
sc12ilsm 33692 11 -1221.660192716426
sc3iml 411837 14 -1181.9052912521208
sc3iel 537842 14 -1151.7118191941815
sc1e 382767 6 -2099.264008345124
sc3iemsm1 303001 16 -29434.694658408298
sc2e 876026 8 -1477.6334768983816
sc3ielsm2 962479 16 -1130.1091728287802
sc3e 955492 11 -4861.532195659215
sc3imlsm2 139692 16 -1148.2914324522174
sc3ml2 650732 13 -1460.7738611018235
sc2esm 586573 7 -5273.818531155748
sc3imlsm1 839206 16 -1142.7077426089647
sc3ielsm 861646 12 -1366.8232461698399
IM 207729 7 -4707.023035293853
sc3ielsm1 439802 16 -4463.556059678379
sc3imlsm 781733 12 -1533.0613729882116
IMsm_ 111283 6 -1415.6446744244017
IMsc2 987052 10 -1267.0977308966899
sc3iemsm2 417042 16 -6763.897387907642
sc2ielsm1 533882 13 -1450.4130547365098
sc3iemsm 667771 12 -1918.9234021413379
sc12iml 101870 13 -1279.4188493721238
sc3ieml 649753 14 -1226.0959589625425
sc1ilsm 536944 7 -3351.868159647558
sc12im 788301 13 -10273.125285026095
sc3imsm 740074 12 -29647.97090210268
sc2l 993963 8 -4709.123801549297
IMsc2sm 413977 9 -1419.3545458307044
sc12imlsm1 93275 15 -1249.616363934499
sc3esm 765902 10 -25296.07572179549
IMiscsm 239154 9 -1191.8142700549568
sc1i 31376 13 -1836.2038253423061
IMsc 173715 8 -1284.1461880404815
IMi 682388 10 -9023.536903157019
IMism 681486 8 -1208.473588723868
sc3iemlsm 939131 12 -2772.861962579191
IMiscsmB 839296 10 -1226.1323455889421
sc3emlsm 443801 10 -1836.479194019552
IMscns 257153 4 -8795.89099157406
IMisc2sm 633215 11 -2515.6131708576095
sc3iesm 302505 12 -25873.35398640906
IMisc2 917023 13 -1207.672082705974
sc3em2 21525 13 -26506.470457634743
sc3eml 145400 11 -1714.9191157711718
sc3m 133599 11 -15742.053234711599
IMisc 173389 11 -1204.3882961598229
sc3iem 214364 14 -15993.367935803577
sc3ie 2845 14 -40058.70712455692
sc3im 748309 14 -19355.393182623604
sc3il 17387 14 -2534.7457840148177
sc1ns 178240 2 -12974.50039428815
IMns 699434 3 -8656.304531753238
IMscns 234350 4 -8656.312295437363
sc2ns 644296 4 -8599.64492490042
sc3ns 343037 6 -8599.657497755992
sc1nm 47965 3 -2100.4475011349787
sc11nm 260220 5 -3147.6188448033795
IMnm 360193 5 -2097.843429750638
s2m 542781 5 -1473.698582428938
s2msm 603431 4 -1561.987721330299
sc11sm 943544 6 -1562.0067541097455
sc1lsm 703614 5 -1559.4735788772632
sc1sm1 611130 7 -1468.6954304891726
s2mismB 680970 7 -1292.628425986483
IMscnm 115322 6 -27021.40152572175
sc12nm 870461 8 -8803.901790264355
sc1 393619 8 -1489.9686097640035
sc2sm1 779993 9 -3135.777571559723
s2mi 122130 8 -10880.425370405897
sc2lsm 100806 7 -7250.6523868761
sc1l 362648 6 -1473.5142939674015
sc2esm 332168 7 -5959.264474798365
sc1e 187014 6 -1480.6480303112942
sc2l 867662 8 -2252.734762936981
sc1ilsm 378637 7 -1349.1785204564703
sc1sm2 574359 7 -1554.3582970218868
sc11 916881 7 -2720.821984452004
sc2elsm 789662 7 -1383.556897472689
sc1esm 647330 5 -1483.361539251268
sc3l 134795 11 -2210.0698291666995
sc3esm 101230 10 -8775.123419127385
sc3lsm 579358 10 -1470.033919868557
sc2el 832044 8 -1307.597743708083
sc3emlsm 771770 10 -5905.7006396287325
sc1il 922408 9 -9517.187308494382
sc3el 461888 11 -1604.5313299844915
sc2 34000 10 -1380.1482963507224
sc2il 780823 11 -10941.48938355927
sc3em2 984217 13 -16929.615844766522
sc2ielsm 899844 9 -1164.7854746569978
sc2sm2 840698 9 -1498.8664227162546
sc1iesm 301080 7 -15750.207072999918
sc3mlsm 976893 10 -3343.4778851554
sc1ie 759072 9 -2903.316689808737
sc3ml2 200222 13 -1315.0974008727628
sc2ie 240919 11 -15718.946063029682
sc2ilsm 638383 9 -1221.6042830297183
sc2iel 345192 11 -1197.8054097542322
sc12imsm 236991 11 -21169.019477874794
sc1ielsm1 341362 11 -2859.9046351147354
sc12imlsm 81581 11 -1150.7502077463123
sc2ielsm1 250954 13 -1159.1194069818364
sc12iml 19551 13 -12299.339307959197
sc1i 288964 13 -7736.393199457756
sc3imsm 124968 12 -6867.142759394397
sc3ilsm 778136 12 -1204.623063150591
IM 462636 7 -1306.042802871934
sc12il 442267 13 -1239.2992962119356
sc2i 204901 15 -3141.178020345168
sc3il 481331 14 -1166.5946484101964
sc12imlsm1 193221 15 -1148.966044758741
sc2ielsm2 192083 13 -1927.0128889218472
sc12ilsm 783588 11 -1222.0087131045927
sc12imlsm2 221178 15 -3400.1630324591074
sc3ielsm 475466 12 -3491.405304734578
sc2iesm 298736 9 -13519.514853042952
sc3imlsm 940335 12 -1531.4202778286954
sc3iel 425346 14 -2655.061365725397
IMsm_ 878203 6 -1592.1946719214982
sc3elsm 616999 10 -1714.0409882665197
IMscsm 8208 7 -3300.4217584016715
IMsc2 755685 10 -1266.4985145006438
sc3iemsm1 478385 16 -7387.585880139325
sc3msm 474340 10 -1796.6137516047947
sc3ielsm2 188257 16 -6867.2647608538655
IMsc2sm 166211 9 -5056.489513813815
sc3e 905132 11 -47687.15168206955
sc3imlsm2 648456 16 -1172.6305243518907
sc1ielsm2 416853 11 -1290.2354520523436
IMsc 787892 8 -1819.2961269679731
sc12im 568290 13 -2458.067920489548
sc2e 103324 8 -9967.456701727937
sc3el2 594435 13 -1705.7708182820766
sc3iemlsm 168413 12 -1986.3190152035447
sc3imlsm1 380983 16 -1505.6735336316244
IMism 854983 8 -1211.1195945895358
IMiscsm 620163 9 -6260.344733631751
sc3ielsm1 878257 16 -1219.083591790322
IMiscsmB 963901 10 -3337.966361573639
sc3emsm 950430 10 -3383.2353740211856
IMi 141209 10 -1201.668901371756
IMisc 992048 11 -1995.2287086980289
IMisc2 42818 13 -1761.8323076252468
sc3iml 515007 14 -1242.5994682886512
IMisc2sm 922706 11 -1373.407254221413
sc3im 959139 14 -12456.883071310263
sc3ml 171253 11 -2143.6754763079844
sc3m 449149 11 -1922.921747755283
sc3iem 16589 14 -2127.149824872296
sc3iemsm 985800 12 -12163.046330048352
sc3eml 107852 11 -1659.406657739481
sc3iemsm2 965599 16 -12754.977248831041
sc21nm 749770 7 -2560.3393540183183
sc3ie 135962 14 -28146.365951888612
sc3iesm 510810 12 -15805.145605482901
sc3ieml 140570 14 -1346.1095315925593
sc1ns 891554 2 -8773.482780159913
sc2ns 814533 4 -8773.524032867452
IMscns 751897 4 -8656.341689259796
IMns 383442 3 -8657.788991530126
sc3ns 702114 6 -8599.724157897013
sc1nm 522610 3 -2100.44749531904
s2msm 537427 4 -1561.98668041743
IMnm 726307 5 -2097.8434297719086
sc1l 336322 6 -1552.0119676505972
sc11nm 749768 5 -1472.9819148386837
s2m 636612 5 -1473.5838674900695
sc21nm 375793 7 -17762.651465571416
sc11sm 755752 6 -1406.7211882890483
sc1esm 188305 5 -2100.450884175453
sc2lsm 953235 7 -1523.6350194783006
IMscnm 194472 6 -2101.540048458221
sc1sm1 232856 7 -1627.1311437729532
s2mismB 160577 7 -1345.958236863995
sc1 620554 8 -1460.7648596836675
sc12nm 102448 8 -6296.558560938075
sc1lsm 48431 5 -1559.4742957109854
sc11 373834 7 -1366.8524858878595
sc2l 438257 8 -1344.1590966402296
sc2sm2 813693 9 -1274.7479787363845
s2mi 77401 8 -1357.1739558130253
sc2el 52505 8 -3952.6622710348092
sc1ilsm 120532 7 -1348.9952105269429
sc2 490438 10 -2948.752144772708
sc1iesm 764693 7 -13406.605256349036
sc2iesm 752321 9 -22775.085709905474
sc2ilsm 731053 9 -4014.0450739646526
sc3m 656590 11 -6506.719024737552
sc3mlsm 13940 10 -6244.032563956015
sc2esm 19541 7 -14168.283328694028
sc12ilsm 357806 11 -8027.938774703884
sc3l 39944 11 -1299.4772689041595
sc2il 177856 11 -1240.8298598158517
sc3eml 959823 11 -1661.7577740628058
sc2ie 921166 11 -26223.88389698793
sc12imlsm 129415 11 -1137.522463713291
sc3el2 21147 13 -5747.052688625032
sc2ielsm 903983 9 -1668.4803028355548
sc1il 607828 9 -1466.2992078518398
sc3el 241734 11 -1393.1335437935932
sc12il 526506 13 -2663.4368057510505
sc3iesm 31740 12 -70851.00406725759
sc12imsm 518570 11 -2435.4868210566124
sc1ielsm1 216863 11 -1716.5643499739592
sc2iel 710177 11 -4889.1831013193005
sc1sm2 439841 7 -1536.1616435212848
sc12im 228300 13 -9212.760624629787
sc2ielsm2 813779 13 -1150.7225935051913
sc2ielsm1 201187 13 -1170.6443569472206
sc3imsm 21922 12 -8893.94900150687
sc1ielsm2 987864 11 -1345.6915572229436
sc3ilsm 648984 12 -2270.5151043571605
IMsm_ 319862 6 -1415.6456146455403
sc3emlsm 147401 10 -1623.4590852255521
sc12imlsm1 457113 15 -13917.997165724173
IM 208279 7 -1311.384407673696
sc3ie 440998 14 -34375.115051948436
sc2elsm 184875 7 -3540.2793323593914
sc3iel 788298 14 -1194.0144005160791
sc12iml 436667 13 -1162.3664573702595
sc3ieml 85162 14 -1149.6310836754958
sc12imlsm2 77197 15 -1171.3816462147247
sc3imlsm2 931726 16 -1133.5810150278178
sc3ielsm 56955 12 -1259.6981523449194
sc1i 862675 13 -1336.9005688313594
sc3imlsm1 783157 16 -1153.911801900152
sc3il 360550 14 -1233.9132947377423
sc3ml2 624313 13 -1563.3946258609103
sc3ielsm2 715080 16 -1144.7211383702509
sc3iemsm 569841 12 -12693.643669708408
IMscsm 263645 7 -1415.3183910273153
IMsc2sm 22238 9 -1441.6617894075205
IMism 369636 8 -14734.971101097653
sc3esm 274658 10 -24996.51481777079
sc3em2 257482 13 -9716.260732039349
IMsc2 198348 10 -2425.297587209872
sc3imlsm 228321 12 -1242.2568403284088
IMiscsm 750509 9 -1191.814417501301
sc3ml 269339 11 -1421.5366866813215
sc3im 292313 14 -7522.677182439413
sc3ielsm1 823887 16 -1245.741862751724
sc3iemlsm 837361 12 -1487.788064743665
IMisc2 543074 13 -4825.4221471217625
sc3emsm 908792 10 -19098.909943729876
sc2i 893245 15 -1186.7975557468003
IMiscsmB 46151 10 -1482.433990944231
IMisc2sm 774357 11 -1679.3577520585295
sc1ie 881738 9 -2971.4540024860544
sc3lsm 193747 10 -5129.14142406612
IMi 630890 10 -4388.959013030194
sc3elsm 367006 10 -2048.5849056675947
sc2sm1 705487 9 -2109.0352639458715
IMsc 499440 8 -5021.480600690924
sc3msm 204867 10 -11055.654601467975
sc2e 20035 8 -2763.978874059074
IMisc 626277 11 -6415.823918043957
sc3iemsm2 337846 16 -24192.218825899392
sc3iemsm1 198157 16 -30010.124317162998
sc1e 243203 6 -10679.328153205066
sc3iml 953513 14 -1188.1630111214447
sc3iem 890021 14 -6311.653041026124
sc3e 433538 11 -16233.550853089971
sc1ns 112544 2 -8773.482780159988
IMscns 871212 4 -8601.771046221165
IMns 170462 3 -8703.531730734463
sc2ns 354706 4 -8599.66677712386
sc3ns 99377 6 -8773.666669513761
s2msm 647427 4 -1561.9874542620862
sc1nm 553924 3 -2100.4474089386563
sc11nm 293162 5 -1473.0900469018914
sc11sm 166576 6 -1408.052521741989
s2m 211238 5 -1473.5837447656884
sc1lsm 360463 5 -1559.4739910822645
IMscnm 924656 6 -2098.0863704424696
sc1e 653288 6 -7790.233583490611
sc2esm 128503 7 -9065.3054215823
sc1 129119 8 -1473.508854485132
IMnm 328897 5 -2097.8421455709836
s2mismB 903313 7 -1292.6325778173402
sc2lsm 968469 7 -2294.243270137779
sc1esm 722740 5 -4187.591186581018
sc11 195206 7 -1473.661311567232
sc12nm 43241 8 -8363.507147971939
sc1sm1 743882 7 -5183.251653090235
sc2 924350 10 -1258.9697423386767
s2mi 702746 8 -6394.133836199604
sc2l 548398 8 -8157.706392984671
sc1l 524663 6 -1742.3434083098957
sc3mlsm 375360 10 -1381.5024100372793
sc2elsm 966932 7 -6224.625612409048
sc1il 822400 9 -1285.1711416495814
sc2iesm 148310 9 -34322.137599566966
sc2ilsm 457657 9 -1221.6059144991282
sc3lsm 598163 10 -1522.7105062787205
sc3emsm 524740 10 -5349.853725911743
sc3el2 181382 13 -1253.0831667818463
sc2sm2 162969 9 -1298.1802815052508
sc2il 845655 11 -1208.9015179328446
sc1ilsm 926390 7 -1348.8992425043343
sc2ielsm 895756 9 -3079.7865723534765
sc3elsm 324778 10 -1430.8065173488196
sc2sm1 539729 9 -2707.400702133576
sc2ie 777841 11 -40743.93024119035
sc3ml2 455959 13 -1503.7039385939358
sc12imsm 74277 11 -38353.87669279456
sc12il 133462 13 -6912.448400894674
sc1ielsm1 259997 11 -1292.5328934408399
sc1ielsm2 684362 11 -6359.189127748775
sc1ie 681168 9 -1989.0964994204446
sc12imlsm 553984 11 -6179.6117375345775
sc12ilsm 665203 11 -2311.6860368054226
sc12im 327896 13 -32893.44107040336
sc3il 415856 14 -1163.5262884202298
sc1i 735346 13 -1429.1804943870338
sc3ilsm 895388 12 -1256.135774086543
sc3imlsm 710573 12 -4493.609756863058
sc3iemlsm 470310 12 -1149.2063822428574
sc3iel 984621 14 -16142.8203153847
sc3im 668869 14 -18282.92648187891
sc1sm2 205408 7 -1516.47795018995
sc12iml 211281 13 -1227.258010281603
sc12imlsm2 102090 15 -7148.024461697669
sc2ielsm1 264683 13 -6499.130873488825
sc3iml 707240 14 -1179.8633759126892
sc3ie 478651 14 -18653.197097165175
sc12imlsm1 671305 15 -1309.7217423224527
sc2ielsm2 828508 13 -1409.1656139361148
sc3iemsm 102079 12 -2898.137046033833
sc3em2 132084 13 -7027.536309017455
IMsc 33008 8 -1284.1498232804597
IM 836768 7 -3980.556973823177
sc3emlsm 704679 10 -1623.4261915792902
sc3e 559611 11 -13788.884217534222
sc3ielsm1 248231 16 -9643.21711578755
sc3ieml 436577 14 -13394.868484418595
IMsm_ 635272 6 -9132.117488033546
sc2i 925303 15 -1179.1403248813303
sc3imlsm1 391488 16 -1210.576302303321
sc3ielsm2 161761 16 -4568.462614309229
sc2iel 536704 11 -2361.9937764180636
sc3imlsm2 769915 16 -1702.0173551230948
sc3iemsm2 559185 16 -11254.461166138391
sc3msm 219705 10 -3598.8966132355886
IMsc2 952323 10 -1359.6803612117449
sc3imsm 839406 12 -4255.622706926194
sc3m 986850 11 -23616.355594215016
sc3iesm 804827 12 -18503.617467885255
IMiscsmB 395846 10 -1207.934381742871
sc1iesm 796448 7 -1319.0653170434912
IMiscsm 369943 9 -1196.076431559268
IMi 595266 10 -1201.6649345056012
sc21nm 305649 7 -1922.4672556825158
sc2el 388216 8 -1544.9267562689197
IMisc 560466 11 -2183.724015869707
sc3eml 173310 11 -1506.25596082657
sc3l 711442 11 -1772.317950916393
sc2e 8480 8 -7150.233429565214
IMsc2sm 96522 9 -1430.012906878409
IMisc2 569669 13 -3876.106507708784
IMisc2sm 748716 11 -1420.959849021524
IMscsm 326468 7 -1430.4387213886887
IMism 497464 8 -1456.8582630961334
sc3esm 209319 10 -24221.606004896686
sc3ml 427245 11 -2829.67989149415
sc3el 983116 11 -1530.2171235788499
sc3ielsm 862364 12 -1607.748818801813
sc3iemsm1 793022 16 -3920.6113979038128
sc3iem 280738 14 -21991.032956892133
