sc1ns 261955 2 -11937.750550371957
IMscns 306186 4 -11853.63161777861
IMns 898000 3 -11876.559923193572
sc2ns 779943 4 -12076.185162407479
sc1nm 789888 3 -2436.0869169583093
sc3ns 766424 6 -11937.903495218174
sc11nm 271501 5 -1707.4754089032558
IMnm 439976 5 -6861.510553322949
sc1esm 13716 5 -23407.875206788827
IMscnm 858517 6 -2434.2655156126416
sc1lsm 878636 5 -1611.673319341626
sc11sm 28157 6 -1547.2101289919678
sc21nm 948937 7 -12508.628225678636
sc1l 857998 6 -1539.1784580861408
s2m 763910 5 -1528.1100569392804
sc2l 510165 8 -1389.592872869621
sc1e 183571 6 -38472.538421485864
sc2el 700264 8 -1590.3678632169701
sc1 216942 8 -1503.801120213611
sc1sm1 744819 7 -1527.8051037779126
sc11 478354 7 -1486.4366675505141
s2msm 989914 4 -1622.640272006473
sc2lsm 292514 7 -1507.329540410906
sc12nm 639185 8 -1941.1130148291606
sc2sm2 518017 9 -1383.3378091624845
s2mi 916307 8 -1289.1331314727697
s2mismB 631664 7 -1314.2211431638148
sc2 497845 10 -1350.3333931487855
sc1ilsm 220633 7 -7236.154037593961
sc2elsm 61948 7 -1530.8186276289389
sc3elsm 990525 10 -1438.953159504486
sc3e 16479 11 -33336.32882635895
sc2sm1 708380 9 -1449.5165604444408
sc1il 170533 9 -1275.5460912024055
sc1sm2 882000 7 -3370.5248101537964
sc1iesm 213780 7 -19028.04818302519
sc3esm 729493 10 -25678.41656078148
sc1ie 457666 9 -16424.34964958259
sc2ilsm 992888 9 -1172.403591210897
sc3mlsm 401924 10 -1502.3693473726205
sc12ilsm 765687 11 -1161.8671358007957
sc2iesm 322480 9 -7059.286166800322
sc3el2 116915 13 -1742.5885297601428
sc3eml 260322 11 -1337.92759782447
sc3ml 577638 11 -1428.2975943303154
sc1ielsm1 140529 11 -14109.484270689263
sc2ielsm 235917 9 -4472.582856584032
sc2il 441320 11 -1230.9561874085382
sc2esm 292469 7 -1664.2099974747653
sc2ie 854520 11 -1253.3352940589218
sc12imsm 821510 11 -18296.07917791532
sc12il 827318 13 -6704.682306281835
sc12iml 331379 13 -1189.655205671608
IMsm_ 271763 6 -1453.7614454165353
sc2i 513213 15 -1122.9386246253284
sc2ielsm2 458440 13 -1193.2302244224315
IM 930990 7 -1355.5587051729988
sc12imlsm1 392033 15 -1134.8678563785616
sc2e 74155 8 -6605.613484236034
sc3m 152092 11 -1688.9369180790131
sc12imlsm2 464075 15 -1207.8251288276224
sc3ielsm 998512 12 -2085.128255600968
sc3imlsm2 11151 16 -6386.879168985515
sc3im 513255 14 -28118.77063393296
sc3em2 440516 13 -1725.5949167155993
IMsc2sm 748149 9 -1452.661965771509
sc3imlsm 628082 12 -1300.3611662269248
sc3imlsm1 527978 16 -4095.691995595335
sc3il 479362 14 -1234.8928743430497
sc1ielsm2 380789 11 -1295.8201103559027
sc3lsm 353547 10 -1742.034117258732
sc3iel 120585 14 -1280.780974572355
sc3iemlsm 235134 12 -1240.5546865160666
sc3ielsm2 217139 16 -5652.538125914302
sc3iemsm2 298788 16 -2719.758590773499
IMsc 901387 8 -1540.1919574394144
sc3ieml 97662 14 -1213.906293719063
sc3imsm 753596 12 -12384.787161771366
sc3emsm 396295 10 -3758.8892553600463
sc3iemsm 166409 12 -8421.916157020758
sc3ielsm1 412000 16 -2176.904031873547
sc1i 50737 13 -1258.4864025647225
IMisc 156654 11 -1159.6734078184556
IMiscsm 849102 9 -7019.90964251923
IMisc2sm 8236 11 -1137.4371051536589
IMiscsmB 46654 10 -1181.7351095285765
IMsc2 394423 10 -2413.885746528802
IMisc2 584577 13 -7696.460893255552
IMism 355833 8 -1161.9823193978818
sc2ielsm1 253761 13 -2221.699093349528
sc3ml2 707762 13 -2594.3351405895805
IMi 210929 10 -3485.9997551736537
sc3iesm 693434 12 -19829.815149051083
sc3msm 667389 10 -35697.26236617728
sc3iem 750106 14 -35461.50883817138
sc3ilsm 599204 12 -4607.2227726508045
IMscsm 886782 7 -1529.229642382951
sc3iemsm1 751977 16 -1775.520349519315
sc3ie 920228 14 -23069.4519585636
sc12imlsm 326983 11 -1520.4229964212561
sc3el 240715 11 -1712.4589893638781
sc2iel 295288 11 -1321.421434740458
sc3emlsm 541461 10 -2331.8307079810306
sc12im 744464 13 -15897.664226192055
sc1ns 707470 2 -11937.751364576628
sc1nm 660479 3 -2436.0879179428184
sc2ns 840072 4 -11937.553293561617
sc11nm 214674 5 -10061.447204817141
sc3ns 540844 6 -11933.543592183196
sc21nm 808317 7 -10190.517818498625
sc1l 685019 6 -2088.617713857156
s2m 545706 5 -1528.1107733692081
IMscnm 371125 6 -2434.41320089725
sc11sm 570728 6 -1622.6715225945663
sc1sm1 916522 7 -1527.1984967791454
sc1sm2 598151 7 -1529.0938744544374
sc2elsm 546171 7 -1494.860669585106
sc12nm 150907 8 -8395.446746997017
IMnm 694377 5 -2434.054644568126
sc2sm1 511231 9 -1353.3803620365452
sc1lsm 652205 5 -1611.673054881218
sc2sm2 595277 9 -1515.8188172187033
s2msm 155265 4 -1622.6400433128063
sc1ilsm 527581 7 -4656.047935377067
sc2e 907900 8 -1593.6847990130723
sc1esm 147711 5 -1713.605922503965
s2mi 162394 8 -1289.8708115106663
sc2el 807968 8 -1367.391548193463
sc2l 622189 8 -4939.392914732725
sc2esm 450162 7 -3369.814572441923
sc2 336370 10 -1347.7770216951744
sc3el 149037 11 -1359.1317936069406
sc2iesm 673227 9 -11589.025969901813
sc1iesm 302005 7 -14427.574504583205
sc1il 473577 9 -1295.994849693317
sc3msm 232245 10 -2740.137880962968
s2mismB 624724 7 -1313.6952895116294
sc1ie 432889 9 -11913.937192905118
sc2ielsm 232727 9 -1140.8363107040582
sc3lsm 74697 10 -3800.627780787154
sc3emlsm 926022 10 -1437.304867568693
IMscns 942377 4 -12046.21256560463
sc2il 193829 11 -1167.3241989483572
sc1 709841 8 -1522.7264104776098
sc3mlsm 909 10 -1508.5118739826733
sc2ilsm 618585 9 -2475.3197108935406
sc2ie 570062 11 -20195.042428475692
sc12imlsm 873708 11 -1141.5290114297486
sc12imsm 257934 11 -2556.6208276795824
sc3eml 547961 11 -1337.5572852896537
sc3e 741506 11 -12967.556008490285
sc2ielsm2 54355 13 -1139.9442821330667
sc2ielsm1 143281 13 -1137.237984038748
sc12iml 310271 13 -13666.578629317528
sc3ml2 851135 13 -1375.6970159334135
sc12ilsm 309170 11 -1172.9490832809574
sc2iel 319685 11 -1260.1539940241705
sc12im 549322 13 -11112.121479804
sc1ielsm2 674933 11 -1244.599453432386
sc3esm 5635 10 -19398.48737743851
sc1ielsm1 159289 11 -1307.6665234883872
sc11 680404 7 -2498.571177221516
sc3ml 269842 11 -1337.672994454502
IMscsm 434149 7 -1453.7325214305436
IM 828459 7 -1355.6622747756578
sc12imlsm1 4732 15 -1137.0140728880353
sc3iesm 708431 12 -23536.29489202902
sc3iemsm 770362 12 -26044.55594627682
sc1i 713193 13 -1399.9760024537584
sc3iem 913378 14 -49242.69134740883
sc3ie 715116 14 -30419.336879972387
sc3ilsm 12200 12 -1208.5003395084732
sc3imlsm 519338 12 -2243.000972410818
sc3ieml 447117 14 -7636.71530469527
sc3ielsm 790712 12 -1782.8072908218817
sc3imlsm2 271759 16 -15568.627354222077
sc3elsm 621270 10 -1761.2576513242477
sc3iemlsm 417156 12 -1176.412205095241
sc3m 678416 11 -6296.310372342186
sc3iemsm2 978630 16 -19559.85448930195
sc3il 396057 14 -1243.0079685384455
sc2i 522676 15 -1199.9262494072116
sc3em2 718765 13 -13665.909387095007
sc3iel 429725 14 -1206.4112353684452
sc12imlsm2 412724 15 -1122.6950737614527
sc3iemsm1 107747 16 -1285.7111086647444
IMsc2 170370 10 -2683.6319930484296
sc2lsm 123477 7 -5224.244161466517
IMsm_ 314948 6 -1453.7099335699618
IMism 605881 8 -4378.387940060283
IMsc 616873 8 -2121.6562837057213
IMns 485701 3 -16158.968880590559
sc3imlsm1 879231 16 -1308.3592432639325
IMiscsmB 251314 10 -1152.4329488219846
IMisc 687802 11 -1152.1714330566242
IMi 152512 10 -1203.0349372807502
IMisc2 755180 13 -1178.409603166935
IMsc2sm 261061 9 -1478.5942365577507
sc3iml 978127 14 -1463.5158663792076
sc12il 264604 13 -2550.334708936408
IMisc2sm 199318 11 -3936.620727636176
sc3im 802344 14 -3894.187876673016
sc3imsm 939652 12 -3276.229176260916
sc3ielsm2 923211 16 -1351.1073663758934
sc3ielsm1 707505 16 -1699.702909259946
sc1e 471286 6 -30390.251702984395
sc3emsm 536434 10 -22243.045931515673
sc3l 835990 11 -2133.810500839154
sc1ns 149936 2 -11937.75090051741
IMns 820331 3 -11853.524938295048
sc11nm 756950 5 -2663.9996812272884
sc2ns 911603 4 -11938.136997383579
sc1nm 166920 3 -2436.0874984847783
IMscns 462166 4 -11856.80710421509
sc11sm 235297 6 -1547.1938537973347
s2m 859328 5 -1528.1112666739546
IMscnm 614032 6 -2441.152917939724
sc12nm 888772 8 -7012.567302073674
sc2elsm 3337 7 -1493.4865583814
sc1sm2 781384 7 -1546.1943480164969
sc21nm 424864 7 -13938.281828825899
sc11 201440 7 -3043.235478097898
sc1sm1 580389 7 -1501.5095589146813
sc1l 573590 6 -1501.4885894681056
sc1lsm 572351 5 -1611.6735441878532
s2msm 630659 4 -1622.6392276339075
IMnm 43269 5 -2434.057825801081
sc2sm2 163332 9 -1370.9803888566114
s2mi 110150 8 -1313.3365461613269
sc2 578086 10 -1588.9917693468115
sc1ilsm 946759 7 -5031.585652479885
sc3ns 708340 6 -11890.446200138005
sc1esm 919622 5 -1621.560552377748
sc3lsm 817379 10 -1624.3219476488816
sc1ie 799346 9 -21437.625557801053
sc2sm1 314053 9 -1625.8114961166316
sc2lsm 415574 7 -1840.733839586728
sc2ilsm 600640 9 -1174.4502246954846
sc1iesm 774129 7 -18341.353000897456
sc2l 36115 8 -1389.361291552587
s2mismB 558898 7 -1314.5999846822713
sc3e 907793 11 -19663.28299729336
sc2el 30852 8 -1367.3829548954031
sc3l 759010 11 -2585.6326928179847
sc3elsm 46805 10 -4728.3449665097805
sc3eml 227330 11 -1337.512414739455
sc3esm 272882 10 -9394.421590091422
sc1ielsm1 367520 11 -1299.6030330028364
sc3mlsm 137664 10 -2743.518083797889
sc12ilsm 133772 11 -2566.741493112967
sc2iesm 87563 9 -32894.14942133614
sc2ielsm 125692 9 -2275.5510131542496
sc3el 62387 11 -7228.33600723031
sc3msm 541571 10 -1947.532961110065
sc3ml 220612 11 -1390.2828017513207
sc1i 552982 13 -8491.850827995298
sc12imsm 570024 11 -22738.309150855806
sc3el2 33272 13 -1366.683485012124
sc12imlsm 541577 11 -5353.171004243565
sc3ml2 770154 13 -1357.2189827632983
sc12iml 264747 13 -6767.739090926526
sc1 953832 8 -1514.3322618173602
sc2ielsm1 1378 13 -1139.6438253182992
sc3imsm 97950 12 -10901.656385929007
sc3im 876028 14 -14963.397033819638
sc3imlsm 499504 12 -9542.259282504934
sc12imlsm1 299920 15 -1133.3839278381188
sc1il 340802 9 -1274.923775654401
sc1ielsm2 83756 11 -1260.3631642244004
sc3em2 119838 13 -5752.373010646067
sc2iel 270641 11 -1193.6942511755112
sc3iemsm 531666 12 -35335.67497299068
sc2i 979677 15 -2108.4036217553767
sc3iesm 823315 12 -9170.28487393481
sc3ielsm 953471 12 -1139.120804912717
sc3ie 817973 14 -23274.83861303344
sc3iemsm1 376140 16 -24056.451810873383
IMsc2sm 739502 9 -2717.82344932575
sc3il 737936 14 -1393.8016130737856
sc3ieml 128794 14 -3119.5871860436355
sc3iemlsm 353061 12 -1245.105932545352
IMsm_ 970646 6 -1453.7099673414218
sc12imlsm2 847848 15 -1235.4985813918945
sc3emsm 675123 10 -17840.41354299179
sc3imlsm1 993207 16 -1222.599568971888
sc3imlsm2 914236 16 -1278.4016754801344
sc3iem 382879 14 -1777.3465170238894
IMsc 921573 8 -1447.2418438157097
sc3m 318005 11 -8199.421532611974
IMsc2 968583 10 -1376.1449324524065
sc3ielsm1 461301 16 -1662.4843711120175
sc12il 151591 13 -3026.991703597596
sc3iemsm2 824614 16 -33449.18311823797
IM 735765 7 -3598.0777763584097
sc2il 707099 11 -1241.3230189800033
sc2ielsm2 333666 13 -2140.873427582841
IMi 922378 10 -1161.636767158153
IMiscsm 331563 9 -3002.273066793514
IMisc 90666 11 -6707.708982037071
IMiscsmB 228357 10 -2340.641043266719
IMisc2 272557 13 -1137.9252416401441
IMism 402137 8 -1161.977409383876
sc3ielsm2 177612 16 -1305.8643534283501
sc3iml 271598 14 -1629.3962394309954
sc12im 897219 13 -3676.6442958351104
sc2esm 413458 7 -7012.241156660142
sc1e 897327 6 -1962.0410046767208
sc2ie 341930 11 -25797.97424997935
sc3ilsm 444690 12 -1688.571930324442
IMisc2sm 205151 11 -1254.685529787201
IMscsm 908466 7 -2025.6706931017916
sc2e 999795 8 -28645.443924494608
sc3iel 601218 14 -2129.0391016421404
sc1ns 801550 2 -11937.751364255406
IMns 577597 3 -11853.525472733369
sc2ns 350077 4 -16155.69958544137
sc1nm 29488 3 -2436.0870728401774
sc11nm 884146 5 -1707.470961379442
IMscnm 651853 6 -2434.5382009392933
sc1l 173565 6 -1513.9643809202985
sc1lsm 703199 5 -1611.6733672894102
sc1e 617410 6 -11017.607539678038
sc1 867594 8 -1507.3481669234336
sc2esm 300325 7 -1466.4790416501478
s2m 238319 5 -1528.1113354737752
sc12nm 684220 8 -2964.465865870089
sc2lsm 427855 7 -1507.330184939377
sc2elsm 902489 7 -1438.6100778737887
IMnm 685573 5 -2434.057726174832
sc2sm1 772472 9 -1373.264207747427
s2mismB 749235 7 -9532.045900810297
sc2sm2 200405 9 -1372.7551190774695
s2msm 176771 4 -1622.6396728489617
sc2l 669480 8 -2439.0419340491244
sc1ilsm 842465 7 -1313.7887513693684
s2mi 35123 8 -1865.6148508834308
sc11sm 121912 6 -1622.6482041317333
sc2 120470 10 -2925.4716461709195
sc11 537936 7 -1528.3715078618181
sc3esm 595289 10 -19495.19880147454
sc1iesm 813554 7 -12447.545734869238
sc3l 145342 11 -1363.0647450337865
sc3el 408410 11 -1360.232189451888
sc3lsm 459794 10 -1554.5510546324558
sc1esm 161022 5 -1713.6041670116247
sc3elsm 277169 10 -1586.9322098482107
sc12ilsm 637412 11 -1145.1543539225013
sc3ml2 494615 13 -1329.1878213028483
sc3e 334963 11 -33832.418902177335
sc2el 824199 8 -1370.6252907465598
sc3emlsm 475044 10 -1509.6648449710192
sc2ielsm 811433 9 -1151.9877694478207
sc1ie 577091 9 -6653.527001796439
sc12imlsm 241716 11 -4046.924467701985
sc1ielsm1 900393 11 -1311.992975449709
sc2il 181454 11 -1615.9937560757019
sc2ilsm 657201 9 -1564.877836938142
sc2iel 2595 11 -1143.9934219201236
sc2ielsm2 571164 13 -1127.6755058099725
sc2iesm 68812 9 -5434.076919436398
sc12il 487207 13 -1223.110810974747
sc3em2 846209 13 -26201.434058606956
sc3ml 403291 11 -1337.3951516875977
sc3ie 993312 14 -21663.151720594764
sc1sm2 617502 7 -1545.60660629742
IM 214938 7 -1355.675947474663
sc1i 725376 13 -1329.6000757563108
sc3imsm 659650 12 -44032.1483718403
sc3ilsm 462776 12 -1172.6347651646613
sc12iml 621471 13 -1230.5407076842419
sc3il 407493 14 -1211.4651609721022
sc2i 540267 15 -1145.8869387867487
sc3im 470899 14 -4929.546165181359
sc3ieml 40288 14 -7014.26437803412
sc12imsm 94112 11 -7093.787074727005
sc3iemsm1 35261 16 -21948.922631604
sc3ielsm1 67776 16 -1135.5514696638602
sc3iemlsm 952430 12 -1138.186413308967
sc3imlsm2 929829 16 -1125.2580312801645
sc3iem 741352 14 -8366.318175919905
sc3imlsm1 453912 16 -1220.7927721887781
sc3iel 885736 14 -1259.5693864999323
sc12imlsm1 894860 15 -1457.0270661917148
sc21nm 841808 7 -10975.212421893631
sc3ielsm2 650816 16 -1750.975787927671
IMsm_ 829982 6 -1453.7091575913719
sc3msm 56581 10 -15267.64994700731
IMism 564813 8 -1161.9796803221152
sc1ielsm2 563881 11 -1309.4948334953417
sc3iml 183702 14 -2530.1763033621537
sc1sm1 212006 7 -3038.0890408450123
IMisc 720612 11 -1182.0413619351589
sc3el2 765826 13 -2812.20708758597
sc3iemsm 222632 12 -5206.340532884344
IMiscsmB 773588 10 -2079.069142393404
IMiscsm 899314 9 -1161.9758626146008
sc2ielsm1 205368 13 -1336.9156958048643
IMisc2 470759 13 -1138.0670955222577
IMisc2sm 977594 11 -2222.761128185867
sc3mlsm 861217 10 -3063.2810842349927
IMi 34260 10 -1159.6938199072863
sc3eml 553261 11 -1710.187210457237
sc3ielsm 322265 12 -2053.9398888841356
sc3ns 684302 6 -12386.581964847179
IMscsm 321053 7 -4279.875133636702
sc3emsm 209302 10 -2877.46779493001
IMsc 217311 8 -2642.7419406884183
sc1il 403420 9 -4067.852461938404
IMsc2sm 704844 9 -1479.240931747046
sc12im 132930 13 -6409.485371136789
sc2ie 706067 11 -14754.64764912969
IMsc2 895586 10 -1635.723312261492
sc3m 423001 11 -8792.070370680503
sc2e 873825 8 -12866.927783847625
sc3iesm 965005 12 -15643.41705545343
IMscns 528426 4 -14023.543000607051
sc12imlsm2 115352 15 -1604.5095807519954
sc3iemsm2 43721 16 -5264.02622627658
IMns 63957 3 -11853.523721733778
sc1ns 357006 2 -11937.751154472699
sc2ns 551587 4 -11937.75168139822
sc1nm 162004 3 -2436.087916063868
sc3ns 539734 6 -12310.234983893166
sc11nm 548639 5 -2668.540356453931
IMscnm 716801 6 -2434.6135685511626
sc11 844722 7 -1704.0883390868219
sc21nm 43916 7 -2623.9804139686025
sc1e 921005 6 -15608.106595787436
s2m 718940 5 -1528.1115727122633
sc11sm 129479 6 -1546.558267069976
s2msm 253175 4 -1622.6404682282941
IMnm 831179 5 -2434.057806196696
sc1sm1 385120 7 -1621.4483689743022
sc1esm 641802 5 -2436.075201176295
sc1lsm 750661 5 -1611.6735243615842
sc2el 107103 8 -1414.8567471277356
sc12nm 867184 8 -18280.284206155426
sc2l 461780 8 -1390.7602335595668
sc1sm2 691407 7 -1622.5899261589168
sc1l 156926 6 -1501.488335542719
sc2 815506 10 -1485.4189989038973
IMscns 336872 4 -11857.921705906905
sc1ilsm 965133 7 -1308.678594402113
sc2elsm 403885 7 -1438.6100742426643
s2mi 960020 8 -6630.399832349248
sc2e 572354 8 -4670.936873263185
sc2esm 229223 7 -1468.3333702011632
sc2lsm 299976 7 -1507.330129452212
sc3elsm 122406 10 -1565.2649182320217
sc2iesm 539065 9 -19141.1987153805
sc2ilsm 974086 9 -1172.4877994856465
sc2sm1 799190 9 -1475.2266029150953
sc3ml 715381 11 -1337.9700551966343
sc3l 858410 11 -4083.3425386471135
sc3lsm 513893 10 -5018.015739065038
sc3m 921771 11 -1520.8454134522244
sc3msm 384118 10 -19734.87266802035
s2mismB 878498 7 -1314.5860769842259
sc1il 556941 9 -1296.7003247753535
sc3el 658460 11 -1377.7006778199793
sc1iesm 883769 7 -18576.625661759706
sc12ilsm 942306 11 -1146.2551294004172
sc2ie 837053 11 -33833.98970591211
sc12imlsm 635028 11 -1141.2147951716158
sc3mlsm 909899 10 -1712.7294103954578
sc1ielsm1 397606 11 -1311.9999507418052
sc2iel 633780 11 -1244.7717728379444
sc3ml2 603299 13 -1435.2910710894444
sc12im 974287 13 -15406.937078949204
sc12il 469259 13 -1246.6979026646634
sc3ilsm 183349 12 -17881.09749380506
sc2ielsm1 391291 13 -1164.7350489894163
sc3imlsm 301998 12 -1151.9644769193105
IMscsm 609684 7 -1453.7309630543234
sc3imsm 584638 12 -8306.403172876706
sc3iemlsm 712826 12 -16163.37200096721
sc2ielsm2 838186 13 -1125.1384876552388
IM 471527 7 -1355.5530213967766
sc12imlsm1 614644 15 -1178.5533880596538
sc2il 928533 11 -1166.962822141465
sc3iemsm 711713 12 -4398.5899045604765
sc3ielsm 567394 12 -2152.51013859389
sc3iesm 525387 12 -16386.955125067627
sc3ieml 157815 14 -1720.8205774780718
sc12iml 148664 13 -1140.780774096237
sc3ie 665504 14 -3033.664882892047
IMsc2sm 475434 9 -1441.6694347122977
sc3imlsm2 290138 16 -1133.3143150078024
sc12imlsm2 653007 15 -1158.3844781658229
sc3iem 758927 14 -4304.256250109102
IMsc2 649478 10 -1340.8409753269261
sc1ielsm2 926395 11 -1793.769327319508
sc3iemsm2 102487 16 -2468.112290261336
sc3iml 415973 14 -1261.188851702602
sc3iemsm1 631932 16 -17345.907341145867
sc3ielsm2 792735 16 -2066.791405219551
sc1ie 364384 9 -1341.453143104729
sc3esm 789649 10 -48684.531049595884
IMsm_ 599457 6 -1474.1939481172333
IMism 644887 8 -1161.9796805751025
sc1 265255 8 -1520.086976174328
IMsc 626708 8 -1883.0720236848967
sc3ielsm1 732132 16 -1195.4088263662834
sc3el2 870254 13 -1411.716831802071
sc2ielsm 295758 9 -2104.705189754756
IMiscsm 938432 9 -1162.057452810428
sc2sm2 858038 9 -1499.9785024579526
sc3imlsm1 984028 16 -1140.5457104376637
IMisc2sm 414355 11 -1136.1696962833344
sc3il 156512 14 -2093.075534192202
sc1i 968796 13 -2091.0432110630923
IMi 367483 10 -1166.8738772562695
sc12imsm 679681 11 -3320.3798663033263
IMiscsmB 652709 10 -1154.3068945199989
IMisc2 362538 13 -1163.3706269866154
IMisc 933100 11 -2329.8947999205056
sc3em2 355768 13 -6429.091233675743
sc3emlsm 653297 10 -1796.4292464339362
sc2i 237045 15 -2150.1078311347596
sc3e 478582 11 -17576.162940899732
sc3eml 595702 11 -1524.318321695794
sc3emsm 69957 10 -13748.44830918756
sc3im 663936 14 -14998.552230471641
sc3el2 589955 13 -1347.222612671517
sc3imlsm 100808 12 -1142.7894529148432
sc3iml 330172 14 -1140.6844217743953
sc3l 85746 11 -2073.6359468828655
sc3iel 658946 14 -1418.0601538397464
IMiscsm 543415 9 -2339.923021921751
sc3emlsm 723813 10 -4498.7712904799155
