IMns 490200 4 -11476.07763616576
IMscns 353790 5 -11340.327949603143
sc1ns 790133 3 -11634.214448054467
sc11nm 211967 6 -28028.87722920665
sc3ns 429038 7 -11029.209591233142
sc11sm 779948 7 -3971.1592162411216
sc2ns 314128 5 -16791.676317708967
sc1nm 921235 4 -5289.229240488078
sc12nm 315774 9 -38080.728305149976
sc11 579523 8 -5781.156306036353
IMnm 586 6 -5240.385294448836
IMscnm 583139 7 -5237.954058682293
sc1sm1 504865 8 -4484.387639281909
s2mismB 693547 8 -7384.542599513288
sc2sm1 922197 10 -3509.710360018657
sc1l 887917 7 -10523.20601676551
sc3nm 872213 10 -5245.515803971685
sc1ie 498657 10 -44177.23034010805
s2m 499337 6 -4388.061938792763
sc2iesm 42214 10 -54401.0764082186
sc1 383393 9 -5040.102900724568
s2mi 365760 9 -4005.2446911455463
sc2 333799 11 -3522.158250412313
s2msm 205795 5 -4409.3761891561335
sc2l 381450 9 -3975.4449408799683
sc2lsm 248213 8 -4153.47390798037
sc1lsm 777138 6 -4283.196492525054
sc1esm 502594 6 -62885.80056197469
sc2ielsm 596618 10 -5084.250758282078
sc1ilsm 453756 8 -4041.7238397715746
sc2el 68017 9 -10501.592736935496
sc1il 473848 10 -3974.1129035840645
sc3em 494379 12 -3564.0453501867
sc3lsm 188789 11 -3908.2827971333163
sc2elsm 780911 8 -4353.313721496168
sc3l 721344 12 -4745.606058013731
sc3iesm 64969 13 -49381.22297761436
sc1ielsm1 732907 12 -3980.9698945631253
sc2sm2 903808 10 -3521.366015561656
sc2ielsm2 984908 14 -3297.4673761696763
sc3msm 580480 11 -60556.28707126403
sc12imlsm 825294 12 -3727.880696495071
sc12iml 496774 14 -3389.5848952655106
sc2ilsm 980420 10 -3776.7143600985237
sc2iel 308400 12 -20142.52012752098
sc3mlsm 238013 11 -7468.832836255593
sc3ilsm 436710 13 -6440.783918270265
sc3emsm 752061 11 -4264.10333940772
IMscsm 298368 8 -3791.975824605607
sc3im 344093 15 -51546.53264304098
sc3ml 436751 12 -5802.442869080671
sc12imsm 839114 12 -44680.00746644237
sc3ml2 180449 14 -3509.2550059233763
sc12il 855629 14 -3837.0215103780265
sc3imsm 394454 13 -33790.5213035402
sc1ielsm2 18977 12 -4215.677695348684
sc3iem 344145 15 -27798.953401718987
sc3ie 788094 15 -13324.58221428164
sc3imlsm1 628903 17 -13833.742985947822
sc3ielsm 473484 13 -3888.289036792072
sc3ieml 680473 15 -3367.5177363507128
sc2i 43388 16 -24034.234545735493
sc3imlsm 655591 13 -3407.9813941642897
sc3iel 358689 15 -3387.6555332117773
sc1sm2 240462 8 -4170.9303944335825
sc3il 174070 15 -4321.917425564512
sc1i 118275 14 -4341.122067595881
sc3iemsm 564588 13 -6880.913891905532
IMsm 489762 7 -4004.694014809146
sc12imlsm1 841534 16 -3979.0624902465156
sc3emlsm 786691 11 -3578.1925583937573
sc12ilsm 853150 12 -4551.834785881352
sc3iemlsm 742281 13 -3614.5454786978607
sc3ielsm2 422173 17 -5786.874648919633
sc3imlsm2 25410 17 -4593.238735075534
sc2esm 396941 8 -33969.4245441994
sc3ielsm1 787162 17 -3859.018589746453
sc3el2 583055 14 -13531.862436145744
sc3em2 877055 14 -7377.367427279758
sc2il 839211 12 -5387.888274475876
sc12imlsm2 318751 16 -3365.0926707783647
IM 452127 8 -3994.7054013445154
sc21nm 267053 8 -11211.970686752262
IMism 540469 9 -6215.197211284785
sc3iml 142571 15 -4863.966125572536
IMsc2 254897 11 -4895.631370219654
IMiscsmB 878353 11 -3546.9125736472447
IMsc 697212 9 -4052.611408956881
sc2ielsm1 624306 14 -3901.07100399683
sc2ie 35302 12 -8238.608855142533
IMiscsm 544899 10 -3896.0880064731805
IMisc 71149 12 -3546.0515713381255
IMsc2sm 923084 10 -10955.917998621073
IMisc2sm 968412 12 -3897.5891838506045
IMisc2 500795 14 -3790.0490458584613
sc3iemsm2 228833 17 -8380.049089370325
IMi 284372 11 -3721.1153572803887
sc3esm 329257 11 -37615.51456122928
sc3m 990924 12 -37531.64173184394
sc2e 408188 9 -43110.972414036136
sc12im 855747 14 -18064.90198793195
sc3iemsm1 705944 17 -23538.435758264917
sc1iesm 966226 8 -18229.14368319649
sc3eml 852166 12 -4032.3098811878917
sc3el 735365 12 -5082.891195573185
sc3e 932437 12 -43728.91067849493
sc1e 665478 7 -51510.32440924163
IMscns 781289 5 -11484.993497091262
IMns 668037 4 -11625.478373967819
sc1ns 786214 3 -11634.209731759303
sc11 713975 8 -4081.450701254741
sc2ns 536803 5 -11634.210675124548
sc1e 826277 7 -43075.42640423146
IMscnm 728142 7 -5239.258884469746
sc1nm 14053 4 -5289.209798816117
sc2esm 677511 8 -22829.011398289724
sc11sm 723418 7 -3970.808158198487
IMnm 327434 6 -32119.686995032163
sc1esm 698545 6 -9284.230493970997
sc3ns 570313 7 -11041.87680078189
sc1sm1 978035 8 -4233.0149993951045
sc11nm 261429 6 -4307.823831262943
sc12nm 277595 9 -14132.754996795942
sc2e 972192 9 -57343.4004824467
sc1sm2 135232 8 -4427.492361814043
sc21nm 431060 8 -29447.669585894695
sc2elsm 688640 8 -3577.9102999448382
s2msm 508205 5 -4409.375073716863
s2m 821683 6 -4527.671053735257
sc1l 115401 7 -4438.170655477971
s2mismB 611342 8 -11939.035527854474
sc2lsm 538063 8 -4153.468079879276
sc3l 805127 12 -3978.697273399161
sc2el 887590 9 -3509.6197118328873
s2mi 187771 9 -4142.587658434148
sc2sm1 120057 10 -3514.030105102009
sc1 260033 9 -4304.908441728669
sc3ml 556476 12 -4749.108334122433
sc2sm2 617773 10 -10855.362695617305
sc2il 88025 12 -3701.329246358813
sc3em 377678 12 -6075.27029384836
sc3nm 23675 10 -10481.835707700015
sc3lsm 928041 11 -3905.7136913332365
sc2 444580 11 -3673.0407462328244
sc2l 47335 9 -3975.4412060654486
sc2ilsm 849525 10 -3722.4808701647494
sc3el 540111 12 -4079.2901083348534
sc2iesm 616586 10 -30947.693233418875
sc1ilsm 122739 8 -15921.553332147676
sc12imsm 576360 12 -11908.45599712066
sc1lsm 276947 6 -4283.198383337346
sc3emsm 988968 11 -5642.8635933713285
sc3emlsm 443002 11 -4478.806729067415
sc3ml2 769069 14 -5044.270766185699
sc3eml 850872 12 -4826.000925506496
sc2ie 376864 12 -9902.928948648965
sc12ilsm 831255 12 -3614.5995025360053
sc2iel 494438 12 -23781.34039373433
sc2ielsm 778388 10 -4058.407368736325
sc3el2 802803 14 -7243.614878892843
sc1ielsm1 922417 12 -4010.6514031061447
sc12imlsm 918285 12 -4055.41738392115
sc12il 740727 14 -4227.965770556052
sc12im 309446 14 -5244.015788272276
sc3iemsm 977530 13 -15666.756464183696
sc2ielsm2 16607 14 -4360.34712575868
sc3ielsm 522268 13 -15638.137989461002
sc3mlsm 821845 11 -3556.0917325216137
sc1il 821907 10 -3989.7061508443458
sc3imlsm 509421 13 -5625.506228744018
sc12imlsm1 671512 16 -3322.9613278627294
sc1ielsm2 237758 12 -4178.314911363168
sc3im 925632 15 -19486.879941646315
sc3iml 793496 15 -6995.665680182473
sc3iel 537844 15 -3474.7959613685625
sc3ie 116213 15 -23051.762520460674
sc3ilsm 124275 13 -3765.5169841331376
sc3em2 946485 14 -7285.985049197299
sc2ielsm1 529437 14 -3355.5530747502708
sc3ielsm2 809448 17 -12067.952818560727
sc3ieml 980144 15 -7917.299460516919
sc12iml 500568 14 -3394.7459359927648
sc3il 775357 15 -4020.5607842346426
sc3iemlsm 363276 13 -3433.030459917485
sc3iemsm2 792645 17 -23967.445209970298
sc2i 896043 16 -5075.66089025263
sc3iemsm1 372065 17 -30917.772549503723
IMsm 438028 7 -4004.6940179955936
sc3ielsm1 360272 17 -7787.881578438581
sc1iesm 760238 8 -59255.90296395341
sc3iesm 907057 13 -49494.81386587117
sc3imsm 798918 13 -36219.12602146999
IMsc2sm 309204 10 -4058.2168431778227
sc3imlsm2 878737 17 -3379.030425923593
sc3imlsm1 488291 17 -3828.415121968275
IMscsm 640402 8 -3791.972820706183
IMsc2 72492 11 -4799.366942414691
IMiscsmB 852748 11 -13558.617167929624
IMiscsm 155654 10 -3556.373965351528
IMism 193689 9 -3817.799457960218
IMi 961153 11 -5921.984619240868
IMisc 320324 12 -3615.5404650206556
IMisc2 421342 14 -3918.6800733354075
IMisc2sm 546504 12 -3610.6508781758635
IMsc 920913 9 -6897.830924446183
sc12imlsm2 217340 16 -3508.720991776846
sc3m 100584 12 -17773.47672616935
sc3iem 886361 15 -8571.729166262836
sc3msm 203651 11 -14789.322152208832
IM 312512 8 -4159.4194600452665
sc3esm 858291 11 -49411.67740602135
sc3e 228989 12 -54382.503627904596
sc3elsm 186606 11 -5295.181139481526
sc1ie 847579 10 -16144.235201707728
sc1i 131185 14 -5789.497554818541
IMscns 187153 5 -11477.209755097803
IMns 235378 4 -11476.161030526027
sc1ns 169703 3 -11634.215508363017
sc21nm 951019 8 -4323.439220661072
sc1nm 340592 4 -5289.205838043365
sc2ns 185112 5 -11035.030518932395
s2m 425744 6 -4761.404281422387
IMnm 216964 6 -7216.986671143555
sc11sm 402777 7 -7242.839717368948
s2msm 9605 5 -4409.391038570732
sc1lsm 17986 6 -4407.399627969091
sc2sm2 156801 10 -3512.0962241901084
sc11nm 306167 6 -11025.361862479102
sc11 468128 8 -5656.6961586991565
sc12nm 114989 9 -41678.26831886421
sc2elsm 839145 8 -9885.263702541703
sc3nm 752708 10 -5231.773443339551
IMscnm 354303 7 -60704.8626011906
sc1esm 67191 6 -6285.050938758259
sc2el 974594 9 -4900.880733927635
sc1e 442534 7 -14203.448590310663
sc1ilsm 689330 8 -4031.219346728513
sc2lsm 213068 8 -4153.472202630902
sc1iesm 976523 8 -56173.97323248707
sc1sm2 626035 8 -4496.780019273709
sc3esm 604514 11 -6212.103612368301
sc1ie 557447 10 -49115.851320966845
sc2sm1 276355 10 -4770.264530693984
sc1sm1 145932 8 -4251.375264963901
sc1 263900 9 -4270.82190339254
s2mismB 495118 8 -6693.778421284353
sc1l 757439 7 -4232.5340539482895
sc2iesm 868403 10 -18581.700284348386
s2mi 724247 9 -4142.680961459968
sc3el 799292 12 -3520.8999132424597
sc2il 270112 12 -3676.13224504743
sc2esm 703580 8 -4297.136476759986
sc2e 75776 9 -3745.447567962959
sc2ielsm 471950 10 -3372.5214765370565
sc2l 87923 9 -4330.653526095312
sc2ilsm 791556 10 -10510.23888129132
sc3elsm 151225 11 -4024.93449930928
sc12ilsm 849840 12 -15826.042650199328
sc2 543564 11 -3562.3204854086057
sc3l 287272 12 -3782.2760514197853
sc2iel 940313 12 -5183.89789463522
sc1il 967512 10 -4098.5491285385815
sc1ielsm1 134545 12 -7307.41343891032
sc3mlsm 223611 11 -4353.816132855992
sc1ielsm2 173320 12 -8921.421978024988
sc2ie 322968 12 -19219.52703864756
sc3ns 254961 7 -11034.197800811824
sc3ml2 663232 14 -3796.3735059579
sc3ilsm 975637 13 -3697.0951258726845
sc12iml 752605 14 -20105.934980121645
sc3iesm 67042 13 -270044.16475327394
sc3em2 24900 14 -9384.590048606316
sc3emsm 506148 11 -9405.12907801723
sc3ielsm 505942 13 -10451.755802906302
sc12il 750791 14 -3554.345531575566
sc3lsm 704778 11 -5698.532806195207
sc2ielsm2 666408 14 -7155.896302263334
sc3il 142378 15 -3702.4255473373587
sc2ielsm1 464286 14 -3676.5492885730923
sc12imsm 683717 12 -6822.292920733204
sc12imlsm1 800227 16 -3329.3827526003442
sc12im 718412 14 -36440.14213113458
sc3imlsm 249669 13 -25733.540379101207
sc3imlsm1 569496 17 -38932.29801333199
sc3iemlsm 400660 13 -4581.857863068148
sc2i 271701 16 -4682.776892650886
sc3em 179385 12 -5072.369058325439
sc3iml 256059 15 -3821.313242391886
sc3imlsm2 824658 17 -3354.476290468074
sc3iemsm1 297420 17 -30239.876550129924
sc3ielsm1 183697 17 -10342.076497373633
sc3iel 367720 15 -4024.955706498832
IMsc2sm 809379 10 -5124.481537243357
sc3ielsm2 718408 17 -3301.412066212908
sc3imsm 958935 13 -36844.72054675719
IMsc 838858 9 -3758.780587602996
IMscsm 588488 8 -3791.9721375183226
IMsm 435754 7 -7183.491054470945
IM 728622 8 -3994.7050422634925
sc3emlsm 727411 11 -4422.613391353942
sc3iemsm 736647 13 -21351.489646615464
sc3iem 297524 15 -16063.675297050695
sc12imlsm2 809885 16 -3315.086576067325
IMiscsm 569124 10 -3555.210513494624
IMism 263852 9 -12523.203461239082
sc3iemsm2 262240 17 -10696.848432707462
IMiscsmB 865661 11 -3569.4821470337824
IMi 420793 11 -5291.326264353449
sc3ieml 937505 15 -3923.9918837107343
sc3msm 880580 11 -20395.24874181637
sc3m 51951 12 -6521.759186000221
IMisc2 329922 14 -3369.978102585889
sc3e 803714 12 -20973.338930570935
sc1i 559380 14 -4021.025362174853
IMisc2sm 642108 12 -4753.921435421037
IMisc 868168 12 -3794.158768601017
sc3ml 127474 12 -5000.639982145189
IMsc2 681965 11 -7479.148894765235
sc12imlsm 650970 12 -4499.722604353445
sc3eml 930590 12 -8113.186905845329
sc3ie 548175 15 -32105.809245637432
sc3el2 370822 14 -5110.2776764051105
sc1ns 520146 3 -11634.209815460697
IMscns 780371 5 -11123.000607979982
sc2ns 181861 5 -16508.037611279062
sc3ns 163421 7 -16499.742861499733
sc12nm 334334 9 -4108.714652049809
sc1nm 558415 4 -5289.225808416453
sc1lsm 211975 6 -5988.332571810232
sc2elsm 832302 8 -3579.245911522218
sc11nm 954747 6 -4309.15201326684
sc11sm 46158 7 -4887.998961531162
s2m 852852 6 -4388.067118888868
sc21nm 677245 8 -29372.96121890879
s2mismB 251639 8 -13342.016273904745
IMns 704048 4 -11629.102237625193
IMnm 217297 6 -5241.430731610605
sc2lsm 902983 8 -4153.470867681721
sc3nm 7088 10 -10570.630674548736
sc11 763615 8 -3970.5648982069765
sc2el 772076 9 -5700.2910702658355
IMscnm 708884 7 -5239.007079210536
sc1sm1 929834 8 -4342.488623510795
sc1sm2 717611 8 -4409.731855967419
sc1l 290883 7 -4344.857090720039
s2msm 350014 5 -4409.377843519512
sc1 379975 9 -5189.954789897835
sc2iesm 268153 10 -78454.71373758222
sc3ml2 699759 14 -3478.563458367259
sc2sm1 409018 10 -6258.8369306595905
sc2ilsm 708324 10 -3726.213368976749
sc2l 465290 9 -3975.4393681648135
sc2ielsm 450121 10 -12985.936777969913
sc1esm 776941 6 -4611.41519012678
sc2 216089 11 -8740.435850819455
sc3mlsm 627078 11 -4596.4384535664885
sc1e 632064 7 -4355.583300028546
sc3e 383618 12 -27765.577538018857
sc1ilsm 44105 8 -4044.2447894054535
sc3l 147274 12 -5479.846216219158
sc3m 580697 12 -32268.959637907596
s2mi 871579 9 -4168.580497063378
sc2il 295216 12 -3737.9281944671693
sc1ie 923898 10 -29831.979271980395
sc3lsm 993722 11 -3964.6856408656813
sc3el 863780 12 -5283.944638072167
sc1il 610748 10 -3978.060980023971
sc12imsm 735971 12 -28525.32255008701
sc3ml 116078 12 -4328.156532509976
sc3ielsm 54266 13 -16807.473250634
sc1iesm 42046 8 -18161.72023764268
sc3iesm 670399 13 -30326.49272604304
sc12imlsm 981399 12 -3665.886764988593
sc12il 364681 14 -4044.704119829002
sc3emlsm 961635 11 -3608.0833378984644
sc2ielsm2 840859 14 -3294.449536315
sc2esm 595031 8 -23111.567104738795
sc2i 633326 16 -3359.3022323478913
sc3il 486705 15 -14741.759070754577
sc3imlsm 321178 13 -3363.525544270474
sc3iemsm 530777 13 -59965.83642687144
sc1ielsm1 973901 12 -4175.814488650455
sc2sm2 52723 10 -4620.112519105171
sc12imlsm2 821231 16 -12224.531189859417
sc12iml 3187 14 -3611.9576784624824
sc3ilsm 398314 13 -3608.1008059448377
sc2ie 458236 12 -20188.002157494877
sc3el2 572023 14 -5129.982514070034
sc2ielsm1 405016 14 -3335.6562097374963
sc3iem 28890 15 -11652.706678102004
sc3imlsm1 721204 17 -3322.2534999037675
sc3ielsm2 111870 17 -20419.108282232773
sc1ielsm2 386767 12 -4050.6720229185594
sc3iml 400710 15 -3514.5792608330903
sc12ilsm 605367 12 -5219.285402268935
sc3eml 751036 12 -7334.603463952322
IMsc2sm 818378 10 -3612.1354691764973
sc2e 725769 9 -10784.462242719404
sc3imlsm2 530823 17 -3373.2337529468964
sc12imlsm1 619454 16 -11352.367468553264
IMsm 627546 7 -4004.694132139647
IMsc 744982 9 -5012.6273579731915
sc2iel 755476 12 -3799.792794792688
sc3ielsm1 127010 17 -4625.047998092067
IMsc2 981784 11 -5481.483260794408
sc3em 78405 12 -5058.120297772055
sc3iemlsm 712593 13 -3543.1318654787365
sc3iemsm1 12726 17 -15884.777629461169
IMiscsm 512733 10 -3655.5003595328317
sc3elsm 306593 11 -10006.332306233477
IMism 477997 9 -3811.9559969741554
IMiscsmB 156529 11 -12187.442625534932
sc3emsm 317324 11 -22683.979499054352
sc3imsm 811312 13 -5984.307340342606
IMisc 913091 12 -10091.673591093808
IMisc2sm 711494 12 -3728.3149084920706
sc3iel 578515 15 -5032.148997871978
IMisc2 149089 14 -3368.5392058471766
IMi 296109 11 -3769.0120347459742
sc3esm 932948 11 -65157.837545687384
sc3ieml 715613 15 -4788.983692660695
sc3im 626264 15 -4917.551750796094
sc12im 666979 14 -16219.526304681682
sc3em2 530840 14 -4636.0661268100885
sc3msm 35523 11 -56356.28026511964
sc3ie 558638 15 -42900.9967446263
sc1i 678779 14 -5872.478341862577
IM 124828 8 -4555.062766707002
IMscsm 7688 8 -6378.342994322083
IMns 687840 4 -11476.077638376042
sc11nm 424572 6 -5624.59311604573
sc2ns 759935 5 -16476.226992237283
IMscns 404679 5 -11476.080218558154
sc3ns 974385 7 -11722.841478338922
sc1ns 952283 3 -11634.210812895388
IMnm 147171 6 -5240.192723081951
sc11sm 691721 7 -4411.389050259549
sc1nm 723731 4 -5289.224700639547
sc2lsm 467413 8 -4098.584999454507
sc2l 993294 9 -4982.678936433629
sc1l 239329 7 -4232.6265194636035
sc11 703836 8 -4389.562737901182
IMscnm 306875 7 -40702.38451139284
sc12nm 437196 9 -42395.6059348225
sc1sm2 293927 8 -4430.257794283686
sc1lsm 894805 6 -4283.19584071432
sc2sm1 40981 10 -3512.371550250574
sc1sm1 468393 8 -4241.055049515327
sc1 88697 9 -4824.546766794474
s2mismB 50334 8 -4426.53265703233
s2m 50362 6 -4388.066920518198
s2mi 416361 9 -4144.43725783276
sc21nm 621157 8 -5861.929206367363
sc1esm 754281 6 -4611.4224009087475
sc3lsm 265986 11 -4050.3883092021524
sc12imsm 16542 12 -76706.60031097327
sc2ilsm 623107 10 -3776.718165308436
sc1ilsm 890056 8 -4117.244535086607
sc3nm 734523 10 -14048.508538623442
sc3emlsm 390993 11 -3543.5676980966364
sc3l 430095 12 -3786.4653608939984
sc2sm2 345323 10 -4285.990964011008
sc1ielsm1 469166 12 -13165.720644240519
sc12ilsm 428413 12 -22433.821884540022
sc3em 174697 12 -4946.9292793559025
sc2ielsm 658351 10 -3389.0989847551664
sc3elsm 644108 11 -4148.783358038379
sc3ml 454420 12 -6431.555744332201
sc1il 707634 10 -4010.706582365018
sc3ml2 790371 14 -3844.9485413945326
sc2il 208057 12 -4370.256264828638
sc3mlsm 560006 11 -3556.0875938940726
sc12il 961649 14 -3853.330681176345
sc2ielsm2 696850 14 -10484.805801269116
sc12im 574934 14 -43849.15341086465
sc2ielsm1 352268 14 -3336.0454025262798
sc3im 923066 15 -18983.301827889678
sc12iml 934573 14 -17482.0083482081
sc3imsm 567140 13 -16534.70791736946
sc3eml 496155 12 -4009.490329137676
IMsc 9849 9 -3758.7916054287425
sc3imlsm 717192 13 -5783.225385153246
sc12imlsm1 37369 16 -4041.3298759350287
sc3iml 628235 15 -6799.894752340806
sc3ilsm 244797 13 -22576.27887288201
sc3iel 492094 15 -3318.8577488662404
sc3iem 347834 15 -23855.27288924072
sc3ie 421335 15 -29505.764947223204
sc3il 516173 15 -4219.647013323245
sc1e 581192 7 -28151.578624930815
sc12imlsm 476083 12 -3397.413705545877
sc3ielsm2 604488 17 -27591.065445639728
sc12imlsm2 232757 16 -3631.577779016531
sc3ielsm 296358 13 -3968.6427927368754
sc2i 446489 16 -3388.8678609472154
sc3iemlsm 253074 13 -4260.583249097292
sc2esm 424213 8 -47321.132822829255
IMsc2sm 956908 10 -8679.170148453357
sc3ielsm1 570242 17 -10710.365324618917
IMscsm 623487 8 -7526.108867457516
sc3msm 195879 11 -17641.53505999997
sc1ielsm2 686288 12 -4139.92407401305
IMsm 514506 7 -4004.6941320820088
sc3imlsm1 848930 17 -6433.322560457918
sc2iel 120531 12 -5531.038686535265
IMsc2 335126 11 -6262.570995099198
sc3el2 953398 14 -7028.5270357322825
sc3iemsm1 465164 17 -6680.809311235953
sc3em2 402912 14 -39117.673077527405
sc3e 462180 12 -55823.34716743532
sc2el 12942 9 -7247.723125035461
sc3imlsm2 122930 17 -4057.8277420077047
sc3iemsm 243951 13 -7111.572544977918
sc2iesm 183183 10 -38436.39220281525
IM 136932 8 -4001.2334644029797
IMi 527045 11 -4548.612830028174
sc1iesm 242329 8 -34946.52307313241
sc2 832938 11 -4496.569200695557
IMiscsm 240630 10 -3810.516646450523
IMism 772786 9 -3806.650794137993
IMiscsmB 937715 11 -3572.884552208712
s2msm 102605 5 -11967.893664295416
IMisc2sm 182130 12 -3431.1445289878384
sc3iemsm2 843865 17 -8276.648134440895
IMisc 626332 12 -5012.9783576917425
sc3emsm 721525 11 -8675.507599751734
sc1ie 752398 10 -27538.472372504017
sc3m 637213 12 -17622.076208968087
sc3ieml 528111 15 -3783.801601774966
sc2e 297583 9 -20549.995029015805
sc3iesm 29223 13 -20807.313181361635
IMisc2 243468 14 -3703.490364062865
sc1i 440147 14 -5987.708224553358
sc3esm 306322 11 -47049.40962509382
sc2elsm 575047 8 -3578.0396329558002
sc3elsm 47641 11 -4581.056778852597
sc3el 112794 12 -3754.062192825186
sc3iemsm2 663620 17 -34071.36633595372
sc3im 888484 15 -26503.24058379102
sc2ie 360546 12 -61554.7018426727
