sc1ns 23391 2 -48831.82294798896
IMns 590310 3 -48617.05366771925
IMscns 283834 4 -48481.20921603779
sc1nm 505040 3 -6614.594834684745
sc2ns 564647 4 -48831.682671841736
sc3ns 117327 6 -49157.63586604995
IMnm 69211 5 -6095.658725624052
sc21nm 322775 7 -14145.37087167789
sc11nm 528076 5 -5801.582906830771
IMscnm 736779 6 -6096.143126010082
sc1esm 713301 5 -4418.261700739575
sc12nm 276563 8 -8833.853380666393
sc1lsm 783190 5 -4214.188062134443
s2m 679738 5 -4342.992060975795
s2msm 84301 4 -4414.359387444488
sc2elsm 593488 7 -3493.7843312112923
sc11 85956 7 -4343.162500642748
sc11sm 334890 6 -4414.489872440679
sc1sm2 12139 7 -4236.127620026063
sc2e 776761 8 -6848.82594865803
sc2el 754305 8 -3447.7649515998455
sc1sm1 707174 7 -4194.728965729453
s2mi 707822 8 -3519.6186073434665
sc2sm1 852408 9 -3371.9715160837827
sc2esm 933772 7 -26013.86449681744
sc2 176478 10 -3299.692403658468
sc2lsm 903413 7 -3684.2645100273016
s2mismB 994356 7 -3520.3044378807626
sc3elsm 58753 10 -3444.6248218738165
sc3l 280247 11 -3517.84026017191
sc1ilsm 715705 7 -3370.364730274316
sc3lsm 584313 10 -3637.906119311906
sc3msm 433278 10 -8538.040057125541
sc3mlsm 322069 10 -3478.720526621839
sc2l 737427 8 -3567.252471778777
sc2sm2 336774 9 -4034.036087561216
sc3ml 986125 11 -3356.275886922739
sc1il 300187 9 -6564.317432367308
sc12ilsm 730740 11 -2629.1283939841805
sc2ilsm 943991 9 -18409.92008150179
sc3e 286970 11 -26453.21857669602
sc3em 780990 11 -3431.64950874788
sc2iesm 570818 9 -16338.280816213892
sc1 818039 8 -4382.824794033286
sc2ie 272148 11 -6960.884759432699
sc3emlsm 875913 10 -4068.8056710827723
sc3ml2 808699 13 -5197.965315554138
sc12imsm 140051 11 -14939.585187572451
sc2ielsm1 823473 13 -2554.827981114191
sc2ielsm2 421926 13 -2530.787203765021
sc2ielsm 475670 9 -5044.64725614318
sc12im 967901 13 -32965.02385341882
sc3ielsm 840005 12 -2628.1024020766035
sc3il 817767 14 -2763.2228511175163
sc1e 873011 6 -5866.350302594285
sc2il 374971 11 -2609.347866953438
sc2iel 872856 11 -3901.838374987065
sc3imsm 440969 12 -8897.34720121984
sc1ielsm1 999067 11 -4018.4519539298253
sc2i 360914 15 -2527.494996766207
sc12imlsm1 431852 15 -2565.8891108826283
sc12il 689408 13 -3036.7231654515494
sc3ilsm 982536 12 -3248.942788347738
sc3iel 459601 14 -2569.1760679256367
sc3iml 934906 14 -2554.787962928133
sc12iml 163325 13 -2603.7436640943847
sc3iemsm 386518 12 -8011.234186350232
sc1i 903904 13 -3467.2685520978266
sc3imlsm1 504171 16 -2569.091644783626
sc3imlsm2 241108 16 -2587.511430379433
IM 579508 7 -3472.3025072072287
sc12imlsm2 145863 15 -2566.1659276696837
sc1iesm 83538 7 -18574.244165200515
sc1ielsm2 910199 11 -3389.9265583591314
sc3el2 168768 13 -6328.232241101259
sc3ielsm2 590109 16 -2671.7217237361265
IMsc2sm 61184 9 -3705.345608815617
sc3ielsm1 26478 16 -2924.8756244204374
IMsc2 371517 10 -3376.9455425980086
IMsm 149401 6 -3594.957764469913
sc3emsm 237398 10 -5746.806641253848
sc3iemlsm 227992 12 -3580.2844492485574
sc3iemsm2 755083 16 -20466.923435661036
sc12imlsm 226197 11 -2692.615075275221
IMscsm 498964 7 -3564.15181045341
sc1l 942977 6 -8735.847326906698
sc3em2 189749 13 -43602.06210051812
IMiscsm 115006 9 -2599.317143874957
sc3esm 617599 10 -61962.90930304969
IMi 606909 10 -2701.983900052513
IMiscsmB 183668 10 -2670.7230168322767
IMism 345714 8 -3126.6989591688553
sc3ieml 840266 14 -2757.025805085825
IMisc 832453 11 -5967.716924383824
sc3eml 609535 11 -3948.5451851101925
IMisc2sm 428263 11 -14039.343090982884
sc3im 541117 14 -4760.124664414481
IMsc 755264 8 -3576.289697597334
sc3iemsm1 446006 16 -14967.906377947193
sc3imlsm 441343 12 -5716.615164048735
sc3iem 87380 14 -4260.004357994847
IMisc2 672970 13 -3296.9276436188347
sc1ie 803089 9 -33510.44172615734
sc1ns 333945 2 -48831.82312236234
IMns 450171 3 -48617.05366766709
IMscns 343289 4 -48481.59827691555
sc2ns 83937 4 -55379.89104938333
sc1nm 62165 3 -6614.594316377085
sc21nm 234762 7 -6699.95364896694
sc11sm 980770 6 -4404.854453226954
IMscnm 480818 6 -6102.901318947449
sc1esm 566324 5 -4418.3144453123805
sc11 80418 7 -4337.461260219619
sc12nm 814774 8 -7859.462513243886
sc2l 873727 8 -3567.2524281673413
s2m 279123 5 -4342.99154715848
sc2e 722640 8 -3523.8262857397426
IMnm 385647 5 -6095.659811679507
sc1e 949189 6 -10444.61045426831
s2msm 514295 4 -4414.3593943004835
sc1lsm 384360 5 -4214.187935700498
s2mismB 561877 7 -15265.364199964488
sc1l 587071 6 -4108.711396927368
sc2el 444799 8 -3447.9002648129685
sc1sm2 772380 7 -4339.862377548697
sc2 802723 10 -3325.512482056524
sc2sm2 97644 9 -3334.1613681579647
sc2sm1 188147 9 -3464.731503246056
sc2lsm 650819 7 -4054.3447002531675
sc3msm 911431 10 -4047.800294626214
sc1 24383 8 -5668.527568627747
sc2elsm 131697 7 -3493.7825908326113
sc1ie 43909 9 -28509.20170108868
sc1sm1 18402 7 -4332.472371738131
sc3mlsm 798234 10 -14244.937953133382
sc1iesm 737702 7 -42552.25694048388
sc1ilsm 117139 7 -6377.861201035829
sc2iesm 325504 9 -19991.620361674137
s2mi 407088 8 -3540.8116330495855
sc2ielsm 840549 9 -12749.54367623633
sc2ie 106127 11 -2795.49106338222
sc12ilsm 884502 11 -2624.9910951369366
sc3emlsm 472520 10 -3496.1702231947447
sc3ml 25652 11 -3975.922744721065
sc2il 807224 11 -4355.330284986706
sc12il 205082 13 -2643.533268449896
sc3el2 706438 13 -8548.651374239109
sc11nm 793841 5 -7038.901421790835
sc3ilsm 954809 12 -2595.0873110094344
sc12imlsm 750422 11 -5210.411575819856
sc2iel 730969 11 -14408.404687938388
sc12iml 999716 13 -2567.4148013906934
sc2ielsm1 278752 13 -2633.151711441429
sc1il 981281 9 -3383.48140813424
sc2ilsm 118283 9 -2628.933783107478
sc3e 665971 11 -13568.392445225418
sc3iesm 236607 12 -70831.05411590566
sc3il 745974 14 -2575.4641047123414
sc3imlsm 461578 12 -2567.2110188767847
sc1ielsm1 152233 11 -3559.4681900781648
sc3iemsm 300027 12 -58923.4069922036
sc3ielsm 201424 12 -2582.7462492613995
sc3imsm 878359 12 -20952.94774248214
sc2i 533226 15 -9893.250883523075
sc3iemlsm 888479 12 -2580.1567882422355
sc3iml 851335 14 -2556.939349589688
sc3m 568406 11 -5732.359174952938
sc1ielsm2 985290 11 -3463.892227072222
sc3ns 622491 6 -50026.12081708604
sc3imlsm2 327288 16 -14090.064506743296
sc12imlsm2 917317 15 -3786.696448408255
IM 67731 7 -3473.4830941495993
sc2esm 317083 7 -28058.249279697025
sc1i 980872 13 -3586.165884960895
IMsm 142876 6 -3594.9577712215064
sc3em 394073 11 -4068.7646247513794
IMsc 997171 8 -3439.3870733484973
IMsc2sm 777289 9 -3504.106272064949
sc3ielsm1 901292 16 -2986.103806470849
sc3l 657584 11 -8549.574000017425
sc3imlsm1 136891 16 -2780.973085436104
sc3ielsm2 480141 16 -3287.745211155508
sc3lsm 3929 10 -17255.429166702073
sc2ielsm2 222826 13 -2822.161610446222
IMscsm 518117 7 -3564.150741403365
sc3iemsm2 251103 16 -185008.94694318902
IMiscsm 725068 9 -12967.627495876168
IMiscsmB 450883 10 -8719.810192524623
IMi 125984 10 -2726.648355879041
IMisc2sm 628297 11 -2574.953212318067
sc12imlsm1 218071 15 -3035.034311486971
sc3em2 421317 13 -5872.672315837294
IMisc 725914 11 -2710.470098433929
IMisc2 721252 13 -2555.447147788707
sc3eml 994913 11 -4907.716186909401
sc3iel 243011 14 -8213.046409880399
sc12im 902173 13 -5934.739004732154
IMism 118455 8 -2719.1537122049963
IMsc2 408664 10 -5906.113092643656
sc12imsm 194338 11 -9076.85093756934
sc3ieml 617970 14 -4380.378860021478
sc3ie 850578 14 -25155.299854772853
sc3iemsm1 386279 16 -29152.073548381144
sc1ns 674487 2 -48831.823121944486
IMns 672765 3 -48617.053667465465
IMscns 696120 4 -48481.27094854907
sc2ns 606824 4 -48480.14395164491
sc3ns 233566 6 -48488.07751044577
sc1nm 728422 3 -6614.590506857175
sc11nm 665558 5 -5806.707044173055
sc11 381266 7 -4329.23882675475
IMscnm 435106 6 -6104.509887449971
sc12nm 915044 8 -4718.288825256128
sc1esm 915350 5 -4418.083957215781
s2msm 260995 4 -4414.359394422495
IMnm 648637 5 -6095.6598220331625
sc11sm 914966 6 -4414.353196100003
sc1sm1 937279 7 -4108.7194593348595
sc2e 22983 8 -3523.5868877571666
sc2esm 184644 7 -6364.826430912661
sc21nm 711665 7 -5812.88027443348
s2m 634293 5 -8548.695491069962
sc2elsm 341445 7 -3493.783996700035
sc1lsm 430740 5 -4214.18798332275
sc1 692896 8 -4344.226315501922
sc2lsm 479320 7 -3684.265249537372
sc2sm2 984439 9 -3319.7471625533403
sc1sm2 926004 7 -6434.73890675594
sc2l 98780 8 -3567.252434206625
sc2 119291 10 -3299.739749998805
sc1l 804413 6 -4108.713146201581
s2mi 274200 8 -5675.376884466652
sc1il 398047 9 -3350.454684589201
sc3m 10996 11 -10160.514273008725
sc3emsm 775119 10 -10144.88439197207
sc3emlsm 228679 10 -3479.1640353685316
sc3l 413979 11 -5135.057588095941
sc3lsm 443587 10 -4009.3918109864503
sc3e 444563 11 -26406.461142974335
sc2el 945456 8 -3447.7164049310923
sc2iesm 316363 9 -33740.898562245406
sc3ml2 212471 13 -3306.2408830589598
sc1ie 455625 9 -12973.763485163892
sc1ilsm 544168 7 -3370.27685492365
sc12ilsm 765068 11 -2630.7177291894413
s2mismB 99202 7 -3520.2331734013214
sc3em 500139 11 -3465.493770925701
sc3em2 230294 13 -14768.083910726662
sc2il 624452 11 -2802.7492018075404
sc2ie 215964 11 -10474.204062376923
sc1iesm 93830 7 -4245.612300924578
sc3ml 43511 11 -8674.596412793135
sc12imsm 644566 11 -58831.1645740026
sc12imlsm 127365 11 -2587.1699326435537
sc3ilsm 441195 12 -2595.2968341689284
sc3iesm 744704 12 -31884.93232581985
sc3imsm 708522 12 -2631.1665584522602
sc2ielsm 249201 9 -2594.67489680774
sc1i 601797 13 -3434.4422024996024
sc2ilsm 623967 9 -2628.929837146336
sc2ielsm2 426711 13 -2533.085120963416
sc3imlsm 270850 12 -2566.60502861183
sc2iel 656371 11 -3429.3802355124626
sc3ielsm 180499 12 -2583.0414093065983
sc2ielsm1 304026 13 -10496.213856969769
sc1ielsm1 29444 11 -3392.9773054400744
sc2i 393114 15 -2642.436526995204
sc3il 549961 14 -6995.171892976769
sc3msm 387114 10 -6668.601677109668
sc3im 491235 14 -28322.151814999925
sc3el2 529403 13 -5971.596424001021
sc12il 971206 13 -2919.7338917508405
sc3iml 482919 14 -2627.095831846287
sc3imlsm2 849394 16 -2548.114221838049
sc3ielsm2 378891 16 -2561.114632188551
sc3ielsm1 889947 16 -2589.9551382555205
sc3ieml 481887 14 -2593.7578012299955
sc3eml 496708 11 -3944.3688355613017
sc1ielsm2 518355 11 -3564.9344496553167
sc12iml 588516 13 -4051.5886629422153
IMsc 896882 8 -3439.393034669391
sc12imlsm2 12682 15 -2733.920280371665
sc3iemlsm 266054 12 -3206.1957562913735
sc3iel 423868 14 -2751.9386421082854
sc12imlsm1 653664 15 -3417.821709927202
IMsc2 577370 10 -3375.7062858657387
sc2sm1 745373 9 -4861.741064076533
sc3imlsm1 353772 16 -3161.442887668679
IMsm 355450 6 -3594.957789819082
IM 785698 7 -3472.279218089282
IMscsm 510397 7 -16708.336979107764
sc3iem 423753 14 -12690.625067033654
IMsc2sm 998390 9 -3519.229759991314
sc3iemsm2 79739 16 -11410.777875667722
IMisc2sm 509424 11 -2574.9537323571926
sc3iemsm 943823 12 -6549.054238270272
sc3iemsm1 458249 16 -6117.331652454243
IMi 975020 10 -2701.592585684086
sc3esm 75821 10 -9824.680918696828
IMisc 730206 11 -2578.4637796762413
IMiscsm 294817 9 -2599.316857438333
IMism 686061 8 -2719.1649432211098
sc3mlsm 133228 10 -4326.948323359436
IMiscsmB 241577 10 -2590.024600859293
IMisc2 321795 13 -5019.424932132505
sc1e 796954 6 -13657.423396927086
sc12im 800359 13 -6038.2415382083755
IMns 362430 3 -48625.68049568299
sc1ns 810771 2 -48831.82312042039
sc3ns 400648 6 -48480.24000348662
sc11nm 252955 5 -6614.698921963752
sc1nm 489084 3 -6614.584177695444
sc2ns 3523 4 -55373.9219353757
sc21nm 722183 7 -23619.448521508835
sc11sm 336014 6 -4400.9174141436915
IMscnm 550259 6 -6098.752912133984
sc1esm 275712 5 -6614.641668996903
sc12nm 64081 8 -14555.440581217003
sc11 6665 7 -5479.797200508074
s2m 199930 5 -4342.992060913428
sc2l 86095 8 -3567.2524332167923
sc2esm 289904 7 -9812.126685489218
IMnm 770471 5 -6095.659822819978
s2msm 678309 4 -4414.359371016013
sc2sm2 273416 9 -3318.8806656767415
sc1sm2 298550 7 -4431.8982669774405
sc1 195066 8 -4145.760734354102
sc1lsm 88275 5 -4214.1880711822505
sc2lsm 362995 7 -3684.264442712676
sc2sm1 172587 9 -3566.8519875665006
sc2el 580868 8 -3447.7179937801084
s2mi 119968 8 -3525.1895509971096
sc1l 453312 6 -4108.712927444602
sc3elsm 138588 10 -3487.9669445852037
sc2elsm 530139 7 -3493.783996684753
sc1ilsm 479641 7 -3370.380960458513
sc1iesm 712344 7 -40026.846657832146
sc2ilsm 240785 9 -2629.0508803930957
sc3esm 550064 10 -13626.555326673968
sc2 146025 10 -3774.4098790511734
s2mismB 524660 7 -3520.2374175398613
sc2iesm 521896 9 -22138.482484721204
sc12ilsm 959169 11 -2640.285331857853
sc3emsm 196238 10 -5896.297981064799
sc1ie 490764 9 -31230.245769614605
sc2ielsm 547645 9 -2586.2246588556304
sc2ie 369434 11 -14091.520217254472
sc3msm 198277 10 -16281.627564780945
sc12imsm 189277 11 -32996.893665148506
sc3ml 430921 11 -6273.143524160584
sc2il 75748 11 -2780.504135054587
sc3em 132354 11 -5303.348235455338
sc2iel 990213 11 -2567.4530320483777
sc12imlsm 46691 11 -2586.714441207345
sc3imsm 600422 12 -18941.712157884464
sc1e 893958 6 -13041.010401742746
sc1il 677505 9 -3350.4569408401017
sc2ielsm1 259610 13 -2597.00488351511
sc3iesm 348581 12 -18080.533106981773
sc3im 276611 14 -53937.06508341588
sc12im 621234 13 -17591.763752346353
sc1ielsm1 44982 11 -4538.969268795908
sc12iml 180322 13 -2567.017132711013
sc3il 466295 14 -2708.6179799958877
sc3imlsm 663025 12 -2567.315621498648
sc12il 32392 13 -2609.4231499296793
sc3ml2 396107 13 -3705.5222784269436
IMscns 608553 4 -48619.09334775863
sc2ielsm2 74136 13 -2552.6647293761043
sc3ie 332679 14 -26797.00256389035
sc3em2 897082 13 -24475.600371445646
sc3iemlsm 461400 12 -2585.8346282947814
sc3ilsm 471421 12 -9136.931590062628
sc3mlsm 56633 10 -4372.650866110951
sc3ielsm 806705 12 -11967.559075283796
sc3iemsm 575213 12 -15730.746873768332
sc3lsm 312249 10 -7841.744102747945
sc3iel 272631 14 -20057.161777141093
sc3iml 384981 14 -6921.869549410765
sc12imlsm1 385091 15 -2600.4300568326803
sc2i 921476 15 -2849.2592791980314
sc3imlsm1 187513 16 -2536.4406150424893
IMsc 231947 8 -3498.8156119404066
sc3m 206169 11 -19507.622092046455
sc12imlsm2 965064 15 -3247.6410288643997
IMsm 814499 6 -3594.957779041659
sc3l 621550 11 -4356.10500461371
sc1ielsm2 588482 11 -3664.784408354431
IMsc2sm 277765 9 -3504.25571947832
sc3imlsm2 137290 16 -3141.243967291452
IMsc2 485211 10 -3390.967894466923
sc1i 969153 13 -3868.5653337464587
sc3iem 845738 14 -12992.060028788772
sc3iemsm1 41759 16 -31270.316401717
sc3ielsm2 906919 16 -2857.6501223845257
sc3eml 810733 11 -5538.379416619449
IMscsm 272592 7 -3564.150550974975
sc3emlsm 997297 10 -4334.108221078056
IMisc 337138 11 -2752.3581773264655
sc3iemsm2 431351 16 -19210.704384020526
IMiscsmB 951134 10 -2771.3863269618237
IMisc2 693728 13 -2554.9735848004557
IMisc2sm 189722 11 -3055.075649099441
IMiscsm 638367 9 -2599.32342031392
IMi 730352 10 -2782.5574309434614
IMism 88395 8 -2719.156021544932
IM 837571 7 -4142.358298810002
sc3e 591170 11 -45617.33786440652
sc2e 730399 8 -38334.29704386994
sc1sm1 993394 7 -9010.452849966092
sc3el2 782008 13 -6793.119943842166
sc1ns 563734 2 -48831.823038493865
IMns 552854 3 -48617.0536531322
sc2ns 853472 4 -48480.14352008478
IMscns 77837 4 -48481.606673625196
sc3ns 27967 6 -49652.62026826408
sc1nm 829850 3 -6614.5949715377865
sc11nm 487904 5 -6761.656977343106
sc21nm 315658 7 -5800.921085927909
IMscnm 445089 6 -6099.850484614164
IMnm 883437 5 -6095.658158802505
sc12nm 670875 8 -4714.915194561384
sc11sm 129270 6 -4416.703333383966
sc2l 864996 8 -3567.2524010037478
s2m 437157 5 -4342.991928567553
sc1lsm 490778 5 -4214.186265868095
sc11 631605 7 -4360.299234413089
sc1e 319153 6 -41642.28667274365
sc2esm 445826 7 -11316.420894973235
sc1l 438920 6 -4108.711334254121
sc1esm 702968 5 -6614.608819892676
s2msm 277064 4 -4414.359345832936
sc1sm2 350195 7 -4214.202800614561
sc2lsm 471599 7 -3684.2649192254466
sc2el 397318 8 -3447.781000237035
sc2sm2 180706 9 -3319.989378108543
sc2elsm 569374 7 -3493.7822092378933
sc2sm1 324198 9 -3370.0226967510644
sc3l 306127 11 -3524.814677262536
sc2iesm 654020 9 -43126.75797605564
sc3ml 607870 11 -3347.893805431715
sc3msm 165021 10 -7609.590077748559
sc3emlsm 245236 10 -3478.233386094429
sc1il 844816 9 -3352.4866564634312
s2mismB 34035 7 -3520.2375555886015
sc3lsm 805679 10 -10819.023533327152
sc3eml 160391 11 -3358.9368577384325
sc1 759311 8 -5021.059439113053
sc3ml2 216510 13 -3329.089978248524
sc1ie 551046 9 -22272.984999136264
sc2ilsm 3658 9 -3726.430454447525
sc3elsm 137063 10 -3593.4315517669047
sc2il 933534 11 -2609.407677315554
sc2 812803 10 -4083.162222245236
sc12im 140577 13 -51761.408305893274
sc12ilsm 561742 11 -6593.049410752794
sc12imsm 717780 11 -18871.019623756034
s2mi 923556 8 -3519.6201036190505
sc3em2 354850 13 -17052.3160874128
sc12il 550403 13 -2655.7299138434137
sc1ilsm 873813 7 -3370.283433177281
sc12imlsm 995986 11 -2615.0654273831883
sc1ielsm1 912129 11 -3444.2193255189277
sc3ilsm 959234 12 -2605.4237944229662
sc2iel 827054 11 -2569.720833249096
sc3em 889263 11 -4033.683682327981
sc3ie 781282 14 -16326.768842142073
sc3mlsm 647948 10 -5793.063016409944
sc3imsm 619300 12 -4468.4635573121
sc3il 708480 14 -2765.210038062852
sc3ielsm 259173 12 -2588.906077595906
sc2i 836573 15 -2561.889377179204
sc2ie 720507 11 -7216.413226617606
sc3iml 406970 14 -2552.943531919857
sc3iel 836453 14 -11266.800232318268
sc3iesm 19267 12 -46259.60921559018
sc2ielsm 326957 9 -2586.1854845178336
sc12imlsm1 621527 15 -2603.655712101167
sc3im 93723 14 -28567.28876658276
sc3ielsm2 89881 16 -2533.2436885052034
sc3ielsm1 20669 16 -2758.0963261311745
IMsc 172278 8 -3439.3776957943473
sc1i 304177 13 -3808.5132769333773
sc3imlsm 377752 12 -2775.1264800594827
sc3iemsm1 324771 16 -37113.54432003928
sc3iemlsm 758550 12 -2698.035050860419
sc3imlsm2 262593 16 -2524.066728176855
sc3iemsm2 829711 16 -7016.494849504905
IMsc2sm 379458 9 -3505.3103075582203
sc1sm1 602489 7 -8553.329929550076
IMsm 608396 6 -3594.957544364454
IMscsm 864924 7 -3564.149903490408
sc3m 286903 11 -5016.389695417912
IM 252150 7 -3472.279218913779
sc12iml 769566 13 -3155.295153414017
sc2ielsm2 999662 13 -2947.458435907544
sc1ielsm2 722481 11 -3322.104887854818
IMiscsm 10171 9 -2599.3161516468667
IMi 909729 10 -2701.5933525964892
IMism 141766 8 -5519.0391563060775
IMiscsmB 342309 10 -2753.3439335579037
sc3iem 709952 14 -52079.57718762701
IMisc2sm 111193 11 -2577.217290971291
IMsc2 636428 10 -3373.4385524878703
sc1iesm 200729 7 -44080.10427718627
sc2e 736066 8 -35845.71372823206
IMisc2 157299 13 -5479.961159536552
sc3e 89465 11 -39589.746224315575
sc3imlsm1 624953 16 -6727.892094700105
sc3iemsm 868996 12 -6665.100946265729
IMisc 349608 11 -2578.463759539756
sc12imlsm2 18907 15 -2786.7507978982057
sc3elsm 335302 10 -3495.691207561862
sc3emsm 4152 10 -5587.6270291397905
sc3el2 520356 13 -3351.439218464637
sc3ie 519149 14 -61326.58126892915
sc2ielsm1 325808 13 -2554.9628960389905
sc3esm 944947 10 -18851.504083898923
sc3ie 680622 14 -35062.249565532744
sc3iem 469126 14 -6008.5651682552225
sc3ieml 336783 14 -8175.581793302231
sc3ml2 922130 13 -3693.871777418959
sc3im 580917 14 -14765.542965378003
sc3m 947091 11 -53693.73080773146
sc3ieml 757569 14 -5499.318934084211
sc3elsm 725205 10 -7082.184304390043
sc3ielsm1 372517 16 -3611.9535348002437
sc3iesm 812349 12 -34534.34771454305
sc3esm 136236 10 -8924.528640762719
