sc1ns 394227 2 -3658.47420286107
IMns 228962 3 -2714.383352460434
sc3ns 27533 6 -2710.379635707573
IMscns 600990 4 -2713.124216145008
sc2ns 875176 4 -2702.5659450795115
sc1nm 537686 3 -943.4539297030234
sc11nm 331911 5 -884.4078559596262
sc21nm 494190 7 -1852.4481089112548
IMnm 200806 5 -1202.0071217188274
sc1esm 249006 5 -943.4537153318485
IMscnm 431069 6 -889.7488027541922
s2msm 560489 4 -852.9590452683307
sc12nm 122037 8 -893.6857061318424
sc2e 604536 8 -762.8686561530923
sc1e 494268 6 -1156.5514648106048
sc1sm1 440690 7 -843.402803537093
sc11sm 809928 6 -852.9774787450822
sc2l 24164 8 -822.0925512055582
sc2elsm 802835 7 -777.1860371931305
sc1lsm 904020 5 -847.7415563642686
s2m 271671 5 -849.8902709045402
sc2esm 863867 7 -2899.3396489999427
sc11 920873 7 -861.8596791683086
s2mismB 884662 7 -825.1358217351965
sc2sm2 55793 9 -761.6020714814244
sc1l 408629 6 -843.397597384842
sc1ilsm 673423 7 -1852.4403436049508
sc1iesm 626244 7 -1978.9129523675233
sc2 194410 10 -763.1086952190666
sc3l 457874 11 -851.0808766337477
sc2el 462044 8 -856.8115092567717
s2mi 385118 8 -874.7280001215601
sc2ilsm 341235 9 -741.5917826394009
sc3m 97847 11 -949.8566632988959
sc1 314178 8 -850.9229189495883
sc3emlsm 521386 10 -773.16045568129
sc3lsm 858722 10 -779.3436605625262
sc1sm2 968015 7 -852.7308228331138
sc1ie 32424 9 -1769.9314492408985
sc2ielsm 267542 9 -738.3514986271551
sc2iesm 571308 9 -1067.0909444404456
sc3el 211193 11 -842.1538919644331
sc3ml2 874406 13 -776.4908388751899
sc1il 57264 9 -1053.0595174117493
sc12im 367306 13 -1954.9283552824809
sc3el2 14595 13 -1053.1414382901978
sc3mlsm 998879 10 -767.3178695814989
sc3eml 622708 11 -872.3447824735923
sc2iel 439394 11 -1700.4631691464206
sc1ielsm1 576395 11 -1020.2411805408955
sc2ie 382658 11 -2603.694821927085
sc3ilsm 306409 12 -833.456452270512
sc2il 547938 11 -964.6147953493416
sc3imsm 349530 12 -897.8430884203348
sc12ilsm 620878 11 -813.0897093606821
sc2ielsm2 997862 13 -2425.969438819132
sc1i 716804 13 -824.9043884088645
sc1ielsm2 875873 11 -827.3039813542711
sc2ielsm1 833805 13 -738.4259922941108
IMsm_ 301181 6 -795.006929652987
sc2i 949201 15 -735.9878856153284
sc3iemsm 326662 12 -1587.17345433548
sc2sm1 241517 9 -826.3315151941063
sc3iemlsm 192131 12 -734.7648509263489
sc3emsm 398340 10 -929.9834989654065
sc3iml 31117 14 -753.9945587468644
sc3im 243626 14 -3163.6358629597376
sc3imlsm 174463 12 -740.0849481200795
sc12imlsm 188686 11 -969.646891229449
sc3ielsm 431996 12 -1708.4635147871832
sc3il 740010 14 -761.1531797776121
IMscsm 252797 7 -781.9760523406322
sc12imlsm1 543288 15 -739.5312199227981
sc3imlsm1 289298 16 -734.176546631422
sc3ielsm1 65925 16 -742.061069459866
sc3iem 702779 14 -1714.1774864869656
sc3ieml 875135 14 -787.4355656747233
sc3iel 871717 14 -750.6434457325681
IM 91484 7 -790.0319864189386
sc3iemsm2 629796 16 -2428.2063375191015
sc3esm 306961 10 -3338.2927897502063
sc12imsm 333905 11 -1754.0951011082907
IMsc2sm 723259 9 -914.8411115275529
sc2lsm 324337 7 -1087.7634007906115
sc3ml 795329 11 -1028.5100763233063
sc3em2 292764 13 -924.2491461626825
IMiscsm 122929 9 -743.0080982658337
IMisc 486167 11 -1580.5004534505579
IMism 465455 8 -763.2303828537915
IMi 50031 10 -828.9832904251733
sc3ie 678519 14 -2281.3863539484564
IMsc2 29670 10 -761.267410198949
sc3elsm 902796 10 -1014.6834826779962
sc3iesm 235640 12 -3542.182310389766
IMiscsmB 392726 10 -761.3631762330525
IMisc2sm 681741 11 -758.8527521988148
IMisc2 288609 13 -757.3091766666446
sc3msm 127926 10 -1999.756469521223
IMsc 840544 8 -832.4901693285934
sc3e 513561 11 -2263.0197592622094
sc3imlsm2 793270 16 -724.0629273735788
sc12iml 330302 13 -1034.9209571804172
sc12il 26560 13 -826.3765288587128
sc3ielsm2 297011 16 -1768.8683706581855
sc12imlsm2 230214 15 -809.3447428665193
sc3iemsm1 988252 16 -1619.2151467957867
sc1nm 78229 3 -943.4539950058881
sc1ns 294868 2 -2742.496844332722
IMscns 429027 4 -2702.437907325877
sc3ns 911922 6 -2702.6009546242362
IMns 976266 3 -2713.1225376717894
sc2ns 801516 4 -2742.5011495562617
sc11nm 910345 5 -884.407125892276
sc21nm 155725 7 -2499.9622927875494
IMnm 587272 5 -900.0877801227052
sc11 241290 7 -849.8931075564169
sc1esm 14706 5 -1719.107899582504
IMscnm 586321 6 -887.5553803013563
sc12nm 524368 8 -1301.5751991511622
sc11sm 759234 6 -949.7088033969051
s2msm 145653 4 -852.959287124009
s2m 621681 5 -849.8904442828598
sc1e 984196 6 -1077.7505814695373
sc2l 93819 8 -779.1967870686767
sc1 577653 8 -849.8900140059253
sc2el 910044 8 -770.1355448473055
sc2e 688069 8 -3383.082359563138
sc1l 897764 6 -843.3972419672316
sc1lsm 15140 5 -847.7417011239388
sc1sm2 971007 7 -848.7095564656197
sc2sm1 487548 9 -763.9660307940013
sc2lsm 989054 7 -787.5259911709655
sc3e 130695 11 -3200.196806961118
sc1ilsm 273094 7 -1019.9582821075786
sc3lsm 789564 10 -837.9356590135883
s2mi 845661 8 -933.192121960404
sc1il 960030 9 -1762.944076806039
sc3mlsm 812375 10 -941.551178276587
sc1iesm 380733 7 -3272.5605084084336
sc3esm 446705 10 -897.7499949698586
sc3ml 753596 11 -762.3959082877369
sc1ie 858544 9 -2122.8069265491913
sc2iesm 78754 9 -2336.008693685815
sc3el 813906 11 -780.681821469651
sc3el2 536384 13 -1067.2661237623636
sc2ilsm 583583 9 -744.7376813773003
sc12imsm 752081 11 -1828.6909690310565
s2mismB 533687 7 -835.6247134647513
sc3emlsm 924980 10 -852.9793310274431
sc2ielsm 458979 9 -1889.2310497641427
sc12im 146412 13 -1624.8137861842274
sc12imlsm 239791 11 -735.2351027847542
sc3em2 740807 13 -1074.5292009601776
sc3m 559067 11 -1159.5982177575502
sc1ielsm1 335804 11 -1126.7664225208418
sc2esm 719542 7 -986.9144369824703
sc3imsm 25663 12 -851.8476481384062
sc3msm 690721 10 -1391.9009082121872
sc3emsm 530676 10 -886.9321217709634
sc2ie 427159 11 -865.8771697878209
sc12ilsm 687106 11 -797.4254463837608
sc3ml2 157724 13 -815.026944545924
sc2ielsm2 120137 13 -741.7206132765236
sc3il 571548 14 -734.4279815389112
sc2il 662690 11 -776.4018894754499
sc3ilsm 942884 12 -771.0280393491755
sc12iml 826159 13 -1123.6962778194704
sc12il 535171 13 -813.502513460253
sc2iel 265710 11 -1340.4097174568142
sc3elsm 574379 10 -770.5920443695647
sc12imlsm1 798642 15 -763.3281779814483
sc2ielsm1 988454 13 -864.7446642028007
sc2i 893997 15 -735.8458009387722
sc3ie 133307 14 -2088.5190551822375
sc3iemlsm 516582 12 -735.0274444176556
sc1ielsm2 592153 11 -827.3478769889263
sc3imlsm 805229 12 -736.0871354715749
sc3im 169244 14 -2970.082432447031
sc3iemsm 844709 12 -847.7290621998783
sc3iemsm1 432195 16 -3204.0447593294152
IMsm_ 8601 6 -1173.3228496646516
sc12imlsm2 471404 15 -736.4275390861269
sc3ielsm1 528512 16 -2568.6057808702594
sc3imlsm1 771300 16 -1027.706916651599
sc1i 628986 13 -824.8979713016679
IMscsm 169119 7 -794.3841019597432
sc3iml 921579 14 -815.2743210517081
sc3iemsm2 449562 16 -2678.533564015907
sc3ieml 241732 14 -775.2483350865438
sc3iel 65793 14 -1101.0292736308274
sc3l 632133 11 -1386.651549177694
sc3iem 66376 14 -2707.4970021788076
IMsc2sm 16334 9 -766.3899497810436
sc2elsm 278675 7 -997.7202000485983
IMism 293671 8 -763.3020747298048
sc3ielsm2 590148 16 -737.8656638611369
IMi 913004 10 -764.9237667024223
IMiscsmB 611439 10 -1115.6287914533718
IMiscsm 666577 9 -971.036719261492
IMsc2 460525 10 -761.3042179399296
IMisc 980497 11 -739.8792171691651
sc2sm2 790491 9 -804.7579110916688
IM 412141 7 -844.9947039839077
IMisc2 704061 13 -746.1279970715423
IMsc 685688 8 -906.1520729027043
IMisc2sm 290463 11 -734.1052531739825
sc3iesm 542810 12 -1557.7851335087014
sc2 873990 10 -804.7260133937043
sc3eml 213236 11 -937.9096506740692
sc3imlsm2 770553 16 -782.2674879738214
sc1sm1 781911 7 -1396.413545510085
sc3ielsm 901362 12 -932.5161378825785
sc2ns 866475 4 -2742.4979509560535
IMscns 569701 4 -2713.1231173221836
sc1ns 393964 2 -2742.4969285940115
IMns 750920 3 -2713.122529607217
sc1nm 353544 3 -943.4537305499142
sc11nm 697991 5 -954.1972046470102
sc3ns 548326 6 -2704.26902623486
sc21nm 136952 7 -875.3258627781773
IMscnm 896609 6 -887.4415904121195
sc12nm 104245 8 -1176.5625249568623
s2m 806938 5 -849.8904617379561
IMnm 494461 5 -900.087580200747
s2msm 158389 4 -852.9592773886553
sc1e 218859 6 -1354.0072252672487
sc1esm 918619 5 -1321.3917082688104
sc2lsm 339954 7 -795.6431966674569
sc1lsm 506438 5 -847.7416400518756
sc11sm 895703 6 -853.0180878016879
sc1sm2 350709 7 -852.9591016603124
sc2elsm 587772 7 -773.1096750340337
sc11 471800 7 -849.8963939263399
s2mismB 646045 7 -825.1169326369784
sc2sm1 783213 9 -764.6200358767207
sc1sm1 958199 7 -1091.1733738126206
sc1ilsm 594914 7 -815.4793510773965
sc1l 455700 6 -1395.7974106007687
s2mi 393185 8 -825.9658372647019
sc2l 452846 8 -987.856765050511
sc3e 456457 11 -2447.7875748658844
sc2sm2 469677 9 -865.1515142113616
sc3esm 572963 10 -1968.2788698492532
sc3lsm 158071 10 -1728.4511649897534
sc2el 202285 8 -770.1044820901869
sc3m 472851 11 -1183.729073648186
sc1ie 767142 9 -3030.5359377388986
sc1iesm 419003 7 -834.1816018251214
sc3elsm 294224 10 -991.7979144708668
sc2e 367348 8 -1321.791693934605
sc2ilsm 458514 9 -749.0263486294324
sc3l 231551 11 -1060.8946093813472
sc1il 18193 9 -1043.2898575944496
sc3mlsm 231458 10 -953.0348665583382
sc2ielsm 866649 9 -738.3575395075184
sc2il 495763 11 -740.2540411491943
sc2 297981 10 -887.7649693733381
sc3emlsm 922983 10 -1675.4715689032487
sc3el2 446653 13 -759.9276061896453
sc2iesm 777193 9 -996.4095996044738
sc3eml 485076 11 -809.66975613993
sc12ilsm 881201 11 -1184.4241667833119
sc1ielsm1 152762 11 -824.9102909956591
sc3em2 498694 13 -883.439401629803
sc3iesm 894883 12 -2671.176678083226
sc3imsm 175302 12 -1812.8390829754078
sc1ielsm2 617273 11 -883.8153983932697
sc12iml 246044 13 -1639.1510356627987
sc2ielsm1 60840 13 -2291.1871929497142
sc2ielsm2 989258 13 -736.4506216586128
sc12im 823600 13 -1111.4086611208745
IMsm_ 158372 6 -795.0069296510709
sc3ie 131630 14 -2593.2603308399043
sc1 989140 8 -849.8928238145068
sc1i 879450 13 -1242.1644360424502
sc3ilsm 936667 12 -782.971466826694
sc3iemsm 602708 12 -1823.4021461604855
sc3iel 301906 14 -738.4936662327083
sc3ielsm 791634 12 -1951.9910396028292
IMscsm 489359 7 -781.975984930771
sc2i 625341 15 -754.6508316526259
sc3iml 565545 14 -1755.0646310176226
sc3iemsm2 421827 16 -2066.3128669222415
sc3ielsm1 527029 16 -1663.5099026715254
sc3imlsm2 444948 16 -1059.8803141979652
sc3iemlsm 311977 12 -1065.597538374585
sc12imlsm 31880 11 -745.8940747337824
sc12il 160982 13 -825.3185663853233
sc12imlsm1 690608 15 -739.4186146536224
IMsc2sm 973497 9 -887.303573732479
sc3im 174810 14 -1072.8997202860137
sc3imlsm1 868153 16 -740.6036046749279
sc2iel 135017 11 -772.2636838664542
sc3ielsm2 890025 16 -831.5825672569135
IMsc 958789 8 -887.0479641556539
sc3il 157363 14 -866.550144107499
IMsc2 914088 10 -782.7607648466284
IM 440691 7 -790.0319580456239
sc2esm 616010 7 -1715.9141520002809
sc12imlsm2 909491 15 -809.710105346152
sc3emsm 27977 10 -2782.216675088726
sc3ieml 760581 14 -1249.8824388757355
IMism 99297 8 -953.009995766612
sc3el 601140 11 -864.7000525015619
IMisc 683947 11 -739.8182192562099
sc3ml 403069 11 -947.8938868694266
IMiscsmB 838484 10 -833.8031860864608
IMiscsm 972885 9 -955.0326239539309
IMisc2sm 72252 11 -1677.5916644037848
IMi 428321 10 -834.7199279159822
IMisc2 488010 13 -939.421912383637
sc3imlsm 976341 12 -1016.7897064308838
sc2ie 481491 11 -1373.319238879636
sc3iem 722819 14 -824.9660228124544
sc12imsm 376519 11 -981.8540424846504
sc3msm 963463 10 -2094.4226873548528
sc3iemsm1 863156 16 -1887.9537419927456
sc3ml2 228328 13 -1386.7256886097307
sc2ns 784926 4 -2742.497279309243
sc1ns 456500 2 -2742.496929343397
IMns 935750 3 -2843.8075858251095
IMscns 479252 4 -2713.121872285952
sc1nm 315407 3 -943.4539592681605
sc3ns 119978 6 -3658.3063828589757
sc11nm 879021 5 -884.4086968504047
s2msm 418088 4 -852.9590981976322
sc21nm 565972 7 -885.2172140574071
sc1lsm 606743 5 -847.741701610915
IMscnm 509264 6 -887.304345276656
sc11sm 804546 6 -852.9860572778382
IMnm 290567 5 -900.0876059956668
sc1esm 393100 5 -1188.4999142396664
s2m 897246 5 -849.8903695711501
sc1l 65707 6 -843.5280889076632
sc2lsm 296256 7 -1213.6757733895936
sc2esm 943716 7 -1212.226877514349
sc1sm1 34657 7 -846.423629172397
sc2elsm 859396 7 -773.8567303331364
sc12nm 691866 8 -891.833952661691
sc11 954473 7 -849.9447706361154
sc1sm2 249355 7 -847.9139474372479
s2mismB 277481 7 -825.1155936411428
sc2el 61758 8 -787.0400438835312
s2mi 84690 8 -1668.3447912708064
sc3e 548267 11 -2409.6475591549047
sc3l 891447 11 -778.6972823705642
sc2ilsm 612725 9 -741.7371353727755
sc2l 20744 8 -779.1965785746476
sc1iesm 836331 7 -957.508798811112
sc3lsm 875524 10 -777.9912307830949
sc3elsm 97881 10 -770.6697393674463
sc3emlsm 968442 10 -1209.5033928670564
sc3ml 301923 11 -796.4593187935502
sc3msm 779279 10 -882.6291459232431
sc2iesm 105155 9 -1325.7377394627517
sc1e 418991 6 -887.3071145122725
sc1ie 235469 9 -1293.6815783664679
sc2il 604465 11 -1405.4501519326284
sc1ilsm 386133 7 -815.4256335804699
sc2 833446 10 -761.2041708735754
sc1il 437516 9 -816.1046476093155
sc3ml2 825448 13 -779.346483619665
sc3el 943580 11 -934.0976505824076
sc3iesm 365659 12 -1854.7261709312163
sc1ielsm1 156293 11 -1854.5002480389855
sc3ie 700397 14 -4132.754505663174
sc2iel 162657 11 -967.431715879842
sc3el2 54977 13 -1006.7778031954992
sc3ilsm 472237 12 -812.5422307501574
sc2ielsm2 697636 13 -736.9342934195096
sc1 985818 8 -850.1961423896882
sc12im 46321 13 -744.3209302614486
sc12ilsm 999285 11 -757.5934340862417
sc2ielsm1 714078 13 -738.4956550196258
sc12imlsm 197581 11 -860.4739079788736
sc3imsm 804707 12 -2010.6848511317921
sc3mlsm 769578 10 -961.7234657414346
sc12iml 496450 13 -987.0758519659126
sc2i 317352 15 -735.9113647634923
sc1i 551767 13 -1056.7346946024068
sc12il 742415 13 -733.3050363187833
sc2ielsm 91854 9 -1078.4935742251305
sc3il 543683 14 -773.5579662945173
sc2sm1 629371 9 -1386.6888759523881
sc3ielsm 654224 12 -763.762485755143
sc3iemsm 844319 12 -787.3330430728743
sc3iemlsm 585565 12 -862.4378252814638
sc3iml 264808 14 -742.7719439406145
sc12imlsm1 885189 15 -746.0488837744282
sc3imlsm2 839670 16 -1800.7332003023616
sc3ielsm1 205893 16 -732.295273026621
sc3iemsm2 889630 16 -1911.1383675297816
IM 209787 7 -1070.1899670192633
sc3ielsm2 762603 16 -1907.34501878285
sc12imlsm2 217115 15 -736.3460458250568
sc3ieml 569645 14 -763.4786808266938
IMsm_ 266607 6 -795.0069291049931
IMsc 39728 8 -1343.4211582907444
sc1ielsm2 699204 11 -773.0897981595956
sc3m 886532 11 -832.5554242833471
IMsc2sm 479094 9 -808.5205738602539
IMscsm 292279 7 -889.6658622191605
sc3eml 261536 11 -990.8880868519809
sc3im 283612 14 -989.6758746278318
sc3iel 40914 14 -779.6842161364456
IMsc2 75287 10 -848.7433446232893
IMiscsm 855442 9 -743.46179250835
sc2ie 345377 11 -783.8626654254124
sc3em2 992385 13 -792.0094805108621
IMi 800165 10 -766.3532139625961
IMism 279755 8 -763.2303645136637
sc3iemsm1 973800 16 -1472.837203163618
IMisc2sm 260511 11 -947.8812132645475
sc2sm2 691189 9 -860.8189311226758
IMisc2 580581 13 -1086.2346455246968
sc12imsm 35678 11 -1400.7450910430287
IMiscsmB 600709 10 -835.3083972162234
sc3iem 563307 14 -1970.43628225244
sc2e 98287 8 -2835.0774451983575
sc3esm 554996 10 -3925.031095955005
IMisc 647809 11 -798.6703629077786
sc3imlsm1 791738 16 -1049.815969732448
sc3imlsm 900641 12 -962.4720675285315
sc3emsm 272014 10 -2662.4399599241588
sc1ns 564099 2 -3658.474203662004
IMns 264309 3 -2713.1225382451053
sc1nm 862322 3 -943.4539949834999
IMscns 826885 4 -2713.1234079336696
sc2ns 3513 4 -3656.579011443516
sc3ns 745443 6 -2763.4688917588182
IMnm 853019 5 -900.0876067824458
sc11nm 97263 5 -884.406167425639
IMscnm 424452 6 -891.5222716423164
sc11sm 165735 6 -852.9614403806208
sc1lsm 254819 5 -852.494263578545
sc21nm 947347 7 -943.4692202928717
s2msm 772700 4 -852.9591591093919
sc11 702743 7 -849.8995153843673
s2m 950905 5 -849.8905339666752
sc2esm 53012 7 -1082.9937785701968
sc2l 451522 8 -1024.3283068053513
sc2e 641223 8 -1156.47234182037
sc12nm 679389 8 -785.2871623678244
sc1e 813163 6 -888.8900915207074
s2mismB 65817 7 -825.4108831216168
sc1l 609839 6 -843.3975987025578
sc2el 724267 8 -770.1072850837837
s2mi 67576 8 -824.9596669647293
sc1sm2 625379 7 -852.8751006368491
sc3esm 147955 10 -1452.615102011945
sc3e 724754 11 -8998.575056019627
sc2lsm 293071 7 -787.5260300426355
sc3l 923611 11 -770.6824372483832
sc2sm1 942142 9 -893.5844463700903
sc1sm1 927289 7 -861.7596569729415
sc1 165112 8 -1395.66487439983
sc1esm 281039 5 -853.0534074384167
sc3msm 211853 10 -937.588613416296
sc1ilsm 177713 7 -1455.8232951312634
sc1il 898921 9 -815.730085572711
sc2elsm 67775 7 -773.0797446470517
sc1iesm 649079 7 -3009.6573788850847
sc3mlsm 357119 10 -842.8880522670942
sc2ilsm 499247 9 -741.8854797221458
sc2ie 587802 11 -2129.03616460931
sc3emsm 910760 10 -1105.4625010185414
sc12imsm 976604 11 -2693.4427216583376
sc2il 78436 11 -739.2881014163471
sc1ie 570376 9 -2004.0629906565946
sc2iesm 459422 9 -1823.1181073065745
sc2iel 542621 11 -738.086052692869
sc2ielsm 654609 9 -739.9086459464436
sc3eml 695361 11 -765.4822505035391
sc3ie 170406 14 -2674.6835468279583
sc2 639651 10 -775.2454677156007
sc3ml 44053 11 -845.6255811771741
sc12imlsm 813764 11 -737.985524717107
IMsm_ 249304 6 -795.0069296576002
sc3ml2 19672 13 -789.7162294239945
sc1i 717182 13 -824.9853742288313
sc12il 984157 13 -741.646829151994
sc3ielsm 76380 12 -740.1410381728825
sc12ilsm 854860 11 -741.5997453469431
sc1ielsm1 549694 11 -1972.5290181285923
sc3imlsm 460088 12 -1669.6845877052963
sc3im 498340 14 -1433.1743205850355
sc3m 325564 11 -1242.3670622621034
sc2ielsm1 486965 13 -952.4570094868576
sc3iesm 960119 12 -2688.9033564167116
sc3lsm 930478 10 -1772.573909115824
sc12imlsm2 154446 15 -736.3440277479025
sc12imlsm1 808470 15 -739.9512219829902
sc3imsm 305531 12 -856.7834592894633
sc3emlsm 748136 10 -985.2698475801063
sc3il 508618 14 -744.0924410473092
sc1ielsm2 344032 11 -827.3501756915313
sc3ieml 774754 14 -2847.3072989858115
sc12iml 41908 13 -738.7028485689123
sc3ielsm1 93697 16 -737.8754796516337
sc3imlsm1 354568 16 -2000.927407306028
sc3iemsm1 713828 16 -5267.089062347424
sc3iemlsm 140626 12 -1385.6302155616609
sc3iemsm2 884704 16 -3007.520536908047
sc3iel 947211 14 -771.6826256038195
sc3iemsm 204858 12 -779.6060308728767
sc3imlsm2 594340 16 -753.7095864736485
sc2ielsm2 384254 13 -748.3019626476938
IMsc2sm 696222 9 -976.0011740573774
sc3ielsm2 939687 16 -735.2692476857557
IM 240297 7 -790.0319783286416
IMsc2 819586 10 -765.5430343637083
IMsc 150621 8 -832.465149669834
IMiscsm 534734 9 -763.2131993471546
sc3iml 616679 14 -773.6981555194662
IMi 957130 10 -762.2597178378154
sc3iem 15879 14 -1735.7823982763077
IMism 739080 8 -992.5595712043632
IMisc2sm 772633 11 -1429.9622934726758
sc12im 14673 13 -1149.5090323484785
sc2sm2 362559 9 -843.273467868464
IMisc 928392 11 -764.3255445293851
sc2i 349509 15 -832.8395215989233
sc3em2 791711 13 -2908.5250630535597
IMiscsmB 646284 10 -741.6080619736468
sc3elsm 151210 10 -1772.6132474315013
sc3ilsm 440310 12 -1769.08518339196
sc3el 876815 11 -1395.64945266941
sc3el2 355855 13 -1009.9321421976181
IMscsm 300800 7 -918.989689474793
IMisc2 42163 13 -746.708769323181
