IMscns 765549 4 -22226.277476275813
IMns 584836 3 -22226.106854056532
sc11nm 574252 5 -1356.0672808010445
sc1nm 304165 3 -1503.1286594859089
sc1ns 294529 2 -22231.77444439393
sc1lsm 490364 5 -1193.2963088341771
sc2ns 267313 4 -22231.77083125851
s2m 153381 5 -1037.7755115286968
sc1 530460 8 -1000.0543203900356
sc1esm 450714 5 -1306.8700610223268
sc11 352104 7 -1029.2612101700634
sc2sm2 138208 9 -982.0789074315616
s2msm 388080 4 -1195.1272980147642
s2mismB 608779 7 -766.2428629303383
sc3ns 780422 6 -23546.800199489327
sc2lsm 182457 7 -1020.6280757897654
sc21nm 87258 7 -1354.5974235318067
IMscnm 595909 6 -1376.678205044899
sc11sm 169786 6 -1208.51562259071
sc12nm 71146 8 -13805.133484676846
sc1ilsm 310397 7 -799.6949859280837
sc3e 541913 11 -7687.513954924245
sc2iesm 83829 9 -32846.81252972764
sc2el 135651 8 -2218.9439722065817
sc2e 41957 8 -906.6386254793664
sc1sm1 661150 7 -1037.7812491995892
IMnm 858617 5 -1375.6145862055819
sc3esm 628388 10 -10037.58932088722
sc1l 583350 6 -1037.5702467041383
sc2sm1 555047 9 -929.8045663649253
sc1sm2 863578 7 -979.4652556444718
sc1e 672551 6 -3240.9347207702535
sc2il 958046 11 -2306.126606521349
sc1iesm 475582 7 -1502.5959543649424
sc1ie 431764 9 -713.8894974943923
s2mi 983953 8 -712.3882281247804
sc1ielsm2 599189 11 -798.966258920726
sc3ml 545599 11 -950.1368745304085
sc12iml 530731 13 -628.8720443088494
sc12im 287196 13 -4412.803925854959
sc3lsm 388009 10 -1078.7908209903815
sc3em 809377 11 -942.8815486372223
sc3ml2 58331 13 -861.480555427209
sc3eml 813278 11 -1102.015811711814
IMscsm 263707 7 -1018.2985144873899
sc2ie 587342 11 -2956.4330150660307
sc2iel 310599 11 -651.9560735722004
sc12imlsm 864093 11 -680.5392154607694
sc2ielsm1 255019 13 -604.2536247426242
sc3ilsm 944085 12 -5631.1571382354905
sc3l 852170 11 -2814.519362881553
sc3iemlsm 829101 12 -771.0386260737121
sc1ielsm1 58474 11 -945.296746484084
sc3iesm 956990 12 -4415.990808313642
sc2ilsm 265410 9 -623.081405109619
sc3imlsm 203161 12 -837.1579015290861
IMsc 382440 8 -930.1568285496534
sc3imsm 784603 12 -8633.778258131488
sc2ielsm 52956 9 -801.8771436420595
sc12il 573105 13 -888.5984511160251
sc3iel 360716 14 -881.3979894073184
sc2i 568494 15 -628.4153677261635
sc3ie 655965 14 -17205.21974129123
sc3ielsm 20538 12 -627.5488116789139
sc3em2 688731 13 -1083.110650965437
sc2esm 329010 7 -7913.493422538893
sc12imlsm1 516605 15 -648.7104888538952
sc3im 994199 14 -2250.149714827417
IMsm 162673 6 -1016.7989697403605
sc3il 381930 14 -653.5186681032321
sc3el2 315083 13 -967.0188436809993
sc3imlsm2 178107 16 -709.9150955595339
sc3msm 50937 10 -1620.061752150235
IMsc2sm 568039 9 -1590.7164603359774
sc2ielsm2 550250 13 -932.7268029309948
sc3ielsm1 134497 16 -612.9808870979618
IMsc2 408563 10 -1020.7407029652438
sc2l 376669 8 -968.2370480332057
sc3ielsm2 111216 16 -1015.0148453118625
IMism 55211 8 -1487.488055868173
sc2 506898 10 -2814.6571387021622
IMisc2sm 878804 11 -639.2262048635621
IMiscsm 755755 9 -650.2426935899978
IMisc 369533 11 -1143.7565265614903
IMi 755549 10 -606.5208419765806
sc12imlsm2 211751 15 -646.8097715237001
IMiscsmB 203701 10 -3174.69171815741
sc3emsm 584087 10 -938.3071954491735
sc3ieml 670386 14 -750.4874901712949
sc2elsm 863591 7 -1174.564693865727
sc12imsm 293769 11 -1473.0474467751374
sc3elsm 426036 10 -1216.555016601366
sc3m 548275 11 -8015.175135195915
sc3mlsm 784488 10 -1225.2739763883178
sc3iemsm 201762 12 -648.8507463349667
sc1il 716148 9 -1066.1734876794592
sc3el 729907 11 -985.2372534026198
sc3emlsm 388879 10 -2062.3211024238567
IM 493035 7 -1156.8293401779295
sc3iemsm1 233394 16 -1721.9603529353299
sc1i 496802 13 -1153.8132923166345
sc12ilsm 388673 11 -643.3477691454548
sc3imlsm1 477187 16 -771.7695771402139
IMisc2 690540 13 -741.7405895630156
sc3iem 680968 14 -19359.187204978745
sc3iemsm2 755042 16 -9259.02941846135
sc11nm 201078 5 -1636.4994940936506
sc1nm 275773 3 -1503.1286457952317
IMscns 419963 4 -22223.057975242504
IMns 927445 3 -22226.17013955828
sc1ns 358981 2 -22231.774405070297
sc1sm1 456618 7 -1036.714865704322
s2msm 802583 4 -1195.1281585348302
sc1lsm 398097 5 -1193.2941517621819
sc3ns 53222 6 -22232.99619842238
sc21nm 41946 7 -2874.561930917723
sc2ns 819913 4 -22223.07444476631
IMnm 725591 5 -1375.615027895161
sc2lsm 551990 7 -1020.6562782110154
IMscnm 857354 6 -1377.1656958373355
sc2el 809454 8 -1037.9545433155945
sc2elsm 566838 7 -1016.4183173877876
sc12nm 192898 8 -7749.967410909779
sc1esm 667100 5 -1215.8152911005047
sc1sm2 390342 7 -1251.5296895407273
sc1ilsm 19565 7 -807.6811773609057
sc1iesm 486478 7 -1500.8765624485304
sc2sm1 415006 9 -929.6645894169764
sc1l 311982 6 -1858.441816776413
sc3esm 136025 10 -1366.0115435348207
sc3em 842180 11 -938.9735609022215
sc2sm2 340456 9 -991.6988929781028
sc3elsm 705033 10 -1972.1587774044685
sc1il 355822 9 -712.2569435583811
sc2iesm 22044 9 -10727.95295147253
s2m 736241 5 -1037.7762081268406
sc2 701792 10 -924.9675347104212
sc3ml 173695 11 -990.7171282713474
s2mismB 860918 7 -764.8838466008449
sc11 2181 7 -1037.809982918018
sc3mlsm 214058 10 -1009.7455635494647
s2mi 903857 8 -712.6892912745311
sc1ielsm1 774092 11 -714.8185320783388
sc3el 50668 11 -940.2207329419961
sc2ielsm 471659 9 -626.0031462570656
sc3el2 576817 13 -906.4577111159905
sc3eml 203119 11 -941.7945615847117
sc3l 630598 11 -1130.6135398644522
sc2ilsm 416114 9 -623.4491005159072
sc12imsm 994901 11 -643.9251787189644
sc2il 671780 11 -606.6151292101267
sc12im 156978 13 -9605.175209801504
sc3m 62032 11 -3180.0606708817563
sc2esm 804081 7 -1195.985809457242
sc3msm 562474 10 -916.7280036921622
sc12imlsm 505291 11 -621.1169748413818
sc12il 812672 13 -607.9448824315118
sc2ie 193205 11 -1865.0991551052512
sc2ielsm1 190534 13 -2652.2340554693783
sc1 98883 8 -1972.4692358602838
sc12iml 821968 13 -604.086453684257
sc2iel 500074 11 -664.4815562287376
sc1ielsm2 316628 11 -710.2819030757809
sc12ilsm 271576 11 -634.5184980836284
IM 497793 7 -928.6843273232997
sc3imsm 370963 12 -16277.959866291221
sc3ilsm 962999 12 -923.6431725144498
sc3iemsm 78172 12 -28263.511570856048
sc3imlsm 920481 12 -2128.805781279879
sc3ie 905042 14 -5545.002260902961
IMscsm 997711 7 -1017.3610642206929
sc3lsm 447065 10 -1362.4912788187567
sc2i 239770 15 -724.0440353413451
sc3ieml 657567 14 -7016.528729704254
sc3il 366617 14 -4431.13981516532
sc3iesm 780460 12 -1897.856843217519
sc12imlsm2 757488 15 -616.1305500638261
sc3iel 668480 14 -603.9974153595119
sc3imlsm2 105817 16 -6867.939338943503
IMsc2sm 519431 9 -1036.426749882403
sc3ielsm2 27024 16 -3438.7428203128397
sc3ielsm 649705 12 -977.3592619211447
sc3iml 952810 14 -1439.709558181431
IMsm 99198 6 -1016.7999840483383
sc3ml2 90777 13 -1650.8230995307322
sc3iem 675437 14 -10828.20007770375
IMsc2 626828 10 -922.9977181643774
sc2e 582337 8 -2400.29525144799
sc3iemlsm 871907 12 -708.9836607087161
sc1i 995713 13 -775.8494575212036
IMsc 794732 8 -956.0299994053343
sc3iemsm2 168725 16 -11211.237523007294
sc11sm 380863 6 -1300.4937937621407
sc12imlsm1 829772 15 -615.7649539022648
sc1ie 520584 9 -851.156249901117
sc3imlsm1 594514 16 -666.9621294634251
IMiscsm 838893 9 -617.318301882318
IMi 770411 10 -600.8856980740707
IMiscsmB 715661 10 -622.8630768826961
sc3emsm 871125 10 -1795.3130827336736
sc3im 962378 14 -7899.462619102082
IMism 320268 8 -617.3064824541143
sc3e 839521 11 -16616.51254408922
sc3emlsm 514018 10 -1328.0670334473848
IMisc2sm 231562 11 -762.7473141676625
IMisc 840193 11 -599.664639450451
sc2ielsm2 799953 13 -625.5736544133958
sc1e 899873 6 -1803.5172164760963
sc2l 503274 8 -1018.2573390465147
sc3ielsm1 973130 16 -1691.0459913348361
IMisc2 913084 13 -846.0592119530625
sc3em2 525726 13 -3868.8335971569913
IMns 661014 3 -22226.17019100096
IMscns 105001 4 -22223.123839665535
sc1ns 541311 2 -23546.782504900515
sc11nm 689424 5 -1356.258819159495
s2msm 985569 4 -1195.1298837322188
sc12nm 840353 8 -1377.6032891416799
sc11 918599 7 -2814.5671877525297
s2mismB 235773 7 -1892.6346450136275
IMnm 732430 5 -1375.6150506820336
sc3ns 164046 6 -22227.72683349364
sc1l 734467 6 -1036.9937802316686
sc2ns 166306 4 -22269.78413784936
sc1nm 866492 3 -1503.1286434943313
sc2e 751827 8 -2187.2114773549965
IMscnm 455076 6 -1379.99337533294
sc1sm1 973539 7 -1036.6006990949927
s2m 62448 5 -1037.7650779612475
sc1 68598 8 -1037.7382546543352
sc21nm 564647 7 -1356.002998106228
sc2elsm 535370 7 -1015.0097738834256
sc11sm 84853 6 -1189.8265249343758
sc2 131556 10 -898.8621481116703
sc2sm1 437196 9 -1119.043747084461
sc2el 684088 8 -934.015276862469
sc1e 153256 6 -994.1734907252913
sc1lsm 107204 5 -1193.295491372751
sc2l 405263 8 -940.0043165227333
s2mi 383725 8 -790.6982654785363
sc2sm2 122801 9 -991.8943376322495
sc1sm2 191001 7 -1195.2706285283916
sc2iesm 416724 9 -644.4103508141188
sc1iesm 763649 7 -25058.04537429703
sc1esm 289510 5 -1277.1490713062813
sc2ilsm 988254 9 -623.4335350620922
sc2ielsm 676298 9 -3375.5621060516664
sc2il 489249 11 -4760.281161346493
sc3lsm 19435 10 -1018.9795921209691
sc2iel 5298 11 -608.1608447762724
sc3elsm 930509 10 -1084.0786348566335
sc1ie 701292 9 -747.0271218885487
sc2lsm 254617 7 -3446.727323861637
sc2esm 223357 7 -1015.9248996425596
sc1il 270654 9 -769.7034015373791
sc3emlsm 967878 10 -1005.8572829030068
sc3msm 658939 10 -923.2356218334511
sc12imlsm 930285 11 -620.1758740479968
sc12imsm 362990 11 -8690.910354328054
sc3el2 239989 13 -968.2760280696352
sc3ml 911826 11 -1032.8518985340634
sc1ielsm1 401485 11 -712.5913075038438
sc1ielsm2 885753 11 -1061.584716958123
sc1i 751178 13 -741.0452127837398
sc12ilsm 976519 11 -684.2183863252058
sc1ilsm 613727 7 -807.2240872494946
sc12iml 35254 13 -4182.011424940853
sc3ilsm 282618 12 -627.5123801747995
sc12il 311955 13 -728.9386821282664
sc3iesm 529266 12 -21355.28896662269
sc3ml2 7409 13 -925.1097657009972
sc3iel 393050 14 -3496.579647869293
sc3mlsm 654746 10 -1207.7531617084396
sc3emsm 231978 10 -3035.7275640681446
sc3em2 383263 13 -3775.6649731408456
IMsc 189945 8 -928.9643106989901
sc3ielsm 187235 12 -643.5390976904218
sc3ie 844540 14 -2582.7118838138526
sc12imlsm2 794376 15 -791.1070968382586
sc2ielsm1 22080 13 -687.0489487233856
sc12im 486559 13 -693.8570170201949
sc3imlsm2 887601 16 -660.2716257431731
sc3ieml 193595 14 -779.6233208390881
sc3iemsm2 690983 16 -625.5271967897194
IMscsm 748656 7 -1017.2780881599324
sc12imlsm1 262769 15 -628.2765654699549
IMsc2 317826 10 -920.8895140568487
sc3iemlsm 799883 12 -613.9162722077413
sc3ielsm1 455203 16 -620.4829306502531
IMsm 381085 6 -1016.8000017017409
sc3ielsm2 232666 16 -616.1913614316376
sc3im 448717 14 -2082.7772676580694
sc3il 479983 14 -653.1513560895027
IM 959252 7 -928.6784864581209
sc2ie 313891 11 -3201.4746323019854
sc3imlsm1 180187 16 -624.884445495556
IMsc2sm 478012 9 -1381.2197500855164
IMiscsm 288072 9 -642.658818399508
IMiscsmB 533848 10 -2702.5642785688196
IMi 2544 10 -3096.5350694459366
sc3e 373030 11 -13784.511009672453
IMisc 899325 11 -2871.2548589732955
sc2ielsm2 929273 13 -607.6432689747088
sc3em 37280 11 -1025.1906775660068
IMisc2 154097 13 -600.1943105489543
IMisc2sm 530992 11 -621.3016231543854
IMism 692739 8 -617.3054512916451
sc3esm 163440 10 -8978.829783630637
sc3iemsm 18123 12 -15595.994391134449
sc3m 351581 11 -2121.5855145877845
sc3imsm 2008 12 -4500.199909663081
sc3iem 229455 14 -1334.781440207917
sc3l 357161 11 -2427.795712580379
sc3eml 132381 11 -1085.1953216042841
sc2i 737884 15 -813.938561968334
sc3el 319264 11 -2406.415223655167
sc3imlsm 667460 12 -1505.1332105009749
sc3iemsm1 629919 16 -884.6210885523742
IMns 289085 3 -22226.077799614606
sc1nm 354796 3 -1503.1286596313785
sc11sm 177140 6 -1189.8351099802721
sc1ns 614871 2 -22231.77444439356
s2msm 927099 4 -1195.1298836954538
sc2ns 896179 4 -23546.78169346183
sc21nm 743495 7 -1358.8679708812383
sc1e 88127 6 -994.1277740648985
sc3ns 340059 6 -22222.923419443185
sc11nm 318690 5 -1356.2625986184385
sc2 815964 10 -902.0553900386938
sc1sm1 975174 7 -1037.5138609802605
sc2elsm 626358 7 -1017.423096385171
sc2lsm 778188 7 -1123.8701903629342
sc1sm2 363743 7 -979.3772751984379
sc3elsm 472803 10 -1054.8106781889228
sc1 627236 8 -1037.968253797304
sc1esm 112097 5 -1226.0525666961698
sc12nm 25871 8 -1198.3047858143063
IMscnm 400554 6 -1375.7363487382272
sc2ielsm 996482 9 -624.3478761638025
sc2e 927867 8 -905.2564549431572
sc2sm1 759289 9 -929.9195322420638
sc1lsm 424871 5 -1193.296201956951
sc11 523208 7 -1069.555266328676
sc3mlsm 950872 10 -1022.7599417219681
sc2el 177350 8 -933.8024443242987
sc1il 656088 9 -3722.591775860052
sc3e 58105 11 -1822.7093536823033
sc2sm2 486251 9 -982.2127958475271
s2mismB 415996 7 -782.3973026703391
sc1l 462738 6 -2838.025114365053
sc3em 715737 11 -916.4149225109305
s2m 663704 5 -1037.7706198955634
sc1ielsm1 586259 11 -711.9818040266911
IMscns 375972 4 -22226.31019355772
s2mi 699394 8 -5692.716133303515
sc3msm 376339 10 -3560.6163538845562
sc3el 673823 11 -942.1226102981748
IMnm 481881 5 -1375.6149685505482
sc2ie 23736 11 -1769.1508252787435
sc2iel 427146 11 -605.3040079177031
sc3emlsm 392253 10 -1030.1306973717067
sc1ilsm 127641 7 -798.9763756311429
sc2esm 737846 7 -9891.950712938695
sc1ielsm2 421925 11 -799.2746564225008
sc1iesm 781630 7 -1495.3055348780217
sc3lsm 537900 10 -1087.3814627468832
sc3ml2 938158 13 -893.0295559051159
sc2il 420793 11 -606.0087831608539
sc3ml 472469 11 -918.2540155755114
sc12imsm 251495 11 -1963.98100977986
sc3ilsm 929677 12 -687.3404125570632
sc3m 57833 11 -2224.864627406946
sc3iesm 809217 12 -32277.31419279213
sc3el2 991998 13 -2028.2896170968666
sc12im 292413 13 -1466.311821110318
sc3imsm 290552 12 -12804.936781185774
sc12imlsm 825428 11 -663.8219793586727
sc2i 723389 15 -633.2642050186182
sc3ielsm 789109 12 -5869.716269327017
sc12ilsm 834976 11 -632.5857492727007
sc3esm 341580 10 -47692.11083570507
sc12iml 915673 13 -675.1397726842188
sc3im 656886 14 -37130.112175862385
sc2ilsm 864826 9 -623.0644621548226
sc3iemsm 664110 12 -614.3273082469032
sc3iel 17837 14 -607.4014256192675
sc3ie 276950 14 -24973.081836214413
sc3imlsm2 710100 16 -620.103742592794
sc3l 403482 11 -1041.6541004925127
sc3iml 998380 14 -700.9484804426376
sc3il 954850 14 -649.7971522110208
sc3emsm 864198 10 -1296.7668334605742
sc2iesm 98432 9 -2351.3330991791136
IMscsm 644064 7 -1017.2748667796886
sc12il 583816 13 -676.4407029190036
IMsc 626366 8 -936.4539069929158
sc3iemlsm 735621 12 -751.702655793815
IMsc2sm 776339 9 -1005.1062849181392
sc3imlsm 442507 12 -1131.3051836419365
sc3iem 630718 14 -609.9675513236361
sc3ieml 546964 14 -687.5205769182793
IMsm 610352 6 -1016.7996070614777
sc3iemsm2 462910 16 -17446.07626523114
sc3ielsm2 172576 16 -618.3499248544307
sc12imlsm1 155674 15 -647.952829311278
IM 449682 7 -928.6827358988211
sc12imlsm2 62126 15 -610.5051018872598
sc2ielsm1 219445 13 -837.2503877455912
IMiscsm 717271 9 -617.4668224240704
IMism 656550 8 -2255.86675195323
sc2ielsm2 981924 13 -1000.2642984476073
IMiscsmB 490910 10 -612.6125770699451
IMi 944695 10 -600.3965250539827
sc1i 790810 13 -1187.3597213146156
IMisc 88594 11 -626.8990344044328
IMisc2sm 668122 11 -640.9129175316909
sc1ie 649534 9 -2106.3175008632284
sc3eml 129812 11 -1177.3079975130506
sc3em2 547846 13 -2227.056843279129
IMisc2 450067 13 -1400.4744154509867
IMsc2 594075 10 -968.4853463604139
sc3imlsm1 279728 16 -904.0917705143054
sc2l 496316 8 -1975.4505504083995
sc1nm 193020 3 -1503.128659632211
sc1ns 70738 2 -23546.781693453366
sc11sm 860667 6 -1195.1557796043037
sc11nm 899025 5 -1504.1523861541725
sc2ns 577603 4 -22231.231261707246
IMns 108210 3 -22226.101431501396
IMscns 35192 4 -22226.232817146432
IMscnm 646096 6 -1380.518082911529
sc21nm 371465 7 -1352.590355792207
sc1e 157629 6 -994.1716920925651
sc2lsm 291769 7 -1021.1668601312696
sc2el 96618 8 -941.6734346484617
sc1 956897 8 -979.2148465620177
s2msm 348345 4 -1195.1298669463517
sc11 856908 7 -1029.3139079598664
IMnm 66873 5 -1375.6143871989102
sc3ns 819193 6 -23546.782999033443
sc2e 353831 8 -4498.072481913848
s2m 611378 5 -1037.7730960892106
sc1lsm 988636 5 -1193.295829402056
sc1ilsm 485194 7 -800.2639776018257
sc2iesm 602612 9 -4815.483246766612
sc1sm1 3043 7 -1036.3853155164643
sc2l 643286 8 -940.0273888623044
sc1il 580544 9 -767.2011463453618
sc2elsm 584832 7 -1297.8716742578938
sc3elsm 882818 10 -4001.6425424872255
sc2sm2 954869 9 -990.6437103310352
sc1iesm 56094 7 -816.0317706034675
sc12nm 388215 8 -1462.6216850271899
sc3el 471138 11 -939.5496309848234
s2mi 544952 8 -769.9627189113717
sc2ilsm 933494 9 -624.4185996689373
sc1esm 974356 5 -1279.1014017271223
sc3msm 726213 10 -1730.234163788068
sc1sm2 810818 7 -979.3679995876275
sc2sm1 528072 9 -1256.693015291531
sc2iel 123345 11 -2332.2252270893036
sc3e 133161 11 -17469.339112062076
s2mismB 325108 7 -768.8415453056832
sc2il 783949 11 -608.8033487966366
IMsm 679163 6 -1016.8001292239533
sc3m 785027 11 -1034.3408430354548
sc3eml 277167 11 -1350.979539972847
sc3iesm 902546 12 -26145.71122903886
sc12ilsm 775038 11 -851.8884733472163
sc2ielsm 71611 9 -728.2877312192796
sc1i 760945 13 -769.0229004822093
sc12il 236192 13 -822.4614988098358
sc2i 680674 15 -614.0025303049997
sc3ilsm 960011 12 -619.0996669006452
sc1l 544997 6 -2814.670164498444
sc1ie 934221 9 -746.0806697464052
sc12iml 449895 13 -642.6569953838707
sc3lsm 841658 10 -1179.0293753853516
IM 516035 7 -928.6802190272083
sc2ielsm2 150536 13 -645.3307739198707
IMscsm 829440 7 -1017.3595780087601
sc3imsm 485747 12 -1780.7207559264243
sc2ielsm1 52961 13 -670.3812242768618
sc3imlsm 246643 12 -616.8419166673458
IMsc2sm 40484 9 -1010.5054404545906
sc12imlsm1 58686 15 -635.632443107165
sc3iemlsm 395679 12 -807.3925685922454
sc12imlsm 748239 11 -672.2331801255037
sc3iemsm1 846418 16 -29437.02353379164
sc12imlsm2 403490 15 -618.4489973292029
sc3em2 580062 13 -6372.073085575777
sc3iemsm2 191618 16 -6994.386597039515
sc3il 106908 14 -763.0370495123437
sc3iml 747889 14 -669.565241306667
IMsc2 792621 10 -920.8604132644133
sc3ielsm 805847 12 -3230.5850689822655
sc3iem 815305 14 -2207.5214800754334
sc2 760156 10 -945.5383266299484
sc3imlsm1 783169 16 -1004.251403498871
sc2ie 408960 11 -643.8689004906457
sc12im 53603 13 -1013.1147377640743
sc3imlsm2 914097 16 -618.6721879371273
sc3emsm 874265 10 -2117.246272058939
sc1ielsm2 163118 11 -849.207330399526
sc3esm 956264 10 -3701.0927096102764
IMsc 692670 8 -954.1235230769021
IMiscsm 9719 9 -625.4182927903687
sc3iel 981131 14 -1005.8694415223875
sc3l 434281 11 -2814.674239728233
IMism 113644 8 -617.3037330417956
sc3ml 41760 11 -913.4116962163441
IMiscsmB 53840 10 -619.1998249105659
sc3em 179783 11 -1433.9203169624504
IMisc2sm 596435 11 -613.4200402644356
IMi 315657 10 -619.3691373689377
sc3iemsm 298298 12 -2364.4522482702946
IMisc2 745731 13 -707.9513192439653
sc1ielsm1 787598 11 -1103.733367419177
sc3im 801533 14 -6895.63619497855
IMisc 447500 11 -997.1082052492959
sc3ielsm1 980501 16 -967.0752844656243
sc3ielsm2 883035 16 -728.6932489005511
sc2esm 20065 7 -1490.6670104848392
sc3ml2 152804 13 -1198.7643064419344
sc3ieml 187052 14 -746.5980100573685
sc3ie 191994 14 -11001.672962422872
sc3mlsm 686133 10 -1328.526311544037
sc3el2 244491 13 -1022.4973843645848
sc12imsm 827911 11 -9694.081040454366
sc3emlsm 25052 10 -1008.6787664062425
sc3iml 33130 14 -698.1158727214854
sc3iemsm1 500222 16 -4880.1062563118385
sc3iemsm1 341893 16 -4206.250501014762
sc3ielsm1 979430 16 -620.6065967010531
sc3iml 182891 14 -749.1736295634965
