IMns 428820 4 -10609.168180214743
IMscns 508881 5 -10459.025288299392
sc2ns 543482 5 -15758.26559601664
sc1nm 352748 4 -3265.9625480717286
sc3ns 266124 7 -15786.751014765105
sc1ns 110805 3 -10896.32398858821
sc11sm 166456 7 -2076.8028371123164
sc11nm 909770 6 -2153.239187088351
s2m 429438 6 -2365.9096352303795
IMscnm 595913 7 -3309.2910865021286
sc11 289842 8 -2020.1384053944175
sc2lsm 508506 8 -3264.312834671293
sc21nm 517892 8 -2315.252866343986
sc1l 920258 7 -2454.506415081874
sc1lsm 546042 6 -2516.4341158893058
sc12nm 552902 9 -8773.105776604825
sc2elsm 989690 8 -2090.97816225128
s2msm 133172 5 -2516.0907890646504
sc3nm 657578 10 -33819.58009543928
sc2 89316 11 -1891.0013906408371
sc2e 355571 9 -10004.504036113001
IMnm 857023 6 -3259.0577258611074
sc2el 327608 9 -2530.046881303247
sc1iesm 23927 8 -41074.172818187755
sc2sm2 918043 10 -2185.701485053655
sc3msm 997725 11 -2030.3931193684339
sc1il 308741 10 -2219.3817476256613
sc3eml 725697 12 -1920.071264694392
sc1sm1 417873 8 -2077.696767920632
s2mismB 405529 8 -2186.975892526749
sc3lsm 100061 11 -11089.166556418008
sc2sm1 280616 10 -4065.8403000704534
sc3ml 51042 12 -1992.0072596732552
sc1ilsm 955404 8 -2520.1484246512828
sc3el2 874427 14 -1915.3103107467248
sc2ielsm 349570 10 -3360.0463513502536
sc2ilsm 375784 10 -1982.982722912129
s2mi 13992 9 -2322.800572909625
sc1ie 458653 10 -6964.611852899399
sc2esm 38319 8 -6232.0738471283275
sc3ml2 782483 14 -1978.6407902498154
sc2ie 195464 12 -5336.7733569502025
sc1 499517 9 -2322.5666029313443
sc2ielsm2 397530 14 -1743.042531701727
sc3iesm 50730 13 -34649.18063041546
sc12imlsm 774991 12 -1906.5577888352113
sc2i 101102 16 -1785.6338690216237
sc2iel 100602 12 -2257.649497193195
sc12il 373591 14 -1888.0997014321392
sc12iml 445955 14 -3636.6075399945503
sc1esm 700264 6 -10508.504196958362
IMsm 400423 7 -2205.5791895230823
sc1ielsm2 126868 12 -2575.103898817788
sc12imsm 463793 12 -19596.675023012675
sc12imlsm1 719194 16 -1916.2234143812368
sc3ilsm 108294 13 -2081.686753454318
sc12imlsm2 948138 16 -6011.110238982612
sc3ie 770160 15 -60362.41466412302
sc3iemlsm 577679 13 -1809.3347199932705
sc3emsm 439333 11 -35968.40670351469
sc3ielsm 742854 13 -2592.4747206633683
IM 561189 8 -2045.767743202472
sc3iml 371908 15 -1806.2486808593785
sc3imlsm 58826 13 -2545.884274138361
sc3iemsm2 983215 17 -35506.78024173294
sc3em 798002 12 -2391.1030853771554
IMscsm 576821 8 -11153.63887522537
sc3imlsm1 160316 17 -2756.988295067751
sc3e 480664 12 -28164.951637877835
sc3iel 896158 15 -1900.286416358997
sc3il 920038 15 -2087.560925459612
sc1ielsm1 858514 12 -1971.0221450403817
sc2l 613235 9 -2502.4265915754704
sc3imsm 619958 13 -4405.211256708985
sc3ielsm1 380687 17 -1923.6505632304818
sc1sm2 195091 8 -3276.358720854702
sc3imlsm2 751766 17 -3217.430445932948
sc1e 531342 7 -8519.051976664261
sc3ielsm2 20751 17 -2630.917616169504
sc3iem 164926 15 -17924.32765713597
sc3emlsm 680376 11 -8186.710999430989
sc3l 77816 12 -5562.270113639831
sc12im 937897 14 -3871.403240417199
IMism 877379 9 -6261.814795124863
IMi 256612 11 -2683.1695474268327
IMiscsmB 591909 11 -12666.5246713862
IMsc 699619 9 -8409.2847187827
sc12ilsm 383072 12 -7719.900722047626
sc3esm 862562 11 -65314.55937221397
IMsc2 612285 11 -1914.1739670624036
sc3em2 301039 14 -18230.46063011666
sc1i 340500 14 -1999.1264587149449
sc3m 998347 12 -12578.311382919757
IMisc2sm 762646 12 -5524.226275755058
IMisc2 662819 14 -3009.1560458495987
IMiscsm 991106 10 -1875.9056207776575
sc3im 238160 15 -2517.940980769842
IMisc 341733 12 -1950.9545169020846
sc3iemsm1 545767 17 -19132.829124999545
sc2il 130959 12 -3709.6035219320365
sc2ielsm1 538459 14 -2508.8638544670025
sc3elsm 842466 11 -4466.060925664364
IMsc2sm 947712 10 -2994.374793651625
sc3ieml 61916 15 -2783.8246492446797
sc3iemsm 467345 13 -14696.013382502944
sc2iesm 542699 10 -40767.07479682075
IMscns 967188 5 -10611.264599902433
IMns 14864 4 -10608.850084929287
sc1ns 906458 3 -10896.329842225936
sc2ns 759588 5 -11284.379925003364
sc3ns 563413 7 -10458.681456785356
sc11nm 565464 6 -2153.2950755558227
sc11 795094 8 -2021.4301517948218
sc11sm 638314 7 -2223.827990775705
sc1lsm 414820 6 -2735.053480998262
sc1nm 327098 4 -3265.956213864485
IMnm 250387 6 -3259.0147750548604
sc12nm 431795 9 -3470.0414450021613
s2m 109944 6 -2365.9136908441324
IMscnm 277904 7 -3286.9542607075773
sc1esm 73872 6 -2919.9564794319776
sc2sm1 115993 10 -1904.3873167353122
sc2lsm 118347 8 -2810.2358108348653
sc2e 164637 9 -6648.871455210134
sc1sm2 178872 8 -2454.5611751691677
sc2 705412 11 -1890.9928249340692
s2msm 791534 5 -2516.082863554304
sc3nm 76258 10 -3243.330851271999
sc1iesm 324225 8 -27182.204142909028
sc1l 775326 7 -2365.8891975888196
sc3mlsm 853057 11 -2090.927372409139
sc1sm1 110371 8 -2411.719895899685
sc1 89821 9 -2425.9033060322013
s2mi 240199 9 -1994.1063501977549
sc1ilsm 459290 8 -4741.769475206195
sc2elsm 447397 8 -2090.9708286050686
sc3lsm 480605 11 -2275.469507038414
sc1il 870528 10 -1962.9812893843791
sc2ilsm 387099 10 -1983.0534372024235
sc3elsm 760109 11 -2095.544122111969
sc2ielsm 647039 10 -1817.9758243369479
sc3ml 557243 12 -1942.423455597455
sc3ml2 135009 14 -1891.1748006207872
sc3el2 264632 14 -2435.308967745837
sc2esm 802656 8 -7763.121621990264
sc2iesm 233478 10 -19482.43451477493
sc12imsm 185477 12 -8385.559762446597
sc2iel 450101 12 -15037.99494170207
sc12ilsm 132785 12 -3200.909292504282
sc2ie 730874 12 -10591.17145788073
sc3em 982768 12 -1928.2512393985528
sc2il 36382 12 -2405.2613129649717
sc3msm 507822 11 -3002.619081118929
sc2l 662504 9 -2490.3235297187325
sc12im 123436 14 -4783.428665963538
sc1ielsm2 124881 12 -2627.469959313238
sc2ielsm2 133207 14 -1766.6921886271625
sc2i 969320 16 -1738.9184726385138
sc12il 662906 14 -2199.7975177660546
sc21nm 417296 8 -2286.061605778181
sc3eml 932955 12 -2373.253604138772
sc1ie 720995 10 -48858.31843861811
sc12imlsm 351429 12 -2263.3050728309227
sc12iml 357751 14 -7974.977733355509
sc1ielsm1 518522 12 -2318.229941202963
s2mismB 352991 8 -2186.94574024347
sc12imlsm1 55136 16 -3190.694175319351
sc3ilsm 485640 13 -1874.451298414593
sc3iemlsm 242894 13 -1816.8767856217341
sc3emsm 221114 11 -2097.6926642689714
sc3il 392336 15 -2304.4637076198264
sc3imlsm 479675 13 -1866.7782195336283
sc2sm2 612727 10 -5087.903155448086
sc3iml 64188 15 -5021.768874295925
sc3iemsm2 134045 17 -43499.65631050708
sc3iem 455342 15 -35781.20480116337
IM 502657 8 -3350.6750331768953
sc3iel 218051 15 -1869.737586784463
sc3l 382122 12 -3252.7802200570313
sc3ie 669310 15 -23989.6267851285
sc12imlsm2 380553 16 -1852.680012003134
sc3imlsm2 789798 17 -1798.828921259034
sc2ielsm1 676158 14 -1807.662703833897
sc3imlsm1 6012 17 -1773.7909403717113
sc3iemsm1 993539 17 -3940.1967374816786
sc3iesm 646872 13 -32773.068745410565
IMscsm 584776 8 -2178.3334683669273
sc3ieml 244320 15 -2195.273783179034
IMsc2 95327 11 -2499.9845217271522
IMism 564159 9 -1961.7992755325117
sc3m 565060 12 -4924.126200342078
sc1e 264875 7 -6030.785019449008
IMsm 589435 7 -2179.4707186997002
IMiscsm 396955 10 -1888.9131920580328
sc3esm 992929 11 -3980.1524067822115
IMsc2sm 336405 10 -2102.1918413834665
IMisc2 554705 14 -11761.596508406965
IMiscsmB 461212 11 -4756.870967912503
IMisc2sm 444432 12 -1812.3797779493257
sc2el 228982 9 -3493.0665059527855
IMsc 534380 9 -2056.352658700188
sc1i 456612 14 -2262.234162469191
IMi 150170 11 -1852.831671370254
sc3emlsm 765167 11 -3182.921432652891
sc3em2 682901 14 -14882.233394239867
sc3iemsm 50692 13 -8287.558078838976
sc3e 408810 12 -24207.51540222642
sc3imsm 170481 13 -3597.216642787408
sc3ielsm 330258 13 -2420.2673897323884
IMisc 756581 12 -1954.7030351554904
sc3im 616793 15 -11373.405305850667
sc3ielsm1 341676 17 -2685.006987275223
sc3ielsm2 468688 17 -2439.537703759702
IMns 752128 4 -10611.12518578645
IMscns 510675 5 -10459.023724580951
sc1ns 116079 3 -10896.333643507527
sc2ns 777776 5 -10719.52065827062
IMnm 251424 6 -11974.35963276348
sc11nm 934739 6 -2153.2748599838687
sc11 177546 8 -2021.2041893472776
sc11sm 425740 7 -2526.4701727499228
sc1lsm 145023 6 -3531.1847581008924
sc1e 957042 7 -27682.79516731466
IMscnm 954287 7 -3261.1205236663263
sc1esm 952022 6 -5992.224309931247
sc1nm 516730 4 -3265.9586849247034
sc2lsm 383657 8 -2409.009479907557
s2msm 932713 5 -2516.0835274590418
sc1l 435777 7 -2848.1707967218126
sc12nm 217351 9 -3339.7135713184853
sc3ns 445172 7 -10896.91465197138
sc2sm1 702655 10 -1904.4017213946674
sc3nm 594238 10 -23871.418324911894
sc2esm 779591 8 -2052.8495296749306
s2mi 67741 9 -7397.9539102713425
sc3msm 460777 11 -1978.9827635175732
sc2el 329670 9 -1973.9885852625378
sc2sm2 602061 10 -1955.3170482254486
sc1ilsm 811886 8 -3039.7148852960204
sc1iesm 27745 8 -12352.095818536516
sc2 508885 11 -2470.6561772857895
s2m 466227 6 -2365.92720170214
sc2iesm 387722 10 -20673.989541569066
sc2l 663494 9 -2412.8451501554523
sc1sm1 426049 8 -2390.1137059895623
sc2elsm 842068 8 -2549.855136335278
sc3e 182231 12 -27702.73842622381
sc3em 979539 12 -7168.164832076002
sc3ml 112175 12 -2885.557564301909
sc1il 989667 10 -11616.606862745837
sc3emlsm 558604 11 -3047.964345548445
sc1ie 976992 10 -27479.77128197081
sc3mlsm 56263 11 -2390.7108965844272
sc3l 736774 12 -2680.182273834996
sc3elsm 313116 11 -2197.4851044703223
s2mismB 148539 8 -2186.994436299905
sc12imlsm 452988 12 -1758.6295578197974
sc2il 492773 12 -1957.5966701326754
sc12il 793559 14 -1740.562670040779
sc3emsm 770795 11 -24329.341604724024
sc1 267742 9 -3041.908119512398
sc1ielsm1 303265 12 -2219.8831757032744
sc3ml2 462930 14 -2000.219034829985
sc1sm2 54907 8 -2363.238606897484
sc1ielsm2 278512 12 -2209.4505288830105
sc12ilsm 926987 12 -2005.0391662412687
sc2iel 471562 12 -3381.7494467823917
sc2ielsm 54467 10 -2145.2001864718623
sc3iemsm 392087 13 -57808.2783370936
sc12im 591140 14 -8374.892048472659
sc21nm 487837 8 -20292.76557619743
sc12iml 451383 14 -4755.3122354248035
sc2i 140266 16 -6305.085870523408
sc3imsm 73828 13 -3297.4419365627327
sc2ielsm1 956389 14 -7500.073708793701
IMsm 520242 7 -2332.984195045844
sc3eml 782109 12 -2155.180193922155
sc3ie 905300 15 -32092.467265379008
sc2ielsm2 850274 14 -1836.5901345169607
sc2ilsm 282851 10 -1982.7561865080288
sc3iel 275418 15 -1797.8707144699406
sc3il 802324 15 -4818.3586496615735
IMsc 487226 9 -1976.3156960585866
sc3ielsm 819142 13 -1806.5110253977439
sc3imlsm2 101070 17 -1749.4938715832145
sc3ilsm 390478 13 -2111.3098364632697
sc3el2 263270 14 -2083.6114782101936
sc3iemsm1 199996 17 -37495.713441515
sc3imlsm1 883968 17 -2459.9751272147473
sc3iemsm2 260823 17 -22983.753599021733
sc3esm 324029 11 -7770.659021178879
sc12imlsm1 555380 16 -1936.3111499355205
sc3ieml 996615 15 -2921.3769647292443
sc3ielsm1 627847 17 -2701.0913260821953
IMscsm 299953 8 -2872.18314284664
sc3imlsm 634357 13 -2413.7999571117516
sc3iemlsm 703845 13 -2086.271286060385
IMsc2sm 928056 10 -2281.7559786510856
sc3ielsm2 815779 17 -2086.876196259137
IMism 822564 9 -2002.3196860957312
sc3iem 669653 15 -103390.31843276537
IMiscsm 228853 10 -1922.8782423800462
IMiscsmB 564697 11 -13719.717328008624
sc3im 894172 15 -3036.412750190466
sc3m 105004 12 -49388.44435715098
IM 238184 8 -3457.2579409310993
sc3lsm 216444 11 -12088.291008468384
sc3iesm 281805 13 -3850.031511042021
sc12imlsm2 700680 16 -3598.3129330630495
IMisc 36070 12 -2350.0051807492523
sc2ie 995248 12 -42785.10774971055
IMisc2sm 516644 12 -2322.5686587463306
sc1i 344550 14 -2602.303436859313
sc2e 328730 9 -4529.770343338375
IMsc2 238755 11 -3060.252671997677
IMi 798272 11 -1953.6572315263159
sc12imsm 575401 12 -15376.78277100112
IMisc2 607809 14 -2390.5840608614994
sc3em2 683455 14 -20882.34085795594
IMns 895611 4 -11550.171456478887
IMscns 120563 5 -10608.984604539755
sc2ns 454959 5 -10896.669565776465
sc11nm 347431 6 -16245.081546992089
sc3ns 39160 7 -10897.100084907996
sc1ns 575447 3 -10896.331905100797
sc11sm 740205 7 -2686.5783279402694
sc11 679341 8 -3660.9099648168476
sc21nm 857232 8 -7891.420778956856
sc1lsm 655975 6 -2517.0710586919213
sc1nm 124534 4 -3265.966530632537
sc1sm2 626133 8 -5101.42631138941
sc1sm1 992381 8 -2516.956152687204
sc2esm 443022 8 -2073.5107695527413
sc12nm 249224 9 -9022.034461656309
sc1l 29853 7 -2578.6059681787765
s2msm 832912 5 -2516.097945007931
IMscnm 574293 7 -9735.029351063587
sc2e 30761 9 -5418.15834839188
sc2sm2 666033 10 -4040.2707850400884
sc2lsm 569818 8 -2344.226366184848
sc2l 898360 9 -2103.9689003650324
sc2 281472 11 -1904.3140227417723
s2m 678115 6 -2365.901105478988
sc3nm 616005 10 -29864.262515720584
IMnm 283032 6 -3259.0583514084874
sc2sm1 394380 10 -8642.783922672967
sc1 377981 9 -4182.424175946827
sc2el 64164 9 -1973.9872012900362
sc1iesm 411648 8 -46857.671673173034
s2mi 625909 9 -2428.4328725589344
sc3e 953880 12 -46396.47447412094
sc1ie 645578 10 -6426.4582295414475
sc3elsm 228003 11 -3128.705777831782
sc2elsm 360981 8 -2090.972997338258
sc2iesm 448716 10 -40653.085461257164
sc1ilsm 433110 8 -2259.5983079221205
sc3l 257422 12 -2214.996459447466
sc2il 737506 12 -6520.4062627439225
s2mismB 765039 8 -2368.4957684436217
sc12imsm 808225 12 -8302.732923814776
sc3esm 539511 11 -2030.9642316999707
sc1il 359177 10 -4305.739607866758
sc3emsm 251597 11 -5875.820728068004
sc2ilsm 326481 10 -2086.9089774303643
sc12il 586800 14 -22268.902101736847
sc2iel 766665 12 -1786.8334752167632
sc12ilsm 553296 12 -4077.45701489754
sc3el2 821340 14 -2320.685168151667
sc12im 464306 14 -21719.658259982054
sc3imsm 803426 13 -61324.26645994295
sc2ielsm1 213013 14 -1752.624924065915
IMsm 462058 7 -4278.920964036269
sc3iesm 549284 13 -43317.898892741374
sc2ielsm2 916216 14 -1775.0926563418093
sc3ilsm 290713 13 -3421.6927010953623
sc1ielsm2 365040 12 -2280.6523616563186
sc1e 350626 7 -2168.0665999560188
sc2i 776599 16 -4450.004586032462
sc1i 961848 14 -2332.16585774735
sc3il 282520 15 -3259.924475718627
sc3iml 226065 15 -1814.289879001327
sc2ielsm 839903 10 -1817.8672980434567
sc3ielsm 554904 13 -1996.2982465165255
sc3eml 839100 12 -2429.852731442623
sc12iml 955774 14 -1830.5811869806028
sc3ieml 932874 15 -1791.6592059696386
sc3lsm 843177 11 -3387.7727142690546
sc3ielsm1 12980 17 -9420.18543415007
IM 735129 8 -2087.0934015159187
IMscsm 291924 8 -3423.3329339428337
sc3iem 208789 15 -6864.438010480969
sc3imlsm1 852080 17 -1758.9267837692184
sc12imlsm2 540273 16 -2197.32263497892
sc12imlsm1 783060 16 -1865.9466084614805
sc3imlsm2 877641 17 -2262.6589212145136
sc3ielsm2 599608 17 -2058.918789657963
sc3mlsm 882460 11 -2549.672709064336
sc12imlsm 663901 12 -2215.9143112964994
sc1ielsm1 38648 12 -1901.1052291682595
sc3iemlsm 754620 13 -2393.1798685780027
sc3iemsm2 260033 17 -1985.0380855065964
IMsc 753608 9 -3971.3734824283365
sc1esm 480140 6 -15218.706479733162
sc3msm 679845 11 -4227.782699861982
IMism 494983 9 -2750.659157747158
IMi 872351 11 -1941.0432667375262
IMsc2 762432 11 -1911.2192962086892
IMiscsm 172608 10 -3614.9016435071067
IMisc2sm 627890 12 -2163.690594260758
sc3iemsm1 1100 17 -7535.181140905073
sc3em2 303631 14 -25905.23972017498
IMiscsmB 434008 11 -2086.093428904505
IMisc2 692233 14 -2440.4598408552474
sc3im 589459 15 -13034.559522828857
IMisc 33496 12 -1837.4685450635548
sc3em 830520 12 -7949.971802751231
sc3ml 827634 12 -2998.9696007150314
sc3ie 599565 15 -28330.727433635882
sc3emlsm 512839 11 -6195.767472602765
sc3ml2 846931 14 -2463.0169859940747
sc3iemsm 449672 13 -19084.239464981267
sc3m 136850 12 -8841.514639258798
IMsc2sm 599997 10 -2189.350007806559
sc3iel 360351 15 -5521.415496239381
sc2ie 950226 12 -14312.416049438196
IMns 358781 4 -10609.094112844956
sc1ns 252997 3 -10896.329746044301
IMscns 5748 5 -10614.25809617847
sc2ns 504945 5 -10465.468381053694
sc11nm 749242 6 -3348.1633088697113
sc3ns 508806 7 -15749.023167987398
sc11sm 270855 7 -3628.02951486041
sc1nm 412694 4 -3265.9731582839495
sc11 562298 8 -2372.144441330225
sc21nm 151878 8 -4846.205155556843
IMnm 242729 6 -3263.37940691326
IMscnm 175919 7 -3259.945448284381
sc2esm 425180 8 -2017.1220342608044
sc2lsm 905776 8 -2345.3032474935544
s2m 85081 6 -2365.910925489134
sc1sm1 572099 8 -2712.3337272378435
sc2l 531757 9 -2101.322650287845
sc1lsm 801221 6 -2516.234461950039
sc1sm2 808762 8 -2510.5700244655004
sc12nm 30364 9 -14250.542993907358
sc1 771318 9 -2709.0392281405766
sc1iesm 512611 8 -12359.296823156577
sc3nm 109053 10 -30193.50453171551
sc1l 917803 7 -2357.9492396822116
sc2sm1 258937 10 -3189.7010731474516
sc2 454993 11 -2248.471007868436
sc3esm 771509 11 -61407.46439647304
sc2sm2 699704 10 -1965.1125434903074
s2msm 860236 5 -2516.0825914087764
sc3mlsm 551222 11 -2090.709044247382
s2mi 684859 9 -2251.760962899596
sc2el 469685 9 -1973.9759705913625
sc3m 367737 12 -3320.1786215193542
sc3emlsm 759870 11 -3055.710066186296
sc1ie 637223 10 -33458.61898808747
sc1ilsm 907587 8 -4547.687880625072
sc3ml 235059 12 -2067.082217334255
sc3ml2 21005 14 -2350.0665729644415
s2mismB 987823 8 -2186.968405814279
sc3l 168064 12 -2203.2475513484046
sc2ie 877306 12 -16351.887908864503
sc2il 106779 12 -1889.0856203659755
sc12imsm 467290 12 -7906.03771919898
sc2ielsm 38009 10 -2650.3672736403423
sc1esm 536413 6 -7288.303084615106
sc2iesm 726900 10 -30113.761022582075
sc12ilsm 306300 12 -3256.9676103803026
sc1il 445166 10 -1967.6886368237438
sc2elsm 136507 8 -2717.9876880394704
sc12imlsm 833449 12 -2991.339823259462
sc1ielsm1 563717 12 -4045.0237791974514
sc12iml 546415 14 -1793.699534893463
sc2ielsm2 519604 14 -3568.6522894347972
sc3el2 257481 14 -2062.9787578783976
sc3ilsm 886945 13 -8197.44384555104
sc3eml 637499 12 -2057.4377209422782
sc2ilsm 257468 10 -2276.0519228527237
sc1ielsm2 955953 12 -2093.953247477766
sc2i 397336 16 -2192.7164818152837
sc3im 167078 15 -7189.95342348627
sc3imsm 269675 13 -6057.051403956989
sc3em 492252 12 -3267.3543523399103
sc3lsm 76495 11 -2927.967521119321
sc12imlsm2 902586 16 -2221.452147825493
sc12il 425127 14 -3058.7509815234926
sc3imlsm 827899 13 -5759.762143223503
sc3ielsm 258794 13 -2453.6795239711655
sc12imlsm1 584616 16 -1778.0517623469157
sc3iemlsm 333781 13 -5985.319109796091
sc3ieml 665046 15 -1803.6996815380508
sc3imlsm1 619913 17 -1750.7731964665802
sc3ielsm2 493294 17 -2631.3400553794654
sc3il 492740 15 -1872.9516780038098
sc3imlsm2 983951 17 -2077.2093190539904
sc3iemsm1 696386 17 -13963.616712113802
IM 791157 8 -2116.4790236109066
sc3ielsm1 403004 17 -1761.345827133643
IMism 510123 9 -1962.552755452201
IMscsm 984721 8 -2179.392824542044
IMsc2sm 647693 10 -2146.7894392306575
sc3iml 171275 15 -2386.5234164328804
sc1i 477256 14 -2052.219374367922
IMsm 438172 7 -2179.466562007551
sc1e 381929 7 -21849.527058142772
IMsc2 632707 11 -2415.184386168997
IMisc2sm 715028 12 -1863.9214720818727
IMisc 24886 12 -3311.6340757870084
IMiscsmB 389085 11 -1881.6763954899916
sc2ielsm1 598625 14 -2133.9051843809893
IMiscsm 158539 10 -4901.6911057471425
IMi 231230 11 -1852.9927436697049
IMisc2 433895 14 -1778.8415363493923
IMsc 958580 9 -2071.6738289806017
sc3iesm 87801 13 -18633.863822461983
sc3ie 267583 15 -57230.90178989594
sc3iemsm 801475 13 -8903.84684342839
sc3iem 220529 15 -17213.806732794154
sc3elsm 565058 11 -10187.100132479232
sc3emsm 457409 11 -3886.568707027567
sc2iel 671229 12 -2732.0729398815997
sc2e 728769 9 -33735.92361437465
sc12im 403272 14 -19528.739795160698
sc3iemsm2 177186 17 -16002.29207965784
sc3iel 147073 15 -4535.100892484276
sc3e 297439 12 -29901.473318741082
sc3em2 464244 14 -18640.38739545404
sc3msm 758484 11 -17607.56400240129
sc3imlsm 391002 13 -2393.1898577806305
sc3mlsm 683228 11 -3334.602676748976
sc3iml 591973 15 -1803.9516209620867
