IMns 840386 3 -33477.1493412893
sc1ns 374193 2 -31138.662222431052
sc2ns 62322 4 -31138.782508589156
sc1nm 205595 3 -5516.5537589658115
sc3ns 281383 6 -30919.921674973873
sc11nm 297576 5 -7633.359625842772
IMscns 745572 4 -32460.14425839116
s2msm 770462 4 -3673.368539850265
sc21nm 412945 7 -6031.100264622248
IMscnm 229295 6 -5292.209323333935
sc1esm 914808 5 -3689.136926125207
sc12nm 920270 8 -4007.754164218482
IMnm 145165 5 -5287.666446850957
s2m 124865 5 -3595.4586357440257
sc1e 48274 6 -3599.754406336843
sc1lsm 631069 5 -3486.599519006524
sc11 330426 7 -3591.691139864708
sc1l 120981 6 -7293.839909630327
sc11sm 282701 6 -10042.631404126882
sc2elsm 815597 7 -9640.928129573475
sc2l 614876 8 -2988.0197541180282
sc2e 771489 8 -36756.98609149016
sc1sm1 283490 7 -5599.191376533503
s2mismB 636624 7 -2901.2896897861874
sc2lsm 359297 7 -3124.4950955272357
sc2 641910 10 -2925.7154969758476
sc3lsm 768569 10 -3086.4174995547246
sc1iesm 431626 7 -17163.51959749864
sc2iesm 232925 9 -31080.91578336296
sc1il 221787 9 -2788.842639309351
sc1 461060 8 -3532.6282162489233
sc1sm2 575463 7 -3698.96854229866
sc2ilsm 138219 9 -2319.1400998966506
s2mi 985470 8 -2926.0033593731428
sc3mlsm 457755 10 -3556.8564618698824
sc3l 471139 11 -3025.2319553948755
sc3elsm 375453 10 -3255.531560168107
sc3emlsm 400417 10 -3294.720227838586
sc12ilsm 787499 11 -2313.8354020150705
sc2sm1 330084 9 -4865.220494194837
sc1ie 156393 9 -64565.17484834056
sc3esm 786962 10 -8193.783942572889
sc1ilsm 344339 7 -2798.8939970751017
sc3eml 370279 11 -2873.0788082705612
sc2el 906092 8 -3766.639000913093
sc3msm 360045 10 -18251.39382739813
sc3ilsm 952963 12 -2284.7209117796256
sc1ielsm1 118054 11 -2783.3049625155404
sc1i 804148 13 -2781.73301242708
sc12imlsm 747788 11 -2295.5245507781015
sc2ielsm1 210896 13 -2250.1078217598547
sc12il 534157 13 -2284.603090038501
sc3il 620436 14 -2254.268038762646
sc3ielsm 264063 12 -2290.100485938086
sc3el2 72723 13 -2963.529349037707
sc2iel 639482 11 -2525.5236206466293
sc1ielsm2 279971 11 -2918.690083555313
sc2ielsm 362688 9 -2294.483005836257
sc3im 128575 14 -25321.47719687971
sc3iel 735423 14 -2249.733012600529
sc3iml 729977 14 -2278.505224383326
sc3imsm 24203 12 -156110.952029927
sc3ie 152239 14 -30621.970630588316
sc12imlsm1 363248 15 -2294.893079195931
sc3ieml 944252 14 -2258.1435478581716
sc3iemlsm 125398 12 -6039.724576495034
sc3imlsm1 786303 16 -8828.490974415672
sc3iemsm2 964318 16 -35429.13075823661
IMscsm 498901 7 -3044.9373009703627
sc2i 63091 15 -3671.2195095412535
sc3imlsm2 769151 16 -2224.162790052253
sc2esm 838055 7 -12376.920815319067
IM 718391 7 -2876.34008121873
sc3iemsm1 376587 16 -44023.662363005955
sc3ielsm2 599608 16 -3215.2894484126264
sc12iml 51212 13 -2257.959479926498
IMsc 904887 8 -2859.2648463199575
sc2ielsm2 823545 13 -2713.6705778764663
sc3ml 249910 11 -4206.923812987086
IMsm_ 468328 6 -3049.976191376808
sc3ml2 631356 13 -3187.154431609533
sc3ielsm1 74446 16 -3073.73999047345
IMsc2sm 999426 9 -3037.4758546138096
sc3em2 544150 13 -4909.899458141828
sc3iemsm 476263 12 -5343.708945123201
IMsc2 877803 10 -2984.1879481548676
sc2il 563548 11 -6639.51277028205
sc12imsm 116346 11 -19337.137125106347
IMiscsmB 649800 10 -2291.0166849817174
sc3iesm 997182 12 -26834.679516833712
IMiscsm 129202 9 -4303.1487340799395
IMism 804174 8 -2338.6741862283116
sc3emsm 673545 10 -4681.3702187301515
sc2sm2 106922 9 -3267.464569392213
IMisc 514962 11 -2289.0284391685286
IMisc2 94059 13 -2291.136435757962
IMi 487123 10 -3285.713630524682
sc12imlsm2 546438 15 -3754.512684390349
IMisc2sm 942230 11 -4014.199455659263
sc3iem 159782 14 -15667.904522119046
sc3e 542318 11 -26970.770504409713
sc3m 28462 11 -21306.64811810021
sc2ie 391639 11 -30206.028426944915
sc12im 550018 13 -38044.38107255333
sc3imlsm 260918 12 -3353.7116738770383
sc3el 367893 11 -3285.5053299604724
sc1ns 328964 2 -31138.662238378427
IMns 65932 3 -30971.39694896224
sc2ns 615458 4 -30913.31638654759
sc1nm 479591 3 -5516.5577398072855
IMscns 577542 4 -31138.976139153943
sc11nm 713445 5 -5524.321117146709
IMnm 802005 5 -5287.66650859006
s2msm 446655 4 -3673.3678529664944
IMscnm 224174 6 -5290.99166567822
sc2esm 975595 7 -45947.77450815123
s2m 389130 5 -3595.458608746674
sc12nm 273882 8 -12773.4682694536
sc1sm1 566795 7 -3375.21180852857
sc1lsm 944986 5 -9662.231747930015
sc1esm 511019 5 -5876.412784633943
sc11 288404 7 -3591.690874897808
sc11sm 909540 6 -3673.4314433386335
sc2el 218911 8 -2925.6196843868884
sc2lsm 159337 7 -3124.495705431107
s2mi 100453 8 -2897.3231059090317
sc1l 797606 6 -3368.6247593373164
s2mismB 480806 7 -2901.2603058322143
sc1ilsm 456562 7 -2798.8959534772885
sc1 538765 8 -4099.827345467353
sc2l 161360 8 -4097.947746278628
sc2sm2 996390 9 -3384.658130596876
sc3elsm 572949 10 -3010.288940312959
sc2sm1 383014 9 -3196.808911398403
sc3ns 155317 6 -32261.54195251239
sc1sm2 630848 7 -3487.9029196418746
sc3l 394592 11 -3649.9454226753205
sc1iesm 782361 7 -26958.41047658795
sc3lsm 68677 10 -4445.327482626041
sc1il 128867 9 -2776.4353247884287
sc12ilsm 630174 11 -2304.9001066565656
sc2il 507635 11 -2284.3886807437766
sc3emsm 406982 10 -9659.842899193189
sc2iesm 311982 9 -8263.849223710158
sc3el2 893898 13 -2840.9959339764864
sc2ielsm 469853 9 -2294.8115805753037
sc2 528379 10 -3195.7278677929644
sc3mlsm 636141 10 -3090.9238877541857
sc12imlsm 565217 11 -2294.7421920336983
sc12il 622576 13 -2335.802193292493
sc3ie 976308 14 -26116.69040661339
sc3el 469921 11 -2966.1913643521125
sc2ielsm2 519737 13 -2236.5913184097267
sc12im 640661 13 -2475.967008736268
sc2ilsm 167710 9 -2316.5457265895925
sc21nm 708497 7 -6400.605217206304
sc3il 354889 14 -2364.5822527792707
sc3m 197400 11 -18233.404236774968
sc3esm 188456 10 -22750.516519259345
sc1ielsm2 893995 11 -2972.703059137357
sc3ml 804611 11 -3167.676280211362
sc1i 22682 13 -3021.7321931349093
sc2i 800606 15 -7317.138243793007
sc3iesm 657816 12 -18993.188451694128
sc3iemlsm 621016 12 -11341.391199787531
sc3iml 245329 14 -2288.810342879342
sc3iel 538888 14 -2329.3697348688224
sc1ielsm1 482503 11 -2897.3178191015586
sc2elsm 1954 7 -5763.976261547819
sc3ielsm2 415106 16 -2254.7411568405187
sc3iem 182966 14 -46691.54011190265
sc12imlsm1 696164 15 -2251.8120225333464
sc3im 678048 14 -17232.78096849692
sc3ielsm1 181704 16 -4409.888254770696
sc12imsm 147893 11 -23088.589087834636
sc12imlsm2 92041 15 -2251.350005172684
IMsm_ 338373 6 -3049.9763266703826
sc2ielsm1 679608 13 -3485.4851089266135
sc3iemsm2 578310 16 -19297.5199489825
IMscsm 181637 7 -6505.038533988354
sc3ielsm 481107 12 -2468.1347544435976
IMsc 9500 8 -2859.0468929453
sc3imlsm2 766320 16 -2223.739487158133
IM 719778 7 -2876.240290009961
sc3ieml 258766 14 -4580.245870402592
IMsc2sm 891297 9 -7140.667451098791
sc3ml2 465705 13 -7666.466307907767
sc12iml 765533 13 -2258.103043854532
IMsc2 764669 10 -2922.8177690185767
sc3emlsm 83775 10 -3622.9691737130424
sc1e 469562 6 -15651.368546951311
sc3e 71343 11 -29139.765866312435
sc3em2 706304 13 -27156.03801585086
sc3imsm 625534 12 -9433.152007457718
IMi 703603 10 -2296.192065746788
IMiscsm 986970 9 -2292.0815031594852
IMiscsmB 478801 10 -14738.54352801592
IMisc 247773 11 -2258.052399092908
sc2iel 845876 11 -2500.1443665119314
sc3ilsm 171243 12 -11856.749316220765
IMisc2 11798 13 -2240.9169423073113
IMism 849723 8 -2338.6647061924364
sc3iemsm1 458966 16 -16180.022918736033
IMisc2sm 130433 11 -3041.4185047962574
sc3imlsm1 804554 16 -2215.0855896982303
sc1ie 218869 9 -8890.28899434025
sc2ie 897007 11 -32071.154182352413
sc2e 474746 8 -17310.13002680723
sc3msm 806781 10 -28228.786180941785
sc3iemsm 528766 12 -27836.439804940008
sc3eml 411323 11 -2862.059604828767
sc3imlsm 770732 12 -9374.547658877736
sc2ns 872410 4 -37401.8291048867
sc1ns 566695 2 -37403.77664235556
IMns 889396 3 -30971.39694899593
IMscns 918507 4 -30971.426872784585
sc1nm 55849 3 -5516.557229375169
sc3ns 499344 6 -31138.707130013554
sc21nm 692437 7 -4634.6481716953895
sc11nm 990876 5 -4635.366100770504
sc11sm 544587 6 -3668.024766683962
IMscnm 548688 6 -5286.259341015513
s2msm 940733 4 -3673.3679029461973
s2m 746930 5 -3595.458633901829
sc12nm 533487 8 -8694.944126055705
IMnm 978574 5 -5287.665517595319
sc1sm2 55996 7 -3486.810849935909
sc1esm 495640 5 -5516.589102231753
sc1sm1 713462 7 -3368.6267109820797
sc11 951703 7 -3591.65476122168
sc2esm 810998 7 -31565.511141520663
sc1 918369 8 -3368.7917021173735
sc2el 597671 8 -2926.417645533969
sc1l 65813 6 -4009.9734675620975
sc1e 409440 6 -5516.607829110035
s2mi 391207 8 -2897.34549120481
sc1lsm 839981 5 -3486.5989926181096
s2mismB 444690 7 -2901.7182757256446
sc2 573760 10 -2825.2160908628343
sc3mlsm 815593 10 -2993.725587714732
sc2lsm 901457 7 -3124.4952403651646
sc1ilsm 768084 7 -2798.9045368076036
sc2sm2 71711 9 -3124.7665842748966
sc2l 572280 8 -2988.0224539957326
sc1iesm 758987 7 -28622.40650299531
sc3l 888651 11 -4486.153737069235
sc1ie 184079 9 -7012.207821242312
sc2elsm 852528 7 -3012.0463665506686
sc12imsm 791955 11 -5801.85850285919
sc3el2 570923 13 -6191.653887248439
sc3ml 912430 11 -2873.5452529966838
sc12ilsm 21245 11 -2567.7802208100757
sc3el 582685 11 -4543.899433206045
sc3emsm 391674 10 -23523.100658995434
sc3elsm 381021 10 -3458.357273364902
sc1ielsm2 43380 11 -14182.966531042415
sc3emlsm 108976 10 -3324.956840585002
sc2ilsm 301135 9 -2316.545322506613
sc2ie 884595 11 -29332.54472059665
sc12imlsm 93603 11 -2297.5429056935536
sc2ielsm2 861310 13 -2241.204947113931
sc2iel 576129 11 -4212.789399915936
sc2ielsm1 704764 13 -2250.3943090592024
sc1i 552157 13 -2766.1846280874106
sc3il 134163 14 -13520.121151196103
sc3imlsm 181202 12 -2253.354726294482
sc2i 688035 15 -2274.902866902204
sc2il 919401 11 -2284.252351739312
sc1il 460769 9 -2776.3729754161805
sc1ielsm1 132665 11 -3163.491680963431
sc3ilsm 89002 12 -2399.8718729084108
sc12il 290656 13 -2466.981305675644
sc3iemsm 788102 12 -12112.764156524598
sc12iml 989439 13 -2267.500623342842
sc12imlsm2 564771 15 -2681.6088456454636
sc3m 735897 11 -24824.45502512012
IMsm_ 667689 6 -7815.165031843422
sc3iemsm1 648129 16 -18571.47624232592
sc3imlsm1 445070 16 -4233.477727843585
sc3iemlsm 899714 12 -11840.79070338122
sc3iemsm2 961961 16 -5852.713925130652
sc3iem 395113 14 -9730.815223401385
IM 387507 7 -2876.947026852694
sc3ielsm 570179 12 -2351.9224650807973
sc12imlsm1 539778 15 -2432.743580438328
sc3ielsm2 334718 16 -2351.8624809837443
sc3iml 301242 14 -2744.0578716843984
sc3imsm 701253 12 -24427.86369573728
sc3lsm 310361 10 -3516.546821355148
sc3msm 50334 10 -16439.964695224087
sc2e 709893 8 -14141.996265101057
IMsc2sm 916578 9 -3801.129022216498
sc3eml 845823 11 -5201.282324199591
IMscsm 615441 7 -3035.4922566702194
sc3iel 895123 14 -3106.396488901256
IMism 760268 8 -2338.665124317127
IMsc2 257730 10 -3983.345281225321
sc3ielsm1 418374 16 -2621.7390543827682
sc3ml2 83036 13 -7297.352627215497
IMiscsm 338391 9 -2292.0645335873974
IMi 248067 10 -3346.219003076373
IMisc 416219 11 -2268.917955104849
IMiscsmB 878460 10 -4630.118173253325
IMsc 85731 8 -3618.131857040703
sc3iesm 493679 12 -18558.412323205794
sc3imlsm2 731139 16 -2514.2231552153335
IMisc2 962351 13 -2506.0873248354346
IMisc2sm 464931 11 -3107.125730932385
sc2ielsm 611436 9 -3091.217890631166
sc3em2 879575 13 -32206.64286194398
sc12im 249984 13 -39055.63132361256
sc3e 991441 11 -5925.051514457565
sc3ieml 510842 14 -3155.5298167922087
sc2sm1 688232 9 -7326.414046057874
sc3im 888015 14 -2615.398728502133
sc2iesm 225125 9 -28175.599360956377
sc3ie 932452 14 -28201.253990975063
sc3esm 464430 10 -7694.905723996584
sc1ns 22495 2 -31138.662163598452
sc1nm 224019 3 -5516.5577448141
IMns 601290 3 -31468.74621035169
sc2ns 479674 4 -37401.01197674471
sc11nm 854647 5 -14543.4210138969
sc21nm 337254 7 -13954.696871746359
s2msm 189193 4 -3673.3685382047274
sc11 43431 7 -3591.666706808696
IMnm 197166 5 -5287.666508386615
s2m 758216 5 -3595.4586298544823
sc11sm 139670 6 -3673.767024899229
sc12nm 647009 8 -5897.351948688043
IMscnm 883862 6 -5286.268461423118
IMscns 651198 4 -31076.578734377967
sc1lsm 335764 5 -3486.5978784510326
sc2lsm 110456 7 -3124.4960990080144
sc1l 324645 6 -3368.6242176115397
sc1esm 996362 5 -5516.588765250846
sc1sm1 764994 7 -3594.591480097282
sc1 325715 8 -3595.449662450304
sc2el 123765 8 -2925.6202140018277
s2mi 486539 8 -2897.5232896615316
sc1sm2 825443 7 -9750.125998327743
sc2sm2 911661 9 -2876.77063010081
s2mismB 3182 7 -5517.399463349856
sc1ilsm 17105 7 -2899.911939757089
sc2 962661 10 -2834.483532690152
sc2elsm 304402 7 -3012.0452541157492
sc3lsm 729131 10 -7253.310343087136
sc3e 44912 11 -31331.269881243716
sc2ilsm 557490 9 -2316.5880659093837
sc2l 999875 8 -2988.02102746784
sc3emlsm 581861 10 -5373.2743714033
sc2esm 516909 7 -22967.766420638676
sc3mlsm 894602 10 -4425.071768740647
sc1ie 508131 9 -22388.73978239662
sc12ilsm 230742 11 -2304.0615853306463
sc2il 822436 11 -2418.87075063943
sc1il 220817 9 -2946.091318715296
sc12imlsm 791491 11 -2293.888030380178
sc3ilsm 496007 12 -2437.4523887820533
sc12imsm 586428 11 -18759.83002978466
sc3ns 106414 6 -37401.826005554176
sc3iesm 322944 12 -27725.59825011347
sc3ml2 606378 13 -2806.0614395568286
sc3il 353931 14 -2365.222479846097
sc2ielsm1 66689 13 -2354.061270118917
sc1iesm 347487 7 -6348.839259728532
sc1ielsm2 154032 11 -3536.6659179271223
sc2i 90977 15 -2224.679262785595
sc12iml 82813 13 -2342.31178902343
sc3eml 924685 11 -3167.6844042994435
sc3im 239767 14 -37735.83515376132
sc1i 942893 13 -2927.3911066625515
sc1ielsm1 902786 11 -3376.8397849148555
IMsm_ 293001 6 -3049.97633276962
sc3iml 330168 14 -6684.05695405486
sc3iemlsm 771685 12 -2252.993069853978
sc12imlsm2 82873 15 -2244.450538120056
sc12imlsm1 866986 15 -2441.333762673098
sc3imsm 558748 12 -55627.516970660734
sc3ml 635200 11 -7298.1614068992085
sc3ielsm1 507770 16 -7182.2111286269555
sc2ielsm 628385 9 -2294.482734113817
sc3iel 984188 14 -7860.834575820649
sc3ielsm2 783830 16 -3213.9872223886928
sc3iemsm1 664552 16 -22329.91998868931
sc3imlsm 950158 12 -3995.382946775836
IMscsm 933735 7 -3035.493036133486
sc3ielsm 384250 12 -2850.072392352106
IM 605497 7 -2887.7852464123757
sc3l 552074 11 -7588.214016328566
IMsc2sm 882873 9 -2994.769199078368
sc3imlsm1 754219 16 -2434.516806641347
sc1e 730085 6 -30238.056115210446
sc2iel 187168 11 -2500.1179234532096
sc2e 472006 8 -4615.401870011709
sc3emsm 956073 10 -41067.34810138386
sc2iesm 635066 9 -8159.0843748222
IMsc2 197233 10 -7639.683136240559
sc12il 363467 13 -2419.539726786493
sc3elsm 558600 10 -9862.704488137691
sc3msm 65920 10 -27979.393156523412
IMism 541532 8 -2340.4722588423533
sc3el2 515725 13 -3088.935459789961
IMiscsmB 667798 10 -2299.0654665852667
IMisc2sm 410936 11 -2263.2936869104797
sc3iemsm2 596917 16 -7764.788026681738
sc2ie 751995 11 -5663.676183644685
sc2sm1 751265 9 -7379.276549098668
sc3em2 402062 13 -34384.39660344898
IMisc 885471 11 -2257.988635376608
sc3esm 29666 10 -20854.093726336556
IMsc 592978 8 -2914.1734728275906
sc3ieml 76683 14 -2360.5322603562618
IMiscsm 760122 9 -2292.064502375792
sc3iem 120262 14 -8892.14914346654
sc3el 693946 11 -4089.598228822107
sc3m 720481 11 -27697.884672677486
sc12im 938526 13 -4242.738906311034
IMi 951132 10 -2311.2167125724977
sc3iemsm 977903 12 -30752.157622572293
sc3ie 881770 14 -41674.52429519637
sc3imlsm2 498475 16 -3036.2668567259066
IMisc2 451561 13 -2727.5158487010276
sc2ielsm2 819388 13 -3553.812543174462
sc1ns 456693 2 -31138.662238921715
IMns 769244 3 -30971.39690296569
sc3ns 327182 6 -31138.76085991863
sc1nm 468692 3 -5516.556781006917
IMscns 847116 4 -30972.187039996927
sc11nm 457041 5 -5522.59677209505
sc21nm 144852 7 -5401.136077032052
sc11sm 646899 6 -3673.4442517049647
s2msm 328205 4 -3673.3682975865954
IMscnm 427836 6 -5287.359456186329
sc2lsm 10925 7 -3124.4963602864923
sc11 675908 7 -3727.1787175501054
sc2esm 9595 7 -40130.9964628917
s2m 577638 5 -3595.45732281128
IMnm 162395 5 -5287.6665026322735
sc1esm 607310 5 -8973.534414699838
sc12nm 517497 8 -46164.59587344575
sc1sm1 96935 7 -3368.6199846723794
sc2e 359912 8 -33215.10561829351
sc2el 196335 8 -2925.6192238823446
sc2sm2 946248 9 -3124.4366917565285
sc1sm2 810683 7 -3493.29833859057
sc2elsm 340784 7 -3765.654844146537
s2mismB 374607 7 -2902.090719376182
sc2sm1 27367 9 -2988.417903874999
sc2l 480773 8 -2988.022458063393
sc3msm 446193 10 -28617.058774354038
sc3l 849358 11 -2974.714651219982
sc1iesm 560234 7 -5696.2101520051965
sc2ns 14958 4 -37401.82913196519
sc1 418727 8 -4442.467705951974
sc3elsm 49635 10 -3009.2822653004273
sc3mlsm 543168 10 -2979.5264363491337
s2mi 680439 8 -2898.8418422397363
sc2 191880 10 -2857.5769338600358
sc3emlsm 930346 10 -2979.603354720178
sc2iesm 693862 9 -45641.40244897605
sc1il 910815 9 -2788.3601316433833
sc3el2 878725 13 -2833.2617574541923
sc2il 905951 11 -2286.989406337817
sc1lsm 255005 5 -9661.304787460289
sc1ilsm 83008 7 -2798.894109205692
sc1ie 863674 9 -2953.6020787706952
sc12ilsm 480848 11 -3198.186140038631
sc12il 733175 13 -6274.9474265688905
sc2ilsm 234028 9 -2883.866714400306
sc3ilsm 529079 12 -2284.028353421667
sc1ielsm2 844753 11 -8345.246172926756
sc2ie 688537 11 -2650.4426622918845
sc12im 900263 13 -30181.989322580488
sc3esm 630840 10 -21359.893702425354
sc3el 323333 11 -4772.008406225681
sc2iel 570534 11 -2309.874990248059
sc2ielsm2 337043 13 -2259.364088962673
sc3im 286899 14 -36703.071127909454
sc3il 587263 14 -14714.121188827416
sc1ielsm1 573771 11 -2907.1116863910775
sc12imlsm 902515 11 -2294.7607056314273
sc2ielsm1 659478 13 -2288.9786785071583
sc3ielsm 355062 12 -2272.0796109445528
sc3ie 451095 14 -32872.57164249955
sc3ml 703459 11 -3490.1779127828177
sc2ielsm 918609 9 -2294.480891992878
sc3iem 815230 14 -21732.9734020205
sc3iml 228027 14 -2244.3631453160933
sc3iel 475776 14 -2254.263433103707
sc3imlsm 330060 12 -2432.9382448027427
sc3iemlsm 584680 12 -2253.0726105924477
sc12imlsm2 466717 15 -4559.850526030689
sc3emsm 614763 10 -32338.15289394675
sc3imlsm2 430268 16 -2209.21908014453
sc1i 181770 13 -3503.0182872815644
sc2i 854805 15 -2362.680290255661
sc3ielsm2 141881 16 -9915.040118127805
sc3ielsm1 942493 16 -2357.1382854292447
IMsc2sm 995578 9 -2993.782239925615
IM 563868 7 -4174.826774547148
sc3ieml 339606 14 -2786.2250439924983
IMsm_ 281405 6 -3049.9763327506316
IMsc 486987 8 -2936.4806382297634
IMsc2 660523 10 -3179.0162458423024
sc3m 188430 11 -16938.15312050441
sc12iml 9251 13 -2839.336949676382
sc3iemsm 828743 12 -14172.267768182593
sc3imlsm1 206354 16 -2606.8620093398577
sc3ml2 967853 13 -3463.6237089614424
IMiscsm 813062 9 -2292.348437752488
IMiscsmB 76842 10 -2261.9253129664767
IMisc 954447 11 -2295.5959668830546
sc3lsm 149280 10 -6799.703071462287
IMi 132854 10 -2610.6682863305678
sc3iemsm1 35404 16 -10324.30282409069
IMism 856754 8 -2338.664387674733
IMscsm 451093 7 -13781.963921221473
IMisc2 945789 13 -2230.7135959783554
sc3imsm 734821 12 -11550.615049675898
sc3eml 257493 11 -3478.1826481307803
IMisc2sm 859994 11 -2696.66615527311
sc3e 396438 11 -23381.01744090637
sc3iesm 9818 12 -81103.30495703997
sc1e 939623 6 -29771.503328792292
sc3iemsm2 157248 16 -19902.315397039878
sc1l 160775 6 -7326.938831968326
sc12imsm 547422 11 -26721.696566063572
sc3em2 198107 13 -23712.621631310285
sc12imlsm1 988411 15 -3996.4887303366877
