sc2ns 582527 5 -26883.06395736168
sc1ns 776942 3 -29161.023591014084
IMns 424214 4 -27065.378131183596
IMscns 227081 5 -27064.144279412933
sc1nm 963025 4 -3848.6487061917846
sc1esm 802936 6 -2179.769753676974
sc3ns 626718 7 -29097.963975366267
sc1lsm 903684 6 -2175.68532853891
IMnm 972665 6 -3809.3060556682385
sc1 849458 9 -2032.156487763772
sc21nm 88503 8 -8219.142585125543
s2msm 928531 5 -2192.6297001308426
sc12nm 92971 9 -2866.4325356013333
sc11nm 774439 6 -2655.5867766809774
sc11 355235 8 -2177.3686453660393
s2m 608134 6 -2149.6938793573663
IMscnm 763140 7 -3821.864718412119
sc1l 170197 7 -2118.177333414146
sc2sm1 957087 10 -3001.0065239368605
sc2l 522649 9 -2121.0822587212533
sc11sm 17201 7 -2191.058439086618
sc3lsm 31262 11 -2140.2534116836937
sc2ielsm 640512 10 -1662.8161381475034
sc2lsm 839384 8 -2067.611043795537
sc2e 219213 9 -2249.656096807267
sc2elsm 224992 8 -1923.4458314829433
sc3nm 493000 10 -11230.190586653562
sc2el 490124 9 -1917.031979921225
sc3emlsm 329798 11 -2116.093491953172
sc3el 701522 12 -2259.3051677002413
sc3msm 574508 11 -14194.308512031705
sc1sm1 604114 8 -2149.0871060802365
sc3el2 89955 14 -2108.388234034833
sc1ie 864665 10 -2343.070110953491
s2mi 292599 9 -1827.7495247944762
sc3mlsm 267819 11 -2662.253181154352
sc3elsm 162110 11 -2269.7236013808024
sc3l 97152 12 -1995.684383863225
sc12im 248767 14 -4944.956058063095
sc1il 255017 10 -1818.2775410127272
sc2ilsm 874389 10 -1803.852786416978
sc3emsm 597446 11 -2022.6581951061335
sc3eml 875509 12 -2017.9453959281495
sc1ilsm 101244 8 -1856.7050211389478
sc3esm 322960 11 -15488.864885029709
sc2iel 434591 12 -1640.552285770421
sc2il 451482 12 -1832.660518222518
sc1ielsm2 90606 12 -1848.6132293562696
sc3ielsm 374441 13 -3114.362446830671
sc1ielsm1 954263 12 -1813.90887749952
sc3ml2 243600 14 -2149.569047775906
sc12imlsm2 707 16 -1860.56916765106
sc12iml 637009 14 -1664.2853755375045
sc2ielsm1 299033 14 -2094.9028729505444
sc3iemsm 804792 13 -6021.480447467233
sc12imlsm 707158 12 -1662.5046697744413
sc3em2 471026 14 -8185.201688253718
sc2ielsm2 710542 14 -4423.267090074503
sc3imlsm 893967 13 -1801.8640188559082
sc3e 663034 12 -22603.085595792487
sc1iesm 826713 8 -19100.558387064677
sc3ilsm 836058 13 -2166.456902137091
sc2iesm 339619 10 -1709.2359372975145
sc12il 205795 14 -1762.6393007089778
IM 704996 8 -1988.8204961015213
sc3imsm 931373 13 -1691.6400976140633
sc2 200016 11 -2141.9291668600636
sc12imsm 919679 12 -3165.1215884071203
IMsm 713497 7 -1979.3137041793336
sc3im 324061 15 -11861.708055223253
sc3il 564835 15 -3196.8526789647394
sc1e 48636 7 -9555.78354744161
sc3iel 878895 15 -2417.57020313076
IMscsm 726161 8 -1963.4141271289748
sc2esm 83901 8 -18933.19393259336
sc3iemlsm 183386 13 -1691.5154324138643
sc3iml 815301 15 -1599.9911454567882
sc3ielsm1 567992 17 -1794.0160772662791
IMsc 150510 9 -1927.3472761228134
sc3ieml 516565 15 -1842.4000807022248
IMsc2sm 758046 10 -1993.9223218425686
sc2i 881932 16 -1929.3873949549147
IMsc2 210572 11 -1983.3155523896894
sc3iesm 592895 13 -22485.882717569028
sc1sm2 374720 8 -2433.8083748466115
sc3imlsm1 721368 17 -1828.8415147445469
s2mismB 319476 8 -2063.8202649181576
IMism 173297 9 -2224.3334576169177
sc2sm2 586594 10 -2250.937444462902
sc3ml 491369 12 -4145.299284524776
sc12imlsm1 303189 16 -1968.082844487092
sc12ilsm 576321 12 -1729.3216516825328
sc2ie 940488 12 -1717.3893110555161
sc3imlsm2 351917 17 -1901.3889980613822
IMiscsmB 733200 11 -1629.7519240541956
sc3m 132821 12 -8530.098465588944
IMi 547636 11 -1634.459386464139
IMisc2sm 254253 12 -1701.114813687683
IMiscsm 185575 10 -1690.6795939123324
sc3iem 505136 15 -6363.707990284248
sc1i 312794 14 -1822.265819753592
IMisc2 568371 14 -2566.35358972258
IMisc 744418 12 -2371.9199027983486
sc3iemsm1 106804 17 -5344.50285576245
sc3ielsm2 496071 17 -1867.6890206423975
sc3em 639811 12 -4173.433877045095
sc3iemsm2 791250 17 -18019.804062467512
sc3ie 262475 15 -32961.99343910277
IMns 364984 4 -26873.14912270388
sc1nm 907079 4 -3848.661127703978
IMscns 353077 5 -26878.478856364112
sc11nm 64641 6 -2656.7024385151763
sc1ns 18038 3 -26887.480192019197
s2msm 192842 5 -2192.430055742555
sc2ns 287364 5 -26890.85809131214
IMnm 146698 6 -3809.235829714795
sc11sm 268523 7 -2193.20110480165
sc1 161206 9 -1990.365005145825
sc3ns 344064 7 -26889.781468066638
sc2lsm 620753 8 -1989.1695944024402
s2m 747635 6 -2149.8269199516067
sc2elsm 160806 8 -2052.54117996826
sc11 497952 8 -2186.920205206924
s2mismB 280076 8 -1838.568255915049
sc12nm 510641 9 -3819.4230487332943
sc2sm1 357002 10 -2033.4080109033607
IMscnm 906869 7 -3825.219521072691
sc2l 253438 9 -2158.9198358248245
s2mi 604079 9 -1826.2872699944292
sc1lsm 252782 6 -2175.5780038669604
sc2el 139124 9 -1915.9894021428408
sc2sm2 944136 10 -3440.2387001652755
sc1ilsm 634973 8 -2929.62798500061
sc3nm 6352 10 -11036.227080635093
sc1l 417236 7 -4120.337169289456
sc3em2 522568 14 -1827.5976805805062
sc1sm1 809751 8 -2142.866193544392
sc3lsm 792401 11 -1992.9020197274967
sc2ielsm 272144 10 -1682.8990237593468
sc1il 607415 10 -1895.8171260093022
sc3elsm 388986 11 -2147.7872669320063
sc21nm 837361 8 -4501.765731879804
sc3mlsm 687368 11 -2878.876972262019
sc3el 671169 12 -2101.3919304709916
sc1iesm 944646 8 -1857.601497385291
sc12il 38794 14 -4191.295992066718
sc1ie 672787 10 -9126.624320350333
sc2esm 850251 8 -35295.24721107043
sc3ml2 755964 14 -2068.222653327098
sc1ielsm2 807382 12 -2622.5577679974995
sc3emlsm 105918 11 -2044.6550696204176
sc1sm2 964267 8 -2184.1276428670953
sc3eml 197153 12 -2197.47099310456
sc1ielsm1 53786 12 -1805.9808571030253
sc3ml 726645 12 -1926.6350167976454
sc2il 391905 12 -1660.997224378426
sc1esm 910889 6 -2594.366341101073
sc3l 827495 12 -1985.0759370537617
sc12ilsm 651434 12 -1749.208228590186
sc2iel 413977 12 -2956.052307175317
sc3imlsm 720141 13 -1661.0921559635003
sc3imsm 136151 13 -24547.685268376128
sc2ilsm 281887 10 -1941.3997563918147
sc3ilsm 536999 13 -2102.1316047426485
sc2ielsm1 518027 14 -1822.44677405823
sc2iesm 469845 10 -7475.0065852478
sc3im 711826 15 -1654.200862007308
sc2ielsm2 970300 14 -2147.031881187373
sc3msm 1528 11 -15074.27394216775
sc3m 736529 12 -20325.21491211569
sc3iel 263107 15 -1794.5242615119882
sc3imlsm2 820620 17 -10299.371214500072
sc2i 168039 16 -1799.738643194516
sc3iem 575933 15 -4828.661606015643
sc3ielsm1 247306 17 -4147.788818474663
sc3iemsm 32130 13 -36097.98028730172
IMsm 289894 7 -2873.3593491696292
sc3ie 171072 15 -18983.439992271276
sc3il 215071 15 -1761.711015925788
sc3iesm 896304 13 -32697.993989847004
sc3iml 114381 15 -1901.8510761906912
sc2 248992 11 -2230.0215799210932
IM 341783 8 -1964.8725040504685
sc3ieml 396187 15 -1964.1414405007695
sc3em 102304 12 -2299.9669844800474
sc3iemlsm 957637 13 -1775.7346242993444
IMsc 10386 9 -3074.7469815023196
sc12imlsm1 592976 16 -1771.6331954587515
sc3iemsm1 623607 17 -6853.568194339179
IMscsm 344218 8 -1975.9658914224233
IMsc2sm 501991 10 -1992.5278770725522
sc3ielsm 531381 13 -1883.9821253509126
sc12imlsm 383874 12 -1844.7756576580093
IMsc2 930131 11 -1984.0729900946135
sc12imsm 512796 12 -4682.616868321975
sc2e 735222 9 -2824.475886482732
IMism 116961 9 -1746.6427473195527
IMi 932287 11 -6413.937109488672
IMiscsmB 975921 11 -3022.1593374142467
sc3iemsm2 601633 17 -2176.6063707675603
IMiscsm 567901 10 -1673.529223332389
sc3e 838185 12 -2962.70238964062
IMisc2sm 337442 12 -1688.6071946614302
IMisc 36880 12 -1672.4843700561912
sc12imlsm2 888348 16 -1662.761226937802
sc3esm 98830 11 -15074.61115464507
IMisc2 899381 14 -1620.7946943557035
sc12im 272908 14 -7333.832176674584
sc3emsm 220214 11 -8922.942932950866
sc1e 451866 7 -8761.249247433867
sc12iml 103986 14 -1636.4489231752802
sc1i 121724 14 -1897.9345549861189
sc3imlsm1 978500 17 -3536.1293733161274
sc3ielsm2 420741 17 -1724.417292227922
sc2ie 783468 12 -1710.510765882831
IMnm 992242 6 -3809.2221434289263
sc1ns 440066 3 -26913.924741184688
IMns 271589 4 -26873.293932438046
sc1nm 410122 4 -3848.623709461543
sc11 767319 8 -2176.5440311086872
sc3ns 934054 7 -26892.642028501647
sc12nm 666108 9 -2430.887666926793
sc11nm 717733 6 -2658.302513628087
s2msm 441881 5 -2192.4785073807875
sc2sm2 400995 10 -1869.8113612582042
sc2elsm 879193 8 -1923.7877350098042
IMscnm 925717 7 -3818.4684133625215
s2m 375303 6 -2229.0586243272573
sc1sm1 983691 8 -2149.2212858731727
sc11sm 304212 7 -2193.0366913372864
sc2lsm 163079 8 -2223.9883689778
sc21nm 402983 8 -2755.822834086618
sc1l 760892 7 -2368.361447290822
sc1esm 896612 6 -2173.200960392921
sc2esm 39009 8 -2023.691657272726
sc2l 344483 9 -3331.157503228464
sc1sm2 935929 8 -2041.9719529905517
sc1lsm 117066 6 -2175.6307283576143
s2mi 560013 9 -1836.4857682092702
sc1 211655 9 -2149.704510578816
sc1ilsm 206507 8 -1865.9072397902582
sc3nm 925453 10 -26777.722588779092
sc1e 418423 7 -2598.2977213461936
sc3lsm 436890 11 -3309.583275251368
sc2sm1 760204 10 -1872.6433320537674
sc1iesm 944641 8 -25983.00134533346
sc2iesm 827543 10 -15953.677497181714
sc1il 263453 10 -1818.4973004812516
sc3ml 705817 12 -2122.607383267896
s2mismB 445459 8 -1844.4744279625438
sc3e 708468 12 -7217.274659411951
sc12ilsm 13904 12 -1785.861263261746
sc3em 913326 12 -2070.6541557617943
sc3ml2 508979 14 -2817.550641863486
sc2 943238 11 -2141.450145762251
sc2ie 827778 12 -33664.78984410182
sc3m 270573 12 -7846.920792517894
sc3l 256850 12 -2022.291499088221
sc3el 120279 12 -2058.885010005378
sc2ilsm 626351 10 -1719.1300390734668
sc2ielsm2 375295 14 -1857.6843634449465
sc2il 382127 12 -5099.14152875042
sc3ilsm 754415 13 -1989.305676817191
sc2iel 972983 12 -1797.6378352610009
sc12il 351580 14 -1682.3611614043562
sc3el2 406513 14 -2267.2333959789453
sc3emlsm 271813 11 -1941.679132802144
sc3iesm 578540 13 -79765.65210837376
sc3iel 525252 15 -9816.761066108764
sc12iml 628801 14 -1812.3205125716736
sc1ielsm1 303029 12 -3413.352647321153
sc3im 120015 15 -7699.870429291084
sc3ieml 831174 15 -5328.5478873011525
sc12imlsm1 854840 16 -1697.1754258206026
sc2ielsm 952471 10 -1660.4412560714654
IMsm 258600 7 -1973.514223523086
sc3imlsm 359444 13 -1736.170400606827
sc12imlsm2 437160 16 -1667.1498098692377
sc2ns 859373 5 -26904.66024284231
IM 915160 8 -1963.817938217332
sc3iemsm2 864625 17 -6613.0349255742685
sc12imlsm 899954 12 -4166.276527086176
sc3iemlsm 34626 13 -1665.219308223975
sc3il 769338 15 -2594.334181904109
IMsc 647438 9 -1990.6637236546044
sc3iml 493825 15 -1784.9246155670012
sc3imlsm1 412106 17 -1911.2455056333015
sc3imlsm2 326810 17 -1822.6689478679898
sc3iemsm1 689932 17 -15374.683350513462
sc12imsm 324815 12 -17185.163435926006
IMsc2sm 484722 10 -2543.8172631670595
sc12im 53084 14 -3136.6515066729626
sc3msm 847661 11 -2158.133735888279
IMsc2 788371 11 -2065.0663074829404
sc3emsm 770282 11 -17170.12352010916
sc3ielsm1 189028 17 -1717.4497731522156
IMism 996911 9 -4848.041492415432
sc1ielsm2 817678 12 -2393.539285004034
sc3ielsm 381605 13 -1806.209113405299
sc3imsm 711323 13 -7267.285970748316
sc3eml 158251 12 -2298.8250162606055
sc2el 251633 9 -2607.338375568259
sc3ielsm2 794367 17 -1771.1825933190407
IMiscsm 507155 10 -1671.993510040212
sc3iem 30760 15 -1613.7477028768938
sc1i 85967 14 -1931.8977377304918
IMiscsmB 943427 11 -1678.5406871669798
IMisc2sm 252062 12 -1674.9405794112322
IMisc 683154 12 -1601.0776223467801
sc1ie 287777 10 -5584.675165254491
sc3ie 944111 15 -21949.214788099744
sc2i 859553 16 -1989.6948815050441
sc3elsm 604488 11 -2260.9319497965853
sc3esm 976647 11 -32792.21685040767
sc3em2 114707 14 -2886.9319874368407
IMscsm 568098 8 -4034.333685098916
IMisc2 332557 14 -1941.8894933673685
sc3iemsm 936944 13 -1801.8136380860888
sc2e 339911 9 -2129.853106730381
sc3mlsm 818996 11 -2804.9322882584765
sc2ielsm1 233926 14 -1948.5344497436363
IMi 851406 11 -1853.5886502569501
sc1ns 783791 3 -27022.778708588372
IMns 331814 4 -27065.707974736368
sc11nm 256226 6 -2656.365023579747
sc11sm 970744 7 -2321.93094089852
sc1nm 674151 4 -3848.6307405814805
sc11 838381 8 -2148.600044235375
sc2ns 621760 5 -27103.817056591444
s2m 503217 6 -2149.7289605598185
sc21nm 232895 8 -21968.65411512518
sc12nm 229419 9 -2451.243945338836
IMscns 749938 5 -27065.92507669738
s2msm 289494 5 -2192.6258239328313
IMnm 76239 6 -3809.429876493084
sc2sm2 752233 10 -2228.979383395126
sc1e 299796 7 -2178.1119041144266
sc1sm1 183506 8 -2117.0959747717843
IMscnm 808154 7 -3811.9779475374785
sc2lsm 793129 8 -1985.0406170105434
sc1sm2 975414 8 -2028.1507926165013
sc2ielsm 447505 10 -8553.127910549943
sc2e 376748 9 -14873.747618631394
s2mi 817861 9 -1827.67146280876
sc1 25691 9 -1986.971311873588
sc2el 494225 9 -2967.5333351089475
sc1lsm 220050 6 -2175.5034890367438
sc3em 985523 12 -2775.7558290376796
sc3el 794985 12 -2122.166465693812
sc3nm 666244 10 -3838.720002920568
sc2sm1 611221 10 -2159.8284693870846
sc3emlsm 535685 11 -2000.5555083860863
s2mismB 568662 8 -1872.740840853527
sc2 259537 11 -2168.8019426189776
sc3elsm 146939 11 -1954.3407716856416
sc3eml 289653 12 -2002.4431797269522
sc2elsm 167201 8 -1922.4036787526727
sc1il 706513 10 -2059.685574486808
sc3el2 580792 14 -2101.091287455933
sc12ilsm 145545 12 -1718.8714453643643
sc3mlsm 55569 11 -1999.9727972795663
sc3msm 385664 11 -2954.6423684346196
sc2iel 543630 12 -1596.521281279248
sc1ilsm 677668 8 -2026.9887761220552
sc12im 715674 14 -28071.795386299586
sc2ielsm1 540344 14 -3169.69948664121
sc3ml2 306960 14 -2010.299152434537
sc1iesm 600161 8 -1904.3771000829702
sc12iml 843849 14 -1603.6130035453175
sc2l 1457 9 -2134.2883556762167
sc2ie 916067 12 -5911.438393744742
sc12imsm 354219 12 -21176.58416855749
sc1ie 544786 10 -4567.093091790477
sc3imsm 128184 13 -65174.45709060054
sc2i 524071 16 -4141.638587991092
sc2ilsm 983852 10 -1719.048634927269
sc12il 734468 14 -1661.5755242141536
sc3imlsm 331668 13 -3462.1326917027172
sc2il 566804 12 -1757.4642835850445
sc3esm 889826 11 -12140.682264922256
sc3iemlsm 427109 13 -1659.5712990739262
sc3il 803631 15 -5414.627141780325
sc3ieml 846453 15 -1596.4385599003622
sc3m 156098 12 -17842.135164961892
sc3ie 828721 15 -15024.100861048697
sc3em2 495125 14 -4323.38622731076
sc3iml 802155 15 -4621.979082365403
sc1esm 296747 6 -2594.764930012228
sc12imlsm 146596 12 -2539.285617707867
IMsm 491518 7 -1972.8346385582888
sc12imlsm2 737303 16 -1824.6764159460565
sc3ielsm2 181706 17 -6275.304069454244
sc3ielsm 250146 13 -1676.0641568747174
sc3ilsm 973584 13 -4957.862197110619
sc3iel 783682 15 -1761.5989458165745
sc3iemsm1 910313 17 -1718.285351565518
IM 883073 8 -1962.1132271636993
sc3iemsm2 900386 17 -24034.930583574343
sc2iesm 229090 10 -6259.6484530009175
IMscsm 264171 8 -1952.8814980518387
sc3imlsm1 68338 17 -1731.911328075246
sc3lsm 393703 11 -2090.735063784545
IMsc2 966016 11 -1996.2857405343582
sc1ielsm1 625552 12 -1747.3981318015408
IMsc2sm 849699 10 -1917.8340693912537
sc3iem 25881 15 -4452.63240129624
IMsc 317058 9 -1930.2906622942041
sc3iesm 83907 13 -2755.9588795100594
sc3im 730204 15 -1796.608352426712
sc2esm 189572 8 -4359.410097437569
sc3imlsm2 64521 17 -1798.618173119981
sc12imlsm1 415204 16 -1736.583841655906
sc3ielsm1 972505 17 -1566.8212383302282
sc3emsm 617309 11 -2816.29046579358
IMi 135526 11 -1656.3913596853745
IMiscsmB 419397 11 -1883.1764398907744
IMiscsm 866580 10 -1677.886552302166
IMism 874764 9 -1800.3816289584836
sc1i 80011 14 -1771.8661276049756
IMisc 604271 12 -1754.2217105087539
IMisc2sm 517688 12 -1677.855536495215
sc1ielsm2 986141 12 -1908.193610455055
IMisc2 74003 14 -1614.613424228492
sc3iemsm 796779 13 -5188.016567298275
sc1l 870830 7 -4220.8409943816105
sc3e 238543 12 -6671.602184297672
sc3l 821589 12 -2667.9477637527025
sc2ielsm2 167311 14 -1773.7508907102997
sc3ml 325605 12 -2180.213486573649
IMns 398355 4 -26873.62045631052
sc1ns 851391 3 -27362.434804338547
IMscns 226144 5 -26872.078457442687
sc21nm 372155 8 -4911.21812370589
sc3ns 447830 7 -26887.06308334966
sc2ns 597266 5 -26883.725834885852
sc2esm 271687 8 -1958.2289649618249
sc1e 713183 7 -10026.195627189518
sc1nm 322596 4 -3848.6082898145432
sc1 68646 9 -2124.242401749164
sc2lsm 397917 8 -2736.3584460895236
sc1sm1 110165 8 -2769.6926068017438
s2m 100900 6 -2149.4970059541693
sc12nm 216339 9 -8399.250571673667
sc11sm 284869 7 -2194.024767465155
s2msm 978804 5 -2192.5992553632227
sc1sm2 173705 8 -2693.4076735183776
sc3nm 896103 10 -42842.91192252288
IMnm 314670 6 -3809.2920714145266
sc1ilsm 10225 8 -1856.9793986490258
sc2l 210168 9 -1984.2322815002437
IMscnm 470563 7 -3811.630429758522
sc11nm 528178 6 -2656.698173356657
sc1l 274789 7 -2116.9136323425964
sc11 793970 8 -2171.624621170634
sc2el 652916 9 -2074.968437254888
sc1lsm 867121 6 -2175.582804920354
sc2elsm 742959 8 -1923.5840238665999
sc1ie 942035 10 -24527.64740823687
sc3el 634215 12 -1994.8227097169354
sc2iesm 228667 10 -13086.980511060841
sc3mlsm 92953 11 -2967.8140369743874
sc2sm2 233212 10 -5105.189552498616
sc3emlsm 53712 11 -2210.588206390445
sc3m 878433 12 -1837.7709138929463
sc3elsm 366040 11 -2194.261284907884
sc3el2 872066 14 -1990.9381812642016
sc1ielsm2 212969 12 -15196.086324693799
sc2 193350 11 -2140.7133136411744
sc3lsm 655924 11 -2451.9257581975517
sc3em 745054 12 -2251.1174520441664
sc2il 133055 12 -1833.356107299781
sc3emsm 68824 11 -3167.348919340072
sc3ml2 49763 14 -1900.072471990114
s2mismB 438761 8 -1987.0145021380063
sc1il 36010 10 -1847.3655549017772
s2mi 895974 9 -1826.5370701746929
sc3ml 334407 12 -2126.0772045210447
sc3eml 834885 12 -2609.804023531644
sc12imlsm 852452 12 -2149.7505147732672
sc2ielsm2 836793 14 -2110.61852066034
sc2ilsm 634291 10 -1719.033538382512
sc2ielsm 159739 10 -1735.0451812892884
sc2i 296249 16 -3737.440041716224
sc2ie 809982 12 -25796.343798304886
sc12ilsm 304238 12 -1740.125263537351
sc12iml 167181 14 -2027.0493777849551
sc2sm1 216512 10 -2142.0162302460512
sc3im 385717 15 -7830.15075690963
sc12il 465518 14 -1805.9110924534214
sc3iel 863689 15 -1802.6789394162952
sc2iel 172868 12 -1606.6405218458517
sc3iemsm 482119 13 -35257.166537401274
sc3ielsm 868438 13 -1753.101998599463
sc12imlsm1 822691 16 -1623.1910009393127
sc3esm 621300 11 -10152.914592639301
sc3iesm 703125 13 -7745.774135316709
sc3ilsm 645821 13 -1718.9727125413156
sc1esm 487257 6 -12181.405135096897
IMsm 90591 7 -1981.5782542866516
sc3iemsm2 562044 17 -8388.186344445468
sc3imlsm 591768 13 -1660.8905555037215
sc3imsm 566806 13 -5901.861763471228
IM 989390 8 -1967.476056806844
IMsc 405390 9 -1929.2768129867536
sc3imlsm2 635311 17 -2444.5501866133827
IMscsm 146977 8 -1960.806291946476
sc3iml 873495 15 -1701.6994477019568
sc3ielsm1 746208 17 -1783.0351757210806
sc3ielsm2 245943 17 -1859.8631974678124
sc1ielsm1 817691 12 -1872.9587580357274
sc3il 381608 15 -1880.9350946841032
IMsc2sm 542925 10 -1918.3265913277519
sc12imlsm2 400749 16 -1735.593492545087
sc3iem 562228 15 -10132.769400066141
sc3iemsm1 932940 17 -2111.6328915212343
sc3imlsm1 950444 17 -1780.081458801677
IMism 14031 9 -1699.4756549223944
sc2ielsm1 468903 14 -1556.008681044633
IMisc2sm 660771 12 -1669.45909325721
sc12imsm 471190 12 -9264.906684397296
IMisc 698955 12 -3707.8330649265367
sc3iemlsm 245605 13 -1823.165356407895
IMi 480090 11 -1811.6977761147336
sc12im 975936 14 -2981.3578894538105
IMiscsm 45231 10 -1680.4618043467028
IMsc2 406390 11 -2728.241529326266
sc1i 306664 14 -2102.117748133778
IMiscsmB 969023 11 -1698.5163039612187
sc3l 226832 12 -2210.2322495969606
IMisc2 517542 14 -1741.2307953181494
sc3msm 259884 11 -16095.888694119452
sc1iesm 815606 8 -24321.308936278157
sc3e 831669 12 -9575.622333751193
sc2e 568336 9 -4847.22943771907
sc3ieml 654374 15 -2057.3929305768424
sc3em2 877719 14 -36613.456904778475
sc3ie 412585 15 -34046.77313601283
IMscns 748310 5 -27076.641293675308
sc3ns 659212 7 -26906.54143393684
sc3el2 393889 14 -4115.260402442959
