IMscns 344581 4 -10051.441757067134
IMns 573958 3 -9972.380887945637
sc1ns 966866 2 -10090.587795702619
sc1nm 190691 3 -2265.1503753909437
sc2ns 744912 4 -10090.592761886617
sc3ns 5536 6 -14606.388328014033
sc11sm 932774 6 -2237.8078367721787
sc11nm 154945 5 -2265.195934192239
IMnm 846412 5 -7538.983941115242
sc1lsm 551971 5 -1701.4693040934528
sc21nm 596896 7 -16907.895889561085
sc1l 439224 6 -1583.9646948054892
sc11 117977 7 -4175.520885925313
IMscnm 881407 6 -2264.929831595397
sc1esm 382719 5 -1698.662811953036
sc12nm 737089 8 -2955.712002616862
sc1sm1 571987 7 -1574.170768543552
s2m 537112 5 -1591.229304779089
s2msm 950114 4 -1704.3020977102392
sc1sm2 467382 7 -1604.9014149548714
sc2l 591476 8 -1449.9360308407704
sc2esm 476638 7 -3272.8616266900513
sc2elsm 838175 7 -4407.385292586105
sc1 678592 8 -1907.190194224842
sc2lsm 522008 7 -1619.5303882066598
s2mi 662646 8 -1788.2835401864222
s2mismB 623559 7 -2409.895502286433
sc1ilsm 764911 7 -4954.909245875672
sc1iesm 353629 7 -2400.350838897962
sc2ilsm 421276 9 -1293.8313605820886
sc2 412791 10 -1366.910948909424
sc3msm 464895 10 -3583.024722793103
sc3emlsm 6697 10 -1508.1900413309372
sc1il 421006 9 -1419.028363392509
sc3ml2 78142 13 -1355.2086847644662
sc2sm2 825518 9 -1427.5895763770163
sc2iesm 726691 9 -1252.1627954822843
sc12ilsm 646084 11 -1223.0342590615585
sc2sm1 199713 9 -1369.6393923586927
sc3elsm 627977 10 -1523.5004696708545
sc3el2 326545 13 -1627.7589083422818
sc2ielsm 988828 9 -7101.020730722727
sc12imlsm 330098 11 -1213.8896902063666
sc1ielsm1 837932 11 -1374.6147217682224
sc2ielsm1 510747 13 -1208.1719867499019
sc2ielsm2 962396 13 -1205.3501519473546
sc1ielsm2 353647 11 -1432.4105698525755
sc3l 705966 11 -1419.2141742155718
sc3emsm 153165 10 -19779.03530875806
IM 299406 7 -1414.6714277384995
sc3im 128854 14 -41874.38604002441
sc2i 501705 15 -2421.3254937488177
sc12im 738739 13 -16612.013586682824
sc2il 362764 11 -1992.3672958476548
sc3em 432555 11 -1811.9196453278355
sc12imlsm1 93538 15 -19076.49549460372
sc12iml 467746 13 -1597.7273733276818
sc1i 575108 13 -2160.4772444002792
sc3il 137262 14 -13754.684187027417
sc3imsm 832298 12 -26464.346355998612
sc3esm 963983 10 -5184.164312757331
sc12il 547922 13 -7610.454502841628
sc3ilsm 910277 12 -2013.2041037953763
sc3ielsm 216687 12 -4016.7169144876157
sc3iemlsm 447617 12 -1230.299025232257
sc3iemsm 17746 12 -5543.075952373083
sc3ieml 351215 14 -1216.0396042861605
IMsc 435205 8 -1391.4185457786548
sc12imlsm2 123265 15 -1813.6724216305215
sc3iml 204998 14 -1274.481441104661
sc3imlsm 641203 12 -1351.328451753641
sc3ielsm1 442489 16 -16885.946050415423
sc3iel 938063 14 -1436.3393096918066
sc2el 523891 8 -1481.9982030012952
sc2iel 379880 11 -1395.3298059996232
sc3iem 986736 14 -6458.257154394995
IMsc2sm 641967 9 -1564.9901944877156
IMsc2 629214 10 -1372.4626305206712
sc3iesm 370306 12 -40561.24529483711
sc3iemsm1 308308 16 -4568.581464737642
sc3eml 814926 11 -3078.7014386676874
IMsm 687230 6 -1556.0448895301072
IMscsm 801197 7 -2528.3163211890455
sc3ielsm2 457054 16 -1678.5880620602275
sc3em2 754949 13 -12303.02892441408
sc2e 960703 8 -1522.704318178707
IMism 698035 8 -1279.5213346853845
IMi 843516 10 -6335.118344359898
IMiscsmB 554639 10 -1256.8891267803056
IMisc2sm 108252 11 -1224.6236894789322
sc3mlsm 38762 10 -6886.437763474483
IMisc 742845 11 -1331.7521980327083
sc3lsm 498943 10 -1911.2016681296216
sc2ie 614430 11 -18628.441804033286
sc1e 821376 6 -9876.53578553543
IMisc2 627170 13 -1284.9379595495718
IMiscsm 195145 9 -1390.7380568398107
sc3e 659625 11 -40847.96471908093
sc3ml 148977 11 -1616.5685110462566
sc3ie 429047 14 -14791.722688518797
sc12imsm 319712 11 -4434.477303273416
sc3imlsm2 406174 16 -1495.1448159731046
sc1ie 256600 9 -24794.210651533238
sc3imlsm1 969650 16 -5085.703365662231
sc1ns 609747 2 -14606.498218481132
IMns 513443 3 -9972.381055265356
IMscns 589266 4 -10090.85129892706
sc2ns 775687 4 -9917.281517929907
sc1nm 676110 3 -2265.1476995843173
sc11nm 283450 5 -3119.9263448168217
sc1lsm 813598 5 -1701.4476656079382
sc3ns 214705 6 -10090.598902909589
sc21nm 869049 7 -14744.820763723143
sc11sm 927135 6 -1543.912817060085
sc1sm1 585844 7 -1610.541261633775
s2m 261980 5 -1600.3620360066013
sc2l 618951 8 -1791.9184333072772
sc12nm 651166 8 -9310.235032173376
IMscnm 742170 6 -9461.633252707268
IMnm 147137 5 -2262.7525392429507
sc2e 434005 8 -18285.813607501088
sc2sm2 539048 9 -1383.8170191708252
s2msm 697685 4 -1704.3019190419777
s2mismB 21756 7 -1383.1794921588755
s2mi 845585 8 -1380.1967483287476
sc1l 455202 6 -1573.9590753763796
sc2sm1 510863 9 -2498.4101844237484
sc2 892544 10 -1359.1832284545694
sc2lsm 336444 7 -1619.5304853851676
sc2elsm 509318 7 -1523.237104748465
sc1iesm 661572 7 -4404.1708390123695
sc1ilsm 462604 7 -3599.955696422197
sc1il 291694 9 -9355.940071961359
sc3esm 990568 10 -5887.004798789418
sc1sm2 899141 7 -1671.3374712232467
sc3em 188530 11 -1821.765304980938
sc3e 90271 11 -20825.310784311947
sc3msm 220877 10 -3051.570050833731
sc2ilsm 205006 9 -1296.986562222052
sc1ie 82197 9 -16644.174962943842
sc12ilsm 347565 11 -1292.469687805731
sc2il 515175 11 -1322.696806462864
sc2el 112720 8 -2938.3347445515697
sc11 591256 7 -1591.3090406302172
sc2iesm 271190 9 -52667.24218162835
sc3m 784379 11 -18022.246494395833
sc3elsm 220902 10 -1522.8626385083583
sc12imlsm 125237 11 -12810.359034289826
sc1ielsm1 612549 11 -15996.935844523972
sc3el2 330930 13 -1589.1124130039275
sc3ml 334305 11 -2727.7178952416893
sc3mlsm 288824 10 -6234.507652438035
sc2ielsm 60663 9 -1528.688437808582
sc2iel 688764 11 -1281.0724344854227
sc3ml2 411637 13 -6903.8187795781405
sc2ie 965398 11 -26885.68104412472
sc2ielsm2 825831 13 -1228.1646830622476
sc3eml 530314 11 -1500.9360242481252
IMscsm 890614 7 -6811.41285045181
sc12imlsm2 506960 15 -8826.492071598132
sc2ielsm1 825748 13 -1243.042325307774
sc3emsm 809172 10 -7088.063407575547
sc12il 556638 13 -2348.01652821671
sc3ilsm 401015 12 -1604.929775484
sc3lsm 788030 10 -10401.298642699958
sc3imlsm 840958 12 -1351.497194270461
sc3ielsm2 409832 16 -10837.377316214537
IM 658064 7 -5671.05199809945
sc3ielsm1 76439 16 -1210.122400347464
sc1ielsm2 367999 11 -1312.2550429097935
sc3iem 839571 14 -10814.152654631082
sc3imlsm1 32578 16 -1266.657102778343
sc3iemsm2 340749 16 -15248.112477431212
sc3ielsm 318140 12 -1338.8767772053236
sc2i 646520 15 -1762.1460149496754
sc1e 764798 6 -1795.1655051534724
IMsm 773890 6 -1556.044896164338
sc3imlsm2 503452 16 -3128.679583743073
sc1i 469157 13 -3075.8333521643613
sc3iml 62288 14 -1265.8384940141468
IMsc2sm 307991 9 -6750.191768557485
sc3iesm 901538 12 -16931.344321342887
sc12imlsm1 689694 15 -2303.1039357351146
sc3ieml 429551 14 -1411.4651061390384
sc3l 269272 11 -1886.7601522467019
IMiscsm 600068 9 -1263.5128274974977
sc3emlsm 182891 10 -2368.2133726277775
sc12im 292936 13 -8674.345788306748
sc3im 733171 14 -19044.264506610918
sc3iel 568528 14 -1612.9954592675572
IMsc 924300 8 -1406.6695748778989
sc3imsm 457351 12 -7867.344181766183
IMisc 981279 11 -1262.608962643386
sc3iemlsm 657858 12 -1712.7416380863742
sc2esm 136476 7 -20787.755324754184
IMi 973833 10 -1280.057358218954
sc3il 377374 14 -1454.7835962004367
sc1 352066 8 -2574.1984223726918
IMisc2 845515 13 -1220.8159255338662
IMiscsmB 655380 10 -2279.0940001914087
IMism 331458 8 -1279.251787782975
sc1esm 175673 5 -32916.946166531074
IMsc2 183195 10 -1449.105999907716
IMisc2sm 721707 11 -1293.5853934752613
sc12imsm 924874 11 -12424.146518480153
sc3ie 478654 14 -10719.120178860454
sc3em2 953933 13 -7021.4552045711525
sc3iemsm 453837 12 -7427.914397394299
sc12iml 887955 13 -1647.2457899367303
sc1ns 946487 2 -14606.104124918676
IMns 170916 3 -9972.380801409348
IMscns 161000 4 -11104.110968097499
sc2ns 768483 4 -10090.539472594479
sc1nm 575394 3 -2265.14980223794
s2m 883369 5 -1591.2293445837597
sc11 602274 7 -1486.1555149099834
sc11nm 279978 5 -1616.3725025835154
sc3ns 955641 6 -10090.47910034238
IMnm 430470 5 -19168.635781620567
sc21nm 731870 7 -2886.124998330051
sc11sm 411800 6 -1542.8388573313587
sc2elsm 586193 7 -1537.7248565233176
sc1sm1 869623 7 -1574.1982950142885
sc2lsm 101660 7 -1619.596777228906
sc12nm 496475 8 -28758.20124940633
sc2e 166829 8 -2807.4781787673464
sc1 511840 8 -2086.056084152374
sc2l 215531 8 -1463.3098275054344
sc1lsm 204803 5 -1701.447404610265
sc1e 387488 6 -1891.3198555055046
sc2sm2 6324 9 -1382.2420941018768
s2mismB 158746 7 -1386.0183768309428
s2msm 698026 4 -1704.3019955408902
sc1l 746758 6 -1888.6897795196148
sc1ilsm 832724 7 -1435.7095943215704
sc2el 42989 8 -1414.83094481316
IMscnm 62247 6 -2264.837784449225
s2mi 966658 8 -6672.108255887738
sc1il 969759 9 -1444.0634070894741
sc2ilsm 868743 9 -9847.216354693792
sc2esm 421290 7 -4377.104283698663
sc2sm1 16920 9 -1861.6685369135137
sc3ml 412367 11 -1389.536590532551
sc3emlsm 835254 10 -1516.381319614412
sc3e 79340 11 -17945.839142826044
sc1esm 339204 5 -1627.805001335133
sc3elsm 922012 10 -2044.3212180759701
sc1iesm 547811 7 -22544.62738001055
sc2il 982632 11 -1281.235653994875
sc3l 223113 11 -9300.116466315121
sc1sm2 701012 7 -2048.411108168238
sc1ie 513071 9 -19447.222718504123
sc12imsm 282980 11 -83588.26436443116
sc2iel 125405 11 -1261.591747040267
sc3msm 393789 10 -9147.78828366451
sc3eml 999648 11 -1905.7019646199926
sc12imlsm 639128 11 -1214.552242817233
sc1ielsm2 1441 11 -9864.000750556563
sc2ielsm1 660644 13 -1206.5287740558144
sc3em2 376112 13 -5214.723763599192
sc3emsm 880047 10 -1601.358674871497
sc2ielsm2 953999 13 -7910.198462760552
sc12imlsm2 349429 15 -7715.437107461407
sc3iemsm 390 12 -31380.209339666362
sc3ie 736959 14 -26844.93964305709
sc3ilsm 573487 12 -5995.71864310901
IMsm 68327 6 -1556.0446329157255
IM 461843 7 -1411.7664344087623
sc2i 637660 15 -1204.2619886669531
sc3imsm 895734 12 -16532.177425001584
sc2ie 36884 11 -1710.7809348386936
sc1i 833505 13 -1466.191370395045
sc3iemlsm 325243 12 -1615.6991639522332
sc3mlsm 766319 10 -1520.004977425983
sc2ielsm 316824 9 -1234.1974948151876
sc12il 530180 13 -1454.3685555404438
sc3im 920440 14 -3712.8952609415405
sc12imlsm1 520404 15 -1261.7918084558
sc3imlsm 715477 12 -1466.1928506087615
sc12iml 674107 13 -1431.216494264301
sc3ieml 891978 14 -7011.017183425478
sc3iem 513638 14 -37508.583263279485
sc12ilsm 19211 11 -1382.5142088706882
sc3ielsm 544924 12 -1286.3995529277613
sc3ielsm1 21967 16 -1300.6751099840242
sc3ielsm2 605128 16 -2640.826826300924
sc2iesm 747648 9 -2163.4794288228104
IMsc2sm 821693 9 -1677.6607149731917
sc3iemsm1 802655 16 -15791.353632740209
sc3imlsm2 409566 16 -1341.8216215674786
sc3lsm 17238 10 -11337.545117864873
sc3imlsm1 206100 16 -1361.0266273337386
sc3iml 390606 14 -2053.717861961562
IMsc 164547 8 -5618.359187183201
IMism 232637 8 -1279.5421593818437
IMi 89811 10 -10323.880370857843
IMiscsm 59202 9 -4587.790003122141
sc1ielsm1 168845 11 -4237.7672858963615
IMisc 355365 11 -3037.390565263389
sc3il 330219 14 -1453.7490292382697
IMisc2 371507 13 -1267.0850504533455
IMiscsmB 376143 10 -1322.3129078307281
IMsc2 688640 10 -2395.4236479601045
IMscsm 103225 7 -2531.087225074296
sc3iemsm2 939007 16 -19777.990240023744
IMisc2sm 184988 11 -1375.5747696046965
sc3esm 791008 10 -15568.584085630466
sc3iesm 519833 12 -78280.90209269396
sc2 646267 10 -2319.169513169607
sc12im 863335 13 -27274.9759789318
IMns 990031 3 -10051.165899028121
sc1ns 347463 2 -10090.588058528476
sc2ns 956355 4 -10090.614263504429
sc1nm 80140 3 -2265.14980463945
sc11sm 260135 6 -1704.9274890320328
IMnm 811887 5 -6297.596466882287
sc21nm 150969 7 -4521.855845311909
sc1esm 722111 5 -13283.028563741325
s2m 888989 5 -1591.2293039389838
sc11nm 914662 5 -1616.330599428926
sc1l 77254 6 -1573.9590789628603
IMscnm 595800 6 -2264.3676209444907
sc2elsm 439021 7 -6480.637324372829
sc12nm 616788 8 -2269.1120344386713
s2msm 489579 4 -1704.3021459191414
sc11 31901 7 -1484.9943288690542
sc2 712610 10 -1358.1861366960034
sc1lsm 740396 5 -1701.4476340430924
s2mismB 757753 7 -1434.8369349466366
s2mi 128579 8 -1430.2647847258459
sc2e 689217 8 -1427.0168466487003
sc3ns 574872 6 -10153.841414967892
sc1ilsm 967970 7 -7185.86289197504
sc3mlsm 622371 10 -1539.2119751903435
sc3emlsm 406611 10 -1523.2303696774857
sc2lsm 967337 7 -1619.530195416659
sc1 366571 8 -1825.3563964011296
sc1sm1 457193 7 -2781.157848057529
sc3elsm 755704 10 -1626.071710410497
sc2ilsm 274215 9 -1421.5443849015987
IMscns 811083 4 -10042.301708893556
sc2ielsm 922182 9 -1234.827423468345
sc1ie 14929 9 -26225.793773597667
sc3eml 892605 11 -1366.787472363865
sc1iesm 966103 7 -4837.8412563534675
sc3esm 784293 10 -22212.347822004413
sc1il 356631 9 -3010.824436076334
sc2iesm 270289 9 -39383.54407021514
sc2sm2 162145 9 -2076.3439293932884
sc2esm 841298 7 -2372.712038275693
sc2il 860888 11 -2150.8823873437605
sc12imsm 918128 11 -24746.566624952186
sc2iel 952860 11 -1238.8614350486089
sc3l 956570 11 -1570.8926645681993
sc3ml2 299605 13 -1373.3266497636557
sc12il 543853 13 -1207.476431825327
sc2ie 939680 11 -12063.261521621629
sc12imlsm 970375 11 -1222.1799840736396
sc3m 176669 11 -22625.39991281997
sc3el2 754763 13 -1614.8756328372942
sc2l 309827 8 -1452.9769220571145
sc12im 122277 13 -31467.99637338274
sc1ielsm1 899141 11 -1371.083031895797
sc1sm2 786237 7 -1623.8133092714615
sc3lsm 758484 10 -3717.658307145814
IMsm 932169 6 -4401.465226806603
sc3imlsm 910333 12 -1219.595957329575
sc2i 602502 15 -1215.4093204977348
sc2ielsm2 542264 13 -6307.514341259807
sc3em 150541 11 -5423.171502488652
IM 59212 7 -1449.5369925119717
sc1ielsm2 952109 11 -1471.4588727238863
sc1i 729760 13 -1430.8153596259187
sc3iml 464083 14 -1268.358159209523
sc3iemsm1 393328 16 -35423.03629292734
sc3imsm 539335 12 -3394.995450037986
sc12imlsm2 678422 15 -2465.7407510878897
sc3ieml 398038 14 -8040.786653676169
sc12iml 81832 13 -1493.619705377229
sc3ielsm 733141 12 -1993.4951021713443
sc2ielsm1 128210 13 -1801.7382701787944
sc3imlsm1 40632 16 -1249.0472155736857
sc3iemsm 303755 12 -2673.33635363611
sc3ielsm2 467112 16 -1833.421407411918
sc3ilsm 164793 12 -7428.717995079947
sc3im 609300 14 -15655.093764099545
sc3iemlsm 386365 12 -6501.358876752172
sc3il 375673 14 -1342.3521489866978
sc3emsm 647047 10 -8592.311846162445
sc3imlsm2 853314 16 -8372.291611973636
sc3iem 356818 14 -10569.206309188849
sc12imlsm1 639680 15 -1220.2075342757253
IMsc2sm 441374 9 -1563.3309575723774
IMsc2 477651 10 -1397.4247318382447
sc3ielsm1 704492 16 -1922.3478372342822
sc3iemsm2 365188 16 -6457.594313675135
IMsc 557808 8 -1493.6224582617494
IMscsm 738477 7 -5668.256433535588
sc2sm1 239737 9 -2941.924049719776
IMi 461149 10 -1277.459224999181
sc3iesm 411464 12 -25384.36678513073
IMiscsm 788335 9 -3847.321594682766
sc3msm 525870 10 -4495.895079169884
sc1e 835304 6 -9777.959439716797
IMisc 642315 11 -1307.4965361983195
IMism 718409 8 -1279.2518463193653
sc2el 215045 8 -2963.608423923545
IMisc2sm 946088 11 -1417.8612661930633
IMisc2 413456 13 -1424.9076754058335
sc3e 547997 11 -8817.837288045339
sc3ie 306168 14 -19103.932237095214
sc3em2 276902 13 -17672.927575477348
sc3iel 370021 14 -2551.7364264751254
IMiscsmB 914438 10 -1405.0566574917273
sc12ilsm 298697 11 -1961.447319498623
IMscns 441432 4 -9918.35857135579
sc1ns 182222 2 -14606.411666130683
IMns 610741 3 -9972.380708864597
sc2ns 797070 4 -14606.498212154182
IMnm 308076 5 -2262.753675383455
sc1nm 645761 3 -2265.1502468842396
sc11nm 472233 5 -4302.878678211876
sc3ns 891953 6 -9975.114575238023
sc11sm 576823 6 -1544.0392767413841
sc1l 941949 6 -1573.960036030784
s2m 616961 5 -1591.2290067763595
sc11 280488 7 -1543.5408523844587
sc1sm1 408559 7 -1574.160667984795
sc1 371420 8 -1589.6030463187171
IMscnm 488692 6 -2348.3455564831434
sc12nm 751749 8 -22708.480426226277
s2msm 434913 4 -1704.3021658639161
sc2esm 904868 7 -1463.5610406620765
sc2lsm 825630 7 -1619.5292532850347
sc2l 337627 8 -1730.4676829489044
s2mi 835495 8 -1429.4162508499528
sc1ilsm 821764 7 -1435.217128161003
sc1iesm 22772 7 -37819.672361987374
sc2el 151808 8 -1414.822823440437
s2mismB 642137 7 -2095.739693004013
sc3e 488538 11 -53531.338223079045
sc2ilsm 412523 9 -1299.226622769269
sc2 55848 10 -1399.7780086420466
sc1il 104371 9 -1380.8897842186757
sc1esm 936145 5 -1627.8099242497356
sc3emlsm 235625 10 -1484.6955949247333
sc3mlsm 125008 10 -5755.455588602534
sc2iesm 446014 9 -73525.8626458594
sc3elsm 761706 10 -1552.72583213229
sc2sm1 414198 9 -1369.6356949253254
sc3l 213507 11 -1425.7397805762241
sc2il 211892 11 -4662.016290273151
sc2ielsm 168347 9 -1234.2004054129004
sc12il 803531 13 -1322.202473952707
sc12ilsm 11457 11 -2980.1837154888217
sc2iel 837205 11 -1279.1340044874419
sc1ielsm1 941550 11 -2403.593542245843
sc1lsm 831615 5 -12643.561447791866
sc12im 859162 13 -106604.46116828428
sc3eml 659467 11 -1597.642639198475
sc12imlsm 263671 11 -1234.2575561665274
sc2ie 602055 11 -7652.00453809713
sc2ielsm2 643014 13 -1209.8949112708008
sc3iemsm 225574 12 -29826.361642565138
sc3ie 449183 14 -48114.01258992416
sc3esm 931004 10 -37956.445781193695
sc1ielsm2 840002 11 -1675.2281211808738
IM 172970 7 -1420.7510272628483
sc2i 801718 15 -1243.6702675890388
sc3el2 746447 13 -1453.2262095527062
sc2ielsm1 117751 13 -5675.730891764247
sc3il 180908 14 -1221.8975725337325
sc3ilsm 198986 12 -3950.818238264786
IMsm 835019 6 -2489.1045158114384
sc2elsm 181531 7 -1785.76421082557
sc3imsm 810555 12 -1459.74349159271
sc3iml 936935 14 -1211.1774424003024
sc3iemlsm 365253 12 -1354.4516384890092
sc12imlsm1 164475 15 -1884.0804364325343
sc3iemsm2 987993 16 -24032.9488824613
sc3imlsm2 960800 16 -1231.517127167576
sc3im 860703 14 -43262.407005492
sc3ieml 58252 14 -8187.279466432687
IMscsm 997914 7 -3784.971211081341
sc1sm2 686318 7 -1543.4699157690595
IMsc2sm 619589 9 -1545.4519933900906
sc3lsm 664934 10 -4461.495446781445
sc3ielsm1 216912 16 -1239.9602029193907
sc3ielsm2 620932 16 -1563.4077136485885
sc3iemsm1 69364 16 -2829.3037670638723
sc3imlsm1 565280 16 -1272.781646708173
sc1i 147439 13 -1542.6194397240029
sc3iel 277963 14 -2529.8493298354488
sc1ie 928651 9 -3155.511492997256
sc3em2 377911 13 -1880.5230722778056
IMism 298908 8 -7304.428797843888
sc3em 833771 11 -2388.0629588529446
sc3ml 754417 11 -1602.5686816776122
sc12imlsm2 781193 15 -1333.732867144843
IMi 387455 10 -1274.9455361994064
IMisc2sm 818826 11 -1320.69060591394
sc1e 24965 6 -1797.4654900097635
IMiscsm 938317 9 -2446.3346273230486
sc3msm 953515 10 -6008.268553651491
sc12iml 131682 13 -1440.8354243992221
sc3ml2 618750 13 -1993.7606806056856
IMisc2 171084 13 -1280.311133365623
sc2e 50656 8 -3292.569996557645
sc12imsm 726372 11 -23987.91729266536
IMisc 57800 11 -2142.6280604547633
sc3emsm 400727 10 -7398.3907115024585
IMsc 473196 8 -1535.223732947856
sc3m 576536 11 -8679.574004915843
IMiscsmB 660221 10 -1892.1806383879887
sc21nm 320811 7 -3471.9620503021647
IMsc2 844667 10 -1521.7530932208228
sc3imlsm 877098 12 -3702.779363164889
sc3ielsm 299971 12 -3734.9956295431953
sc3iesm 698398 12 -31692.874454199213
sc3iem 254890 14 -2919.2664752543446
sc2sm2 30848 9 -2363.4139428838325
sc3ml 415825 11 -1457.4869815551197
sc3m 216886 11 -7969.099707332897
sc3ml2 169973 13 -1356.8429371891314
sc3iel 802793 14 -4095.5934566025235
sc3iemsm2 975473 16 -3804.480148186587
sc3iemsm1 603951 16 -21907.34723449023
sc3el2 154458 13 -1474.2746422891857
sc3m 495628 11 -38235.380860571146
sc3em 193041 11 -2498.4405312069175
