sc1ns 839680 2 -35413.265179515955
IMns 592660 3 -35261.590763438966
IMscns 562012 4 -35191.177902694166
sc1nm 880478 3 -5793.465440125043
sc11nm 107356 5 -15319.133511135104
sc2ns 131686 4 -36530.40307032125
sc3ns 294406 6 -35213.193303798165
sc1esm 841920 5 -186062.11419986593
sc21nm 132066 7 -12629.521569361155
IMnm 237635 5 -5520.923309282515
IMscnm 108678 6 -5522.477159759056
sc11sm 527254 6 -3857.735933591539
sc1lsm 55218 5 -3661.0473643223245
s2msm 137672 4 -3859.6942064435566
s2m 504823 5 -3781.185054136494
sc2l 339232 8 -5464.925620712261
sc11 158046 7 -3783.1350513458883
sc1sm2 467884 7 -4086.8503906623105
sc1 754919 8 -3546.3113659733062
sc12nm 809175 8 -4450.288211265244
sc1l 935924 6 -3545.7382577260864
sc2esm 33270 7 -3321.010658095606
sc2el 493381 8 -4887.940154364336
sc2e 273603 8 -4230.520896249374
sc3lsm 244987 10 -3251.4765559901825
sc1sm1 814057 7 -4236.878384308382
sc3esm 264580 10 -34341.53767131666
s2mi 708292 8 -3039.07098013101
sc2sm1 992058 9 -3207.1589407280976
sc3elsm 459829 10 -3178.2170248087405
sc3em 745966 11 -2973.245962926165
sc1iesm 801221 7 -9525.220978081095
sc2elsm 548361 7 -3175.346469081309
sc3emlsm 319524 10 -3140.91180133651
sc1ie 801471 9 -59638.815918880486
sc2ie 961755 11 -35353.024716854394
sc2lsm 227897 7 -5323.646759736381
sc3eml 161179 11 -2964.8348573808325
sc3e 634656 11 -24963.914711227175
sc1ilsm 839718 7 -2922.8541658741683
sc2iesm 59036 9 -24546.4753096096
sc1il 475682 9 -5089.09970091472
sc3l 351890 11 -5007.437236053117
sc2il 716475 11 -2641.9877979265843
sc3ml 654503 11 -3110.0320293466148
sc2ilsm 236245 9 -2440.8858307699006
sc2sm2 275497 9 -3012.877905713839
s2mismB 259418 7 -5573.8977774719715
sc12im 715294 13 -37502.007376975205
sc1ielsm1 901070 11 -2920.53236881229
sc3em2 643142 13 -4788.057202883259
sc3m 607173 11 -10168.357247858587
sc3imsm 516207 12 -16405.495589422884
sc3ilsm 850267 12 -17736.02987899913
sc1ielsm2 913770 11 -3084.9441295782995
sc12imsm 77244 11 -25607.845513316333
sc2ielsm1 618507 13 -2469.572085161618
sc2ielsm 503265 9 -2413.3134390001287
sc2iel 70303 11 -2373.215491536147
sc2 20964 10 -3355.667862366452
sc3msm 472558 10 -6251.561871608274
sc12imlsm 250049 11 -2937.053741874039
sc12il 890023 13 -2861.478966977775
sc3imlsm 411308 12 -4172.1124120359245
sc12ilsm 253155 11 -2417.0788422984883
sc2i 205941 15 -4588.112569462573
sc1i 248526 13 -3388.778045016916
sc3iemsm1 910506 16 -27648.03619152159
sc12iml 614832 13 -2371.8224550534587
sc3il 892742 14 -3011.3642521193924
sc3mlsm 485200 10 -5408.9105766657685
sc3ielsm 56296 12 -2624.5468195749145
sc3ieml 545101 14 -2341.578674822507
sc3imlsm2 251670 16 -2336.3716958420177
IMscsm 48652 7 -3222.098620852469
sc3iel 201973 14 -2543.739346894009
IM 526531 7 -3037.9773111369095
sc12imlsm1 295362 15 -2553.7309360869494
sc3emsm 195296 10 -9253.377163565807
sc2ielsm2 244073 13 -2447.767264655159
sc3el2 152399 13 -6002.774460768904
sc3ielsm2 236830 16 -2953.303370620421
sc3imlsm1 250997 16 -2359.4922577086186
IMsm 527483 6 -3223.521523224156
IMsc2sm 741208 9 -5382.139024709754
IMism 451880 8 -12594.40432259235
sc3iemsm2 155089 16 -55004.434045422575
IMiscsm 48744 9 -2411.1011238965248
sc3ml2 368204 13 -6144.800323237797
IMi 316126 10 -2422.007543319832
sc3ielsm1 985016 16 -2413.9895105682685
sc3iemsm 615162 12 -6240.87462526959
IMisc2sm 6346 11 -5718.256227208855
sc1e 761693 6 -4964.1566116616
IMisc2 747154 13 -2418.9528991789743
IMiscsmB 357687 10 -2653.8666652713646
sc3im 657393 14 -38937.35900544426
IMsc 409824 8 -3034.64423957801
sc3iem 250390 14 -37950.887420572886
sc3iesm 67078 12 -36004.503107184166
IMns 469086 3 -35261.75013320588
sc1ns 249096 2 -35413.265136351445
sc2ns 461659 4 -35413.61250362432
IMscns 866308 4 -35190.97967007407
sc1nm 173852 3 -5793.4656675922215
sc3ns 294756 6 -35196.741217569295
sc21nm 255996 7 -4988.088872602812
sc11nm 746375 5 -4947.236303682671
IMscnm 551107 6 -5526.320527603576
sc1esm 558785 5 -3874.216735610982
IMnm 589352 5 -5520.924507097701
s2m 333533 5 -3781.184624089153
sc12nm 920269 8 -7426.065559286853
sc2l 218841 8 -3155.673745144373
sc11sm 161822 6 -3861.203314846842
sc1l 839417 6 -8851.788560295909
s2msm 344450 4 -3859.694180976271
sc11 177391 7 -3781.07836824793
sc1sm1 276098 7 -5833.172569332222
sc1sm2 855232 7 -3818.3599348171733
s2mismB 76811 7 -3083.9202042573556
sc2lsm 346331 7 -3295.680469909553
sc2sm2 739019 9 -6503.050260010332
sc1ilsm 362580 7 -2947.7157096883593
sc3elsm 42385 10 -3296.829011699125
sc3lsm 565034 10 -3257.0567914998373
sc2sm1 454635 9 -3052.0287590769763
sc3mlsm 10062 10 -3141.735907175742
sc1il 126128 9 -2927.721426810401
sc2ilsm 674655 9 -2433.9916176408187
sc3emlsm 335090 10 -3141.312515253462
sc2elsm 479120 7 -3175.3471435261517
sc3e 283607 11 -5889.542798986113
sc1 293978 8 -3545.73972833914
s2mi 710064 8 -3039.0705336589504
sc2ie 295566 11 -25854.368657907362
sc2el 358506 8 -3091.7837463527626
sc12ilsm 516848 11 -2434.1116849884174
sc1ie 854994 9 -3211.0184833569856
sc2iesm 991258 9 -31695.308511532032
sc2esm 644208 7 -3442.3919645360065
sc3el2 491466 13 -3028.9092648076494
sc2ielsm 92879 9 -2413.313476413829
sc12il 747525 13 -2389.0020657386453
sc12imsm 891794 11 -20841.973885236217
sc2 860399 10 -2965.3647196702723
sc3ml2 276437 13 -3387.061638854475
sc3ilsm 48170 12 -2393.244968804151
sc1ielsm1 644562 11 -2900.3177930600455
sc3em 14489 11 -2974.3876879721975
sc12imlsm 933142 11 -2413.5487114890416
sc2il 733638 11 -2506.2631465746067
sc3l 70970 11 -4620.036216026121
sc3eml 935419 11 -3282.4759954315678
sc3imsm 850720 12 -52432.736955574284
sc1ielsm2 75450 11 -3083.8933414317153
sc12im 694035 13 -29349.823748781404
sc2ielsm1 547720 13 -12511.853196934117
sc3imlsm 634152 12 -12777.281320145183
sc2ielsm2 6461 13 -2437.3523126370083
sc2i 697035 15 -14583.886562157097
sc3im 1380 14 -45451.3530773839
sc3iemsm 325313 12 -13071.561345132688
sc1i 391767 13 -3147.186510055603
sc3il 63579 14 -2475.6351159387273
sc3iml 878528 14 -2417.2674902189565
sc3iel 336822 14 -2362.3367632482973
sc12imlsm2 723191 15 -2340.0829954488377
sc12imlsm1 951137 15 -2445.129023570756
sc3imlsm1 167981 16 -24260.517920640297
sc3ielsm1 977834 16 -2343.230537209488
IMscsm 673067 7 -3224.9511933267677
sc3msm 179069 10 -29471.57216992525
sc12iml 282441 13 -3715.715066374216
sc1lsm 951510 5 -10780.320811814649
sc3ielsm2 416746 16 -5389.091593393505
sc3iemsm2 739274 16 -12393.782010563298
sc3iem 687474 14 -31827.985965897427
sc3ielsm 461226 12 -3049.4955785370216
IMsm 923465 6 -3223.521534039357
sc3m 445042 11 -17268.915317273313
sc2iel 763617 11 -2601.959692363349
sc3ieml 233534 14 -2433.397618074885
sc1e 405485 6 -4967.036934784584
sc3esm 264161 10 -25009.71346934926
sc3em2 563640 13 -5237.904383148861
IMism 689127 8 -2469.8618157843684
IM 856308 7 -3038.3957037917216
IMsc2sm 794067 9 -3541.9729895884493
IMsc2 161592 10 -3034.3475647322603
IMiscsm 983325 9 -12068.629871132096
sc3ml 497360 11 -7931.5363408929015
IMisc2sm 291165 11 -2419.702144718973
IMisc2 870528 13 -2366.9990733451364
IMsc 89212 8 -7205.3116088747065
IMi 168091 10 -2422.0075057709946
sc3emsm 544176 10 -40377.65363171204
sc1iesm 245553 7 -26656.968158552118
IMisc 49209 11 -3124.9730987946805
sc3iesm 614393 12 -24100.993678521518
sc2e 348227 8 -5879.655641807272
IMscns 679176 4 -35256.886306360146
sc1ns 263131 2 -41539.70710277332
IMns 472285 3 -35256.84237158799
sc2ns 529292 4 -35614.1081922701
sc11nm 60757 5 -5808.506441350962
sc1nm 592268 3 -5793.4651158993975
sc21nm 416788 7 -10014.07476366089
IMnm 873793 5 -7871.425763854326
IMscnm 43829 6 -5536.734425940145
sc11 235495 7 -4214.586494536832
s2msm 859631 4 -3859.6925544182786
sc12nm 487222 8 -5884.374820073224
sc1l 124447 6 -5851.235235023612
sc2elsm 242186 7 -3175.347145634201
sc1e 817504 6 -3785.9759370440493
sc1sm2 601158 7 -3718.9203113517865
sc1lsm 543254 5 -3661.0474446018397
s2m 282687 5 -3781.1848476511227
sc11sm 131277 6 -3857.716617400304
sc1 238296 8 -3781.0924463756605
sc2sm1 739174 9 -3052.0741246720863
sc1iesm 206336 7 -14017.440891243972
sc1ilsm 631854 7 -2922.84641359269
sc2l 717354 8 -3155.631384714448
sc3ns 179710 6 -35413.7476394103
sc3l 448637 11 -5174.2549373402435
sc3mlsm 623389 10 -3195.277245280519
sc2el 297912 8 -3091.785201682769
s2mi 307806 8 -3041.705431140188
sc1sm1 623521 7 -3545.7454283757857
s2mismB 873303 7 -3045.492662699233
sc3em 368784 11 -3335.8096886013254
sc2ielsm 350058 9 -5398.503076539705
sc2e 781378 8 -3962.556515830328
sc1esm 521620 5 -4038.162653445877
sc1ie 89621 9 -17132.671834089335
sc12ilsm 867788 11 -5047.870969342426
sc2ilsm 201667 9 -4287.719058377968
sc3emlsm 901258 10 -3142.3885633245154
sc2il 31672 11 -10380.336461234197
sc2ie 940938 11 -23624.372462695686
sc3ml 722155 11 -3534.312901142299
sc1ielsm1 255778 11 -2907.5112314104167
sc2iesm 848827 9 -42159.03676363764
sc3lsm 58221 10 -3596.9858939691
sc12imsm 460266 11 -15820.851715124303
sc3iemsm 514085 12 -31061.439923137394
sc1il 51816 9 -2927.812540897652
sc3il 284304 14 -2362.7323893486246
sc2iel 170154 11 -2458.148260427095
sc2ielsm1 890429 13 -17275.51756219497
sc3iesm 161974 12 -8883.348380360752
sc3ilsm 456154 12 -2846.107700384793
sc3imsm 287584 12 -26432.88486206638
sc12il 963665 13 -2535.4213656555535
sc3ml2 346748 13 -3288.9232920496797
sc12imlsm 969491 11 -4025.516305929221
sc12imlsm2 467885 15 -12282.206969640425
sc2i 334674 15 -6350.684947890579
sc1i 415843 13 -3085.5945701004
sc3iml 175266 14 -2417.74874749651
sc3ie 324246 14 -7911.88839534788
sc3iel 415905 14 -2395.2573059155584
sc3iemlsm 716492 12 -2377.380387561438
sc1ielsm2 768369 11 -2925.0410439147263
sc3ielsm1 938758 16 -2411.0636764144424
sc2lsm 152697 7 -3798.8349049059652
sc3imlsm1 153312 16 -2345.4973238207294
sc3iem 320046 14 -58332.65792099517
sc3e 581293 11 -28488.046814164085
IMscsm 799542 7 -3207.755886508078
sc3imlsm2 698562 16 -2955.6903938650935
sc3eml 855654 11 -4199.5873682541205
sc3iemsm1 937293 16 -23070.97464568144
sc3ieml 275611 14 -2392.176557506109
sc3iemsm2 252251 16 -3806.3080360041904
sc2esm 740953 7 -4920.786618658805
sc2ielsm2 670612 13 -2485.5845347546424
IMsc2sm 238513 9 -3156.550408785943
sc3im 737267 14 -30424.6138321934
IMsc 317400 8 -3036.0227005261027
sc3imlsm 875660 12 -3013.2064011769303
sc3ielsm 185376 12 -4368.851339648721
sc12iml 847652 13 -2673.0910257801497
sc12imlsm1 859030 15 -2698.968545894325
IMsc2 86387 10 -3035.3058773856383
sc3em2 620156 13 -30732.618295290937
IMi 992769 10 -2422.1462426205176
IMiscsm 357945 9 -2434.6911422581916
sc3m 248773 11 -4734.338977995476
IM 865495 7 -3036.5095466106263
IMisc2sm 607750 11 -2381.2373288174886
IMisc 373303 11 -2481.9198923454983
sc3esm 187665 10 -42457.4647088378
sc12im 654319 13 -5628.342254467574
IMism 449646 8 -2574.149585670135
IMiscsmB 202305 10 -2608.458365508563
sc1ns 593586 2 -35413.26463576959
sc11nm 874386 5 -5794.781590498071
sc1nm 791240 3 -5793.460282670186
IMns 289699 3 -36479.97979815331
IMscns 202894 4 -35256.85622568619
IMscnm 36402 6 -5520.613156754147
IMnm 844977 5 -5520.924508481799
sc12nm 54448 8 -9932.38020652644
sc1esm 171340 5 -52312.21495781136
sc2ns 77498 4 -36058.437113075066
s2m 768536 5 -3781.185086142101
sc11 723281 7 -4150.199399794961
sc11sm 484169 6 -3857.5023630489636
sc1e 388453 6 -5795.337415699479
sc2elsm 618983 7 -3175.347145580383
sc2lsm 509810 7 -5831.843174918721
sc1sm1 53653 7 -3545.737357421097
s2msm 438327 4 -3859.6941647244767
sc1sm2 199305 7 -12453.7912180599
sc1l 50319 6 -3545.7372299274966
sc2l 55507 8 -3155.631493203645
sc1lsm 866142 5 -3661.047880818489
sc2e 641592 8 -8996.526173259157
sc3lsm 272843 10 -3252.238522945515
sc3l 999912 11 -3104.478152953119
sc3mlsm 581985 10 -3142.991098073661
sc1ilsm 722023 7 -2922.8553636066276
sc1il 562855 9 -2899.9858733936207
sc1iesm 90291 7 -38132.521849981866
sc1 490616 8 -7500.68891225751
sc3elsm 530340 10 -5632.508044454824
s2mi 853737 8 -3066.5298584042043
sc3emlsm 983834 10 -3141.1913461947106
sc2sm1 570822 9 -3059.1101857959093
sc3eml 854769 11 -2973.547666146356
sc12ilsm 697017 11 -2430.9171391666086
sc3em 618304 11 -3179.6285423112413
sc2el 87741 8 -3091.783914013257
sc2il 49846 11 -2536.601914261148
sc2ilsm 328363 9 -2433.990079422536
sc3imsm 445293 12 -70049.18227750625
sc12il 556103 13 -2387.958057720334
sc1ielsm2 308217 11 -7345.549496198828
sc3ns 886349 6 -35396.841988145476
sc1ie 953645 9 -14350.671759103521
sc2ie 208543 11 -10485.93625022149
sc3ml2 685707 13 -3558.316579972339
sc3el2 674050 13 -3264.1385887796782
sc1ielsm1 632035 11 -8077.072687274813
s2mismB 419860 7 -7244.639514129654
sc12iml 658993 13 -2548.5156864204773
sc3iesm 877228 12 -19540.473209813135
sc3imlsm 172321 12 -2371.2084031726035
sc2iel 264459 11 -4558.805323944627
sc21nm 949730 7 -6245.74720704219
sc3ielsm 730819 12 -2456.9807132274127
sc3em2 836047 13 -7723.874020298483
sc3iemsm 382906 12 -37507.886972573615
sc2ielsm 801400 9 -2413.310882196065
sc2i 633749 15 -2326.992853705288
sc2ielsm1 555004 13 -2784.936080660982
sc12imlsm 449222 11 -3835.5812107432776
sc2ielsm2 383162 13 -3706.6655820975902
sc2iesm 761080 9 -2701.2824103529174
sc3iem 345921 14 -30516.00204950344
sc3il 681957 14 -3470.348006747241
sc3ilsm 862339 12 -2422.3119571239577
sc3ielsm1 678292 16 -2344.176258453551
sc3imlsm1 773392 16 -2330.4187240363462
sc12imlsm2 105555 15 -2810.7236558657137
sc3iemlsm 937245 12 -2556.672466468346
sc3iel 406865 14 -2803.5851137270065
sc3iemsm2 599032 16 -15699.984753283221
IMsm 464672 6 -7278.670032233201
sc12imlsm1 131864 15 -2426.9594849290465
IMsc 236771 8 -3033.7867257727894
sc3iemsm1 412752 16 -38195.67565271792
sc3emsm 491246 10 -9453.405962314222
sc2esm 122107 7 -6667.022542085778
sc3imlsm2 161816 16 -2602.5862672489056
IMsc2 250880 10 -2989.0990510535403
IMscsm 298764 7 -3206.4752682973594
sc2 722224 10 -5148.393603140953
sc3ielsm2 340195 16 -4301.773862572573
sc3ie 740709 14 -22250.010879073645
IM 838711 7 -3036.9479886098793
IMsc2sm 41236 9 -3253.563200725818
IMiscsm 621000 9 -2411.0717907501235
sc3im 381772 14 -9545.608425347977
IMi 689655 10 -2422.3541502339294
sc3msm 381318 10 -20190.409524689014
sc3iml 176519 14 -2653.6159014260843
IMisc2sm 284017 11 -2376.931311178805
sc1i 372000 13 -6085.103472858139
sc12im 885768 13 -4998.423089716388
sc3esm 478605 10 -34408.15518530909
IMisc2 664261 13 -16045.475762490003
sc3e 289619 11 -77719.48911904577
IMism 550182 8 -2469.8340770249056
sc3ieml 746129 14 -2795.787128936656
IMisc 684822 11 -3853.3514222239296
sc3m 591802 11 -20705.386507546318
IMiscsmB 589437 10 -3754.65130003995
sc2sm2 491229 9 -5145.178907613973
sc12imsm 733238 11 -6782.517155039934
IMns 525303 3 -35256.84245995627
sc1ns 642137 2 -41539.70492563755
sc2ns 36343 4 -35228.68500778226
sc11nm 136544 5 -5792.934583515561
sc1nm 585791 3 -5793.461975435936
IMscns 337067 4 -36759.93744479569
sc21nm 350731 7 -18832.629634658577
sc3ns 753687 6 -35193.7117049542
IMnm 839443 5 -5520.923005757421
sc1esm 18984 5 -43621.58304745487
sc1e 799187 6 -15455.195539923487
sc12nm 653323 8 -7465.132818586711
IMscnm 64145 6 -5520.454489781272
sc1sm1 913577 7 -3545.746134103495
s2m 919802 5 -3781.1820325857125
sc1lsm 513852 5 -3661.0478242753857
sc11sm 654705 6 -3850.4457421914444
sc1sm2 591000 7 -3661.1602089250846
s2msm 46252 4 -3859.6931520202033
sc1 422628 8 -3545.84957636932
sc1l 950015 6 -3545.738283174184
sc2lsm 97349 7 -7240.179058906091
sc2sm1 659757 9 -3054.178247946131
sc11 988130 7 -3771.2735403701195
sc2l 475349 8 -3155.6310256704496
sc2elsm 695488 7 -3175.3470353467656
s2mismB 772576 7 -3045.489671313021
sc3m 577111 11 -8446.691907333574
sc1il 570694 9 -2900.9092759295486
sc3l 387674 11 -3585.803367486201
sc3esm 287526 10 -31351.290966333647
sc3lsm 606696 10 -3882.741891435586
sc2el 935872 8 -3091.785699807845
sc2 982655 10 -3364.547636855499
sc12ilsm 858192 11 -2567.8554584401504
sc3ml2 398539 13 -2932.5718035319933
sc2il 794316 11 -2401.0961070304215
sc3el2 251994 13 -3058.561295951158
sc3elsm 871284 10 -3994.586853587106
sc3mlsm 178375 10 -3797.331338384905
sc2ilsm 364527 9 -2739.6066569452155
sc12im 167652 13 -28720.03751456156
sc2sm2 259732 9 -3012.889186555229
sc3ml 329017 11 -3331.9877099027203
sc1ielsm1 831238 11 -9910.044027712735
sc12imsm 307326 11 -17744.125422863643
sc2iel 649789 11 -2370.9427557246568
sc3iesm 535118 12 -22061.026539121525
sc3em2 761155 13 -5269.822654315096
sc3imsm 161602 12 -24452.76874733946
sc1ilsm 668103 7 -2922.847161375182
sc1i 123308 13 -3010.6363520536315
sc1ielsm2 241057 11 -6729.604546999408
sc3im 933756 14 -23132.844081875744
sc2ielsm 755818 9 -7635.23382397896
sc3imlsm 932170 12 -26994.937709734753
sc12iml 988187 13 -2379.084721239672
sc3il 28458 14 -2488.854185668439
sc12il 734273 13 -5667.1591342244155
sc2ielsm1 749246 13 -2448.6803292124437
sc2iesm 464273 9 -11236.844097526118
sc2i 481601 15 -5661.808705807586
sc3iml 689977 14 -9628.466109234349
sc3iemsm 977844 12 -18466.13375049621
sc3iemlsm 640091 12 -2370.6754782167463
sc3ilsm 335918 12 -2614.4467476482914
sc12imlsm1 276223 15 -5153.163121813849
sc3ielsm 593298 12 -6734.026019653681
sc3iemsm1 60161 16 -34189.18662670769
sc12imlsm 298783 11 -2412.9907244505675
sc3iem 869496 14 -31950.648163969145
sc3ielsm2 337378 16 -2363.9765817366183
sc3imlsm2 244195 16 -2336.217319645376
sc3ielsm1 994660 16 -7280.1346480421635
sc2ielsm2 730791 13 -2346.178949301974
sc3ieml 841780 14 -4540.322669091589
sc12imlsm2 193922 15 -2754.1059488191113
sc3imlsm1 494038 16 -5996.881807520932
sc3emsm 453891 10 -5778.739842290757
IMsc2sm 362486 9 -3159.064591919991
sc3eml 328095 11 -5196.52212556193
sc3iemsm2 244570 16 -133216.03061152223
IMsc2 710655 10 -2985.33812041422
sc3msm 525641 10 -22225.848130749462
IM 183621 7 -3049.0968885058446
sc3iel 101508 14 -3001.1333126018567
sc2esm 71555 7 -8928.39534138045
sc2ie 816371 11 -4981.511006799943
sc3e 983887 11 -22657.67226219928
s2mi 295801 8 -6380.635557009436
IMiscsm 564772 9 -2411.072578219042
IMscsm 528293 7 -5222.523710023838
IMsm 203802 6 -4340.212956734615
IMiscsmB 99639 10 -2445.2448974890667
sc1iesm 310847 7 -6333.929392746592
IMisc2sm 365803 11 -2377.5658149918168
IMsc 532015 8 -3109.876695568722
IMisc 979169 11 -2467.814789176536
IMism 459771 8 -2469.8339192896347
sc2e 770868 8 -14625.483370063439
IMi 736912 10 -2482.737160180096
sc3em 47840 11 -7577.315660488909
sc3ml 89855 11 -2972.559630454671
sc3emlsm 275345 10 -3141.126319279342
sc1ie 209842 9 -22480.210013769596
sc3el2 902089 13 -2977.400369863068
sc2 915000 10 -7500.462107748766
sc3emsm 563165 10 -28217.49210284834
sc12imlsm2 28684 15 -2511.046082597978
sc2sm2 122114 9 -4804.2406530573535
sc3ie 781075 14 -34618.49891163421
sc3imlsm2 132764 16 -2759.8869245975106
sc3elsm 296771 10 -8221.954503478333
sc3iemsm1 895383 16 -6544.993082813555
sc3ielsm2 984735 16 -2999.613440375171
IMsm 463171 6 -3223.5215338034186
IMsc2 595089 10 -3033.181891268586
IMiscsmB 143888 10 -2522.8951037926645
IMisc2 814534 13 -2341.654615696542
IMisc 425857 11 -2432.741959092289
sc3ie 422381 14 -4403.718227972002
IMisc2 524686 13 -2737.7074871675854
sc3iemlsm 62193 12 -2990.003281579084
