sc1ns 559007 2 -11770.340486620438
IMns 386403 3 -11689.492975207302
IMscns 38021 4 -11467.386875549519
sc3ns 475419 6 -11626.177543580161
s2msm 432640 4 -3415.799308877505
IMscnm 123044 6 -4296.649237330474
sc2ns 772516 4 -11465.50662762373
sc1nm 157305 3 -4362.470893845907
sc11nm 245298 5 -4759.60882380202
sc21nm 205649 7 -34429.19455311398
sc12nm 20327 8 -57215.88216420295
sc2elsm 336574 7 -9650.037361844417
IMnm 693429 5 -13529.649893706297
sc1l 591700 6 -9269.189762779719
sc1sm2 786908 7 -5828.320373062431
sc1lsm 983469 5 -3459.1076275686555
sc11 516641 7 -3401.8353153949797
sc2el 702304 8 -2770.9996866102397
s2mi 314973 8 -18108.586887751248
s2mismB 436354 7 -3145.2362384544126
sc2sm1 460370 9 -2736.793764849328
sc2sm2 671909 9 -2740.2469057472786
sc1esm 414140 5 -3652.6350465718456
s2m 655650 5 -3401.7581314713707
sc3esm 838980 10 -23073.740423865092
sc2l 618592 8 -2955.0917826652426
sc3mlsm 987717 10 -2779.1937712383724
sc1sm1 822531 7 -3222.6870292483645
sc3emlsm 985043 10 -3864.9762941610215
sc2lsm 312494 7 -3029.5232120400597
sc1iesm 503157 7 -53128.72712842602
sc3elsm 121155 10 -3136.1503016178654
sc1ilsm 750895 7 -17401.373296745704
sc3em 933984 11 -3206.3817557852635
sc12imsm 832547 11 -16076.941800289444
sc2ilsm 134621 9 -2659.439329839471
sc1i 205789 13 -13323.81277268731
sc3l 462383 11 -3436.446735926119
sc2ielsm 871900 9 -2521.62285717518
sc12ilsm 935050 11 -2685.734680873302
sc1il 476474 9 -3108.7402672118264
sc12imlsm1 714422 15 -2507.7198015677773
sc3el 934507 11 -7804.109426507603
sc12imlsm 328720 11 -2516.1658236691464
sc3imlsm 898555 12 -9617.139543625319
sc1ielsm1 184416 11 -3104.5651675021268
sc3msm 900386 10 -7239.125700012996
sc3iesm 149923 12 -45175.00425086058
sc2iel 622598 11 -10832.072443185205
sc3iemsm2 75104 16 -28677.47212938971
sc2 125543 10 -4504.252241051981
sc3imlsm1 584782 16 -2633.7114881502976
sc1e 809074 6 -4749.727383699432
sc2i 257659 15 -3503.431545174874
sc3iemsm 12974 12 -26261.069775180797
sc2ielsm2 11870 13 -2541.367043364294
sc2il 836741 11 -3136.313774267288
sc3iemlsm 921693 12 -5029.064793064551
sc1ielsm2 947605 11 -3009.9524827714226
sc2ielsm1 211927 13 -3051.2952103416374
sc3ie 441950 14 -10102.210445631676
sc3eml 844219 11 -12661.749502980125
sc3ilsm 878809 12 -3401.757102907636
sc3lsm 159026 10 -11368.211409978063
IM 241781 7 -4225.657597306582
sc3il 39938 14 -3359.627820277793
sc12imlsm2 839220 15 -2492.6161578046326
sc1 537844 8 -5128.7206410559
IMsc 955670 8 -3163.211494574882
sc3ielsm 147115 12 -3791.01487587844
sc3imlsm2 389475 16 -3884.7042286133997
sc3ml2 858936 13 -3047.855240923863
IMsc2sm 362380 9 -4185.947816391074
sc12il 454866 13 -3963.329155247627
sc3iemsm1 268324 16 -15399.897410460635
sc12iml 639639 13 -2853.6785024687056
sc11sm 708448 6 -3498.018287331288
sc12im 959748 13 -34705.427658167464
sc3ielsm2 734815 16 -3350.5569597605067
IMiscsm 4705 9 -11563.002356797853
sc2esm 662463 7 -17571.989796936297
IMi 989627 10 -2804.9333340982116
IMiscsmB 237505 10 -2630.184432320697
sc1ie 72232 9 -4461.734210376102
sc3iml 983447 14 -2740.131580331444
IMscsm 330676 7 -3053.7644389055654
IMisc2sm 377622 11 -2525.106630618901
IMism 857182 8 -2865.708858007519
IMisc 588229 11 -2671.7801411113023
sc3m 291657 11 -5866.916086509686
sc3imsm 775219 12 -24302.60628353236
sc3e 108343 11 -84896.38209983846
sc3emsm 702272 10 -23890.01215333389
IMsc2 869827 10 -7044.835297544968
sc2ie 44713 11 -5954.347218614655
sc3iem 928524 14 -3852.037837176801
sc3ml 509919 11 -2753.4766534362184
IMisc2 937722 13 -2574.083462127247
sc3iel 151325 14 -2932.468319474876
sc2e 992487 8 -26468.12264929288
sc3ielsm1 236918 16 -3199.208492702527
sc2iesm 386189 9 -11015.568933056902
sc3el2 634326 13 -12169.774478098989
sc3em2 989950 13 -48575.46277950442
IMsm 930305 6 -6640.790578076502
sc3im 826996 14 -40180.58160974123
IMscns 537272 4 -11467.386778409013
sc2ns 831397 4 -11984.778733618406
sc1ns 435866 2 -17007.946957147822
IMns 184612 3 -11636.351358327465
sc1nm 583087 3 -4362.468895233108
sc1l 832451 6 -3223.108157248368
sc11nm 163109 5 -7931.033645457172
sc11 43106 7 -3275.4413211289416
sc12nm 533910 8 -25395.323742380402
IMscnm 850937 6 -4296.405340738595
sc3ns 791963 6 -11465.963089634874
sc2el 163905 8 -2792.486845318433
sc2lsm 683628 7 -3153.8689040276595
s2m 44961 5 -3401.757987119453
s2msm 502275 4 -3415.7993070306784
sc1e 473628 6 -39808.08028109796
sc21nm 933895 7 -13958.98304770061
IMnm 278307 5 -4296.420777418032
sc11sm 643602 6 -3416.622134538804
sc1lsm 15974 5 -3267.9183178468315
sc1sm2 149886 7 -3635.5702993630966
sc2sm1 506189 9 -2736.8169360142833
sc1sm1 602262 7 -9637.63752237366
sc2 745355 10 -7628.34014713682
sc2elsm 80304 7 -2782.1909689053923
sc1ilsm 138132 7 -22981.173224794897
sc1iesm 407415 7 -43810.9635114252
sc2l 334724 8 -3031.789712065439
sc1ie 659581 9 -32659.94387634394
sc3el2 964911 13 -2736.624907226726
sc2iesm 942071 9 -123231.06808013374
s2mismB 629184 7 -3907.526390582589
sc2ielsm 370898 9 -2523.8591036567195
sc12ilsm 35688 11 -2533.190457038733
sc2ie 648133 11 -25369.347781116838
sc12il 198327 13 -9265.99637740419
sc12imsm 548733 11 -16878.91240154926
sc3lsm 160070 10 -4199.962635555358
sc3emsm 399013 10 -3281.576448006032
s2mi 656048 8 -3122.9821885988285
sc2ilsm 105425 9 -2659.5579832998933
sc12im 878947 13 -22746.821658063516
sc2iel 82334 11 -9551.5959451179
sc3ml2 706468 13 -3245.0297906084315
sc12imlsm 777186 11 -13929.819737411835
sc3l 194128 11 -4399.171008878459
sc1 706368 8 -3317.2092966970868
sc3mlsm 608827 10 -2944.2899476752655
sc12imlsm2 365570 15 -2505.532778491506
sc2i 855094 15 -2820.4879419796034
sc3imsm 533990 12 -22703.447662574537
sc3iemlsm 322364 12 -17874.710850732477
sc1ielsm2 517850 11 -3754.8247237492087
IMsm 732093 6 -2997.5273389328718
sc1esm 328018 5 -24036.079597609543
sc2e 822115 8 -10312.95300543145
sc3ilsm 317566 12 -3625.237652827533
sc3iml 868640 14 -2602.9063236178094
sc3ielsm 572984 12 -2548.240132594659
sc3ie 285245 14 -54555.67508547849
sc3ielsm1 198269 16 -2545.9015105267604
sc1i 501063 13 -3140.5365181025018
sc1ielsm1 606645 11 -3591.2801351793632
sc12iml 887946 13 -2981.1777575541
sc3imlsm 302323 12 -2555.097417397343
IM 700263 7 -5769.756963722926
sc3em2 594828 13 -5208.029350404775
sc3iemsm2 877549 16 -10999.081463612318
sc3iesm 208389 12 -49336.41546209677
sc3iem 207461 14 -6195.071992649922
sc12imlsm1 348933 15 -3480.899430917981
sc3em 249416 11 -4184.251943773206
sc3im 136920 14 -56959.618378300525
IMism 606991 8 -2758.076253790195
sc3m 694397 11 -7072.535363660376
IMsc 276825 8 -2892.220415675895
sc3emlsm 345354 10 -7652.703959877929
sc2ielsm2 146833 13 -2709.9448874437307
sc3msm 311725 10 -21027.799975510323
IMscsm 651247 7 -3052.184339746443
sc3imlsm2 191722 16 -2748.133478608383
IMi 726882 10 -2766.6127561708663
sc2ielsm1 735284 13 -3069.1811082009767
sc3ielsm2 374663 16 -2608.7831970606294
sc3imlsm1 409214 16 -2988.964887238147
sc2esm 756661 7 -6281.948699422117
sc1il 632094 9 -4260.70928330519
IMisc2sm 814020 11 -2543.0060114335743
sc2sm2 536690 9 -5445.119895489486
sc3esm 919734 10 -68544.6715313981
IMisc2 541018 13 -5157.277330629007
sc3iemsm 390797 12 -18567.198495793327
sc3iel 34978 14 -3675.7810145288845
IMsc2 600536 10 -3665.79438410116
sc3eml 258330 11 -4675.0923689795845
sc3iemsm1 171852 16 -5741.553954456157
IMiscsm 44463 9 -4232.777834639126
sc3ml 231244 11 -7816.288943678618
sc3ieml 232743 14 -3466.6295701027684
sc3el 579101 11 -7262.196399702447
sc3e 605729 11 -7208.446318055892
IMisc 469920 11 -5236.388844130313
sc2il 751762 11 -4041.8248492472185
IMsc2sm 264487 9 -3103.741927932518
sc3elsm 837087 10 -5756.176241893945
sc1ns 734654 2 -11770.340486620205
IMns 678359 3 -11636.351223650618
IMscns 657503 4 -12031.341686155607
sc1nm 259051 3 -4362.4708861241525
s2msm 921195 4 -3415.7993009936563
s2m 841797 5 -3401.7638103806794
sc3ns 754729 6 -11465.14765724881
sc11nm 731099 5 -8970.4141437465
sc11 224933 7 -6832.720836065856
sc1l 246054 6 -15441.30613912255
sc11sm 479885 6 -6252.698803958948
sc1e 47310 6 -10599.754940954695
IMscnm 726195 6 -4526.784971483686
sc2e 160552 8 -6641.932230257496
sc1 210335 8 -3338.2897770539744
sc1lsm 239204 5 -3267.9178288024027
IMnm 437077 5 -4296.421737617172
sc2sm1 21059 9 -2954.822506603423
sc12nm 423653 8 -10120.809586225076
sc2lsm 199906 7 -9158.465964382547
sc21nm 543832 7 -7340.034921825571
s2mismB 278252 7 -3126.234505527943
sc1esm 221011 5 -4362.457852375471
sc2l 286474 8 -2955.0921942855416
sc2el 960360 8 -2808.9477289361885
sc2sm2 790732 9 -4508.056340815004
sc3esm 797627 10 -3329.235878195556
sc1iesm 748503 7 -35795.88116795148
sc1ilsm 123308 7 -3040.350364201367
sc2ielsm 691901 9 -16048.541887273625
sc3mlsm 438210 10 -2781.001794456869
sc12imlsm 800741 11 -12369.148615791728
sc1sm2 284484 7 -3435.1494750550733
sc2 376987 10 -2948.40172915462
sc3el 528532 11 -2744.6697611020186
sc2iel 830938 11 -21843.877485093024
s2mi 564695 8 -6412.21521830455
sc3lsm 333889 10 -3375.0310630795557
sc3emlsm 488931 10 -3021.8713606002307
sc3m 922232 11 -35769.90893382993
sc3em 270909 11 -3335.047264047318
sc2ilsm 33520 9 -2688.682176231309
sc3elsm 753821 10 -2774.860481658081
sc2iesm 751194 9 -13948.290367571277
sc3eml 342 11 -2785.7328325625926
sc3ml 814591 11 -3272.6550682775032
sc12im 181227 13 -51205.76107594876
sc12iml 255433 13 -2526.883223062109
sc2il 283187 11 -2756.8455513555923
sc2ns 554827 4 -11868.850425084243
sc3ml2 124280 13 -2781.3869901898415
sc2ie 942676 11 -75025.12489366082
sc1il 416147 9 -3035.5374137317485
sc3il 99901 14 -5766.527368739815
sc12il 718207 13 -6214.072740622597
sc3ilsm 795511 12 -2556.0151572619134
sc3iesm 416703 12 -36474.342710094854
sc12ilsm 131523 11 -3799.640991599368
sc1ielsm2 239317 11 -3157.4842338270505
sc12imlsm2 29248 15 -2501.341765464535
sc1ielsm1 857461 11 -2992.409078104608
IMsm 870341 6 -7004.230119094068
sc3im 595015 14 -14489.18719200981
sc3el2 775202 13 -3279.887668117117
sc3iemsm 705240 12 -39037.35206852016
sc1i 681087 13 -3026.9107599285885
sc12imsm 152805 11 -16128.18158956728
IM 369826 7 -8127.047439095257
sc3imlsm 646841 12 -8585.95439582938
IMscsm 83176 7 -4559.172039476133
sc1ie 69474 9 -71856.75157785308
sc2ielsm1 488053 13 -3710.727613379932
sc2i 339488 15 -3146.2637199907754
sc3imlsm1 938235 16 -2513.7049355841464
sc3iel 500483 14 -3559.97815821451
sc3ielsm2 280708 16 -6281.7189447375085
sc3ie 886329 14 -92066.53844171263
IMsc2sm 666386 9 -2925.6873111514337
sc3iemsm2 596926 16 -19971.776760501718
sc3msm 261892 10 -10829.946807232698
IMiscsmB 158176 10 -2630.364539751528
sc3emsm 838490 10 -14319.523680183094
sc12imlsm1 695219 15 -4392.152612337196
sc3ielsm 499465 12 -6793.838525101374
IMi 124868 10 -5361.300330679038
sc3ielsm1 909709 16 -5179.908433294663
sc3imsm 581687 12 -41606.956687866434
sc3em2 814790 13 -51339.39536222684
sc3iml 140212 14 -3144.3396323160105
IMism 330762 8 -2878.6075721572747
IMisc 307905 11 -8389.582795926119
IMisc2sm 133894 11 -2910.474267257788
sc3iemsm1 10117 16 -24386.222196893817
sc3imlsm2 165033 16 -2897.619541952635
sc3ieml 304383 14 -4761.200478248521
IMiscsm 885539 9 -3050.442243875669
sc1sm1 542603 7 -5149.104956237666
sc3iemlsm 328568 12 -3333.998478308556
sc3iem 559337 14 -61629.076044060464
IMsc2 247058 10 -3388.1629160029493
sc2elsm 590994 7 -6878.8513064436065
IMisc2 854143 13 -3183.416923572464
IMsc 85921 8 -3377.265592294765
sc2esm 375837 7 -10084.315151100118
sc1ns 573488 2 -11770.340227812936
IMns 302920 3 -11636.351358330337
sc2ns 42027 4 -17056.100743063136
IMscns 345531 4 -12031.676769063333
sc1nm 104965 3 -4362.46790255788
s2msm 847372 4 -3415.799250408128
sc12nm 769246 8 -44411.297411743915
sc11nm 496072 5 -4656.250932993257
sc21nm 459962 7 -3619.605248121655
sc11sm 985167 6 -3276.9569280343467
IMnm 947567 5 -4296.421965596351
sc11 478824 7 -3275.649022357316
s2m 686521 5 -3401.7964407654613
sc3ns 340029 6 -12374.229282680875
sc2e 2956 8 -49995.98441549554
sc2esm 383156 7 -23939.555027867264
sc1esm 81185 5 -67905.98860432477
IMscnm 991212 6 -4412.1058005569685
sc1lsm 628093 5 -6581.588527437478
sc2el 841735 8 -2771.070335243235
s2mismB 750189 7 -3147.24001666925
sc1l 699251 6 -5224.479090103393
sc2sm1 353436 9 -2736.762048585868
s2mi 243132 8 -3126.681291009389
sc1 573862 8 -3667.032647714531
sc1iesm 410800 7 -48329.524803424574
sc2lsm 644675 7 -7977.885300849117
sc3elsm 980939 10 -3288.047376856528
sc3l 393620 11 -3516.712172120201
sc1ie 803082 9 -55421.695060005586
sc3emlsm 583168 10 -2752.171836460146
sc2ilsm 735934 9 -4541.54885549289
sc2elsm 81915 7 -2782.190941105452
sc3lsm 699923 10 -2918.1663308835537
sc2iel 245067 11 -2535.630959186768
sc1sm1 78259 7 -5133.7964709752705
sc3el 922261 11 -2743.7645654862895
sc1ilsm 815661 7 -6416.393671863191
sc3ml2 317659 13 -2740.760071346541
sc3eml 163180 11 -2856.7017410486524
sc2iesm 824083 9 -7968.032597959264
sc1il 456858 9 -3108.3842886767
sc2il 951915 11 -2641.5907006351645
sc12ilsm 437650 11 -2670.830742841599
sc12il 315022 13 -19087.80542809651
sc12iml 303504 13 -2515.954125587559
sc3iesm 756061 12 -58419.07463583171
sc2ielsm 113432 9 -3288.263384434287
sc3el2 665942 13 -2898.705573085203
sc12imlsm 536692 11 -2550.932276538588
sc3emsm 164223 10 -47132.856509451965
sc3iemlsm 981087 12 -2533.066964943745
sc2ie 417377 11 -21546.285595452777
sc12imlsm1 562859 15 -2533.6788024699367
sc1sm2 512490 7 -3295.2790432685624
IM 28209 7 -2993.3377570854595
sc3il 837754 14 -2542.7897190131025
sc2ielsm2 452248 13 -9970.710509082992
sc2ielsm1 945982 13 -6712.147753606328
sc3ie 460618 14 -61606.82462146175
sc1ielsm2 459421 11 -3240.482255398978
sc1ielsm1 248837 11 -3090.380366757321
sc3ilsm 665304 12 -2862.5160184400643
sc2 709533 10 -3528.1018910549956
sc3esm 604868 10 -11947.377657797875
sc3imlsm 772572 12 -10562.566589414851
sc3ielsm 995577 12 -3402.9573221159876
sc12imlsm2 646960 15 -2510.596746556833
sc3iel 481312 14 -2647.5729453522367
sc1i 41329 13 -3108.3606444342563
sc3iemsm 400961 12 -4162.13023399841
sc3im 214526 14 -4771.064586757093
sc3iemsm1 377152 16 -12302.347178854216
sc3ieml 925100 14 -2568.872111221487
sc3msm 750487 10 -21996.775924793386
sc2i 329612 15 -2668.461051646214
sc3iem 67830 14 -72805.96881224023
IMsm 269978 6 -2997.5269181874373
IMscsm 89277 7 -2947.671172631408
IMsc2 830967 10 -4151.028726991982
sc3imlsm2 194950 16 -2849.4671300649557
sc3ielsm1 280630 16 -2991.6405219402836
IMsc 738888 8 -2892.2219948444304
sc3em 593302 11 -3303.07623303722
sc3iml 808640 14 -3362.149785007996
sc12imsm 220223 11 -49837.78555827315
IMisc 223907 11 -2629.459497407085
IMi 72725 10 -2749.6304656910434
IMisc2sm 326322 11 -2539.022038951203
sc3iemsm2 926924 16 -2883.2050429646984
IMiscsmB 592815 10 -2652.1899848841736
sc3ielsm2 451523 16 -3131.1072931840545
IMism 158214 8 -4553.875329291871
sc1e 45764 6 -16772.24353716568
sc2l 295363 8 -5816.570263905294
IMisc2 962529 13 -2533.258028271105
sc12im 598697 13 -42117.60523720369
sc3em2 447608 13 -38366.7871897885
sc3imsm 706819 12 -39805.05359805153
sc3mlsm 360048 10 -2919.495393349073
IMsc2sm 304275 9 -3026.7338946697887
sc3imlsm1 214139 16 -2944.289381900789
sc3ml 697621 11 -7863.5466613605895
IMiscsm 700642 9 -3006.0427381539557
sc1ns 48953 2 -11770.340195346691
IMns 901751 3 -11636.351331295795
s2msm 751757 4 -3415.7992828845468
IMscns 410121 4 -11467.386856456584
sc11sm 773890 6 -3275.1836539534515
sc11nm 74233 5 -20681.704706733417
sc3ns 30387 6 -11466.202693768695
sc1nm 134180 3 -4362.469603042261
sc2ns 843509 4 -17056.100743063103
sc21nm 709700 7 -14704.466154303198
sc1lsm 512553 5 -3313.93356839821
sc12nm 288471 8 -22260.97679110502
sc11 406350 7 -3474.7974255776444
s2m 596458 5 -3402.1330056804886
sc2l 56181 8 -3634.6193655347815
IMscnm 927401 6 -4295.7375160416905
sc2lsm 740370 7 -3029.523264072143
sc1l 848549 6 -3743.918429077489
sc2e 453644 8 -36039.24460764293
sc1esm 805743 5 -3648.9188567776155
sc3em 476960 11 -2749.059548896865
sc2sm2 506253 9 -5165.477028790989
IMnm 136489 5 -4296.421965706388
sc1sm2 451246 7 -3310.315193331014
sc1ilsm 557906 7 -3019.7307638477705
sc2sm1 624313 9 -9015.713604675575
sc1 570407 8 -10941.533258357096
sc3el 685706 11 -2784.5481143244447
sc2 769289 10 -2818.53037851533
sc1iesm 86979 7 -20531.13379246103
sc3e 981973 11 -67145.85022122717
sc2el 519475 8 -2770.9988045632995
sc1e 673568 6 -5036.390764129289
sc2il 797566 11 -2975.0150075602087
sc2ielsm 483081 9 -2521.769501629847
sc2iesm 969122 9 -6745.589686021313
sc3emlsm 827015 10 -9629.850865050623
sc12im 159975 13 -6852.337497975072
sc12il 976793 13 -2554.716698350391
s2mi 131132 8 -3121.242790832833
sc3elsm 299807 10 -2848.3993590859004
sc12imsm 12813 11 -44900.10047431324
sc1il 961794 9 -3071.0555084827865
sc1sm1 846277 7 -4973.9984152847355
s2mismB 437949 7 -3114.8947783902577
sc3m 580768 11 -4396.873585030606
sc3emsm 193759 10 -14773.351992064181
sc1ielsm1 845426 11 -3096.907385885612
sc2ilsm 202162 9 -2716.469711898535
sc12ilsm 46740 11 -7932.811307952252
sc3iesm 3788 12 -32067.927213419563
sc1ielsm2 598031 11 -3597.9799129813723
sc3imsm 127748 12 -35575.22796306554
sc3lsm 505180 10 -3940.5959237725806
sc3il 92967 14 -34134.52788751068
sc3ilsm 627700 12 -9347.09563782434
IMscsm 190237 7 -2947.6738458055233
sc3im 856664 14 -36710.57243648832
sc3ielsm 153894 12 -2591.5056124731914
sc12imlsm 608605 11 -2563.2800032844725
sc2ielsm1 460266 13 -4997.830415105876
IMsm 369367 6 -2997.527263652787
sc12imlsm2 261275 15 -3165.92133033138
sc3ielsm2 123362 16 -14932.416640305488
sc2ielsm2 311157 13 -3941.6108839950193
sc3imlsm 297631 12 -2617.439809599783
IMsc2 756123 10 -2760.2841380719756
sc3ieml 755811 14 -3095.4354593659514
sc1i 761025 13 -3019.31067888326
sc2i 741796 15 -3327.625213180453
sc3iel 885686 14 -3218.262766433536
sc3iemsm 801156 12 -15714.321709865178
sc3iml 575782 14 -3103.772783233022
sc3imlsm1 805753 16 -16499.76940821538
sc3imlsm2 407158 16 -7705.123580367812
sc3el2 529099 13 -4542.941570027949
IMsc 562498 8 -2892.2221697087043
sc3eml 424341 11 -3206.6916158176227
sc3iemlsm 876057 12 -4437.2660079453935
IMsc2sm 960125 9 -3267.66347191918
IMi 854321 10 -2749.604614459621
IMism 521647 8 -9920.483771459598
sc3iemsm2 483817 16 -17663.619859264672
IMiscsm 34044 9 -2633.1849362937396
sc12iml 635451 13 -2913.138840740378
IMiscsmB 836856 10 -2631.1103857556523
sc3iemsm1 945964 16 -51187.00454632424
IMisc 214902 11 -2628.4466887371746
sc3iem 215604 14 -31284.220746084768
IMisc2 742733 13 -2913.1202174246528
sc2esm 966381 7 -39494.60527700602
sc2iel 254943 11 -2951.253747966305
sc3l 793871 11 -5124.42370895533
sc12imlsm1 310149 15 -5257.666833861486
IMisc2sm 922053 11 -3734.0246332985676
sc3esm 406035 10 -50819.74918851101
sc3ie 337299 14 -36855.74023747142
sc3ielsm1 259223 16 -3229.339334986642
sc3em2 284110 13 -52819.42770235379
sc2elsm 952077 7 -3949.7584405658254
sc1ie 498312 9 -39428.768632145264
IM 217030 7 -3156.891261785862
sc2sm2 964018 9 -11567.355155950667
sc3m 264592 11 -11773.848182136111
sc3msm 131101 10 -2940.2297577028617
sc3l 239837 11 -3695.2113357522067
sc3ml2 202118 13 -2736.406266197759
sc3e 340800 11 -32168.878048528746
sc3ml 664895 11 -3016.742059174215
sc3ieml 359907 14 -2561.1400429626974
sc3il 407629 14 -3275.0443076883753
sc2ielsm2 26847 13 -3192.571746495192
IMiscsmB 513909 10 -20803.278655633443
sc3e 490849 11 -50513.893400627836
sc2ie 780686 11 -29187.203910511846
sc3mlsm 815169 10 -6686.027930051922
