IMns 98884 3 -24033.72022640057
IMscns 125546 4 -24033.690083641493
sc1nm 220947 3 -3008.6588089299203
sc1ns 695085 2 -24056.5993470845
sc11 856318 7 -1508.9123878104006
sc2el 898465 8 -1349.609224501693
sc3ns 757333 6 -26287.03030136245
sc2ns 923969 4 -26287.02996799534
sc21nm 472414 7 -2877.530197935865
IMscnm 619819 6 -2802.484915340688
sc2lsm 813914 7 -1562.6385721696965
sc2l 402099 8 -1344.0537894651227
sc1sm2 955983 7 -1498.5624340121076
sc2sm2 389127 9 -1410.5373215309696
s2msm 495916 4 -1715.6397413095908
sc11nm 880048 5 -2496.7504991847877
sc1sm1 332504 7 -1485.4824540719146
sc11sm 758203 6 -1711.033540091134
IMnm 391964 5 -2801.856747891591
sc1 513103 8 -1468.8885714037642
sc2sm1 140691 9 -1344.1044727305905
sc1lsm 333748 5 -1683.9772159682523
s2m 492869 5 -1514.087872616203
sc2elsm 597669 7 -1537.525879091375
sc3m 644681 11 -1401.3867681686058
sc1l 579515 6 -1460.6504594340656
sc2 238866 10 -1346.1777550357792
sc12nm 949933 8 -2795.6631260427775
sc1iesm 785675 7 -5977.429907812269
sc3em 239283 11 -1368.4207954469061
sc3ml 582381 11 -1322.2118213243657
sc2ilsm 968870 9 -1088.802127968841
sc1ilsm 497343 7 -1307.9423723787033
s2mi 350376 8 -1131.3225296272262
sc1esm 129715 5 -2424.9976047189093
sc2iel 547049 11 -952.6414447959041
sc2iesm 104839 9 -6613.276870716324
sc3emsm 237304 10 -2009.8948121915937
sc3elsm 260339 10 -1544.0295542246424
sc3l 135984 11 -1342.704044812715
sc2ie 737251 11 -12042.313479261744
sc3el2 506124 13 -1347.1978173755597
sc2ielsm2 718288 13 -947.1841386923799
sc3msm 481801 10 -1672.569809771824
s2mismB 369396 7 -1145.3350180274858
sc3lsm 740645 10 -1935.5885850251784
sc1ielsm1 881937 11 -1130.6453995065053
sc12il 5354 13 -956.3254404557408
IMsm 749353 6 -1523.9613028819954
sc2ielsm 615669 9 -1423.1810529765037
sc12ilsm 708377 11 -1086.3143018763876
sc12iml 341682 13 -3816.6495560763733
sc3eml 883300 11 -1318.897882352228
sc3ilsm 278058 12 -1094.7658452686674
sc12imlsm 657000 11 -1619.6136145118444
sc3imlsm 521565 12 -1042.8810193805077
sc3iesm 443570 12 -89010.04080822083
IM 36383 7 -1326.4893921516446
sc12imlsm1 690860 15 -4634.981521122809
sc2i 85114 15 -960.7791535350686
sc3il 424834 14 -2331.2158023019656
IMscsm 903587 7 -1523.9481526119778
sc12imlsm2 953229 15 -1123.896575288707
sc3ie 736045 14 -16929.910677134565
sc2il 911700 11 -971.1539660039066
IMsc 646074 8 -1325.0982038819488
sc1i 178798 13 -1136.2707771735556
sc3iml 58265 14 -999.5509986331126
sc1ielsm2 800414 11 -1320.7930478365774
sc3ieml 173585 14 -933.1776275066482
sc3iemlsm 656563 12 -1100.8214884910299
sc3im 605754 14 -3984.605574630622
IMsc2sm 342135 9 -1524.2260962674702
sc3imlsm2 194686 16 -968.9829992575943
sc3iemsm2 196468 16 -16840.806448523956
sc3mlsm 112090 10 -1529.8492577712234
sc3ielsm 83093 12 -1089.3727257997575
sc3iel 704118 14 -2764.9883200856693
sc2esm 503455 7 -2417.245998098302
sc3ielsm1 356694 16 -1006.5999585197687
IMsc2 18197 10 -1325.4176512583517
sc3iemsm1 41427 16 -9053.731958931347
sc1e 127842 6 -2412.633633667042
sc3el 663333 11 -1347.937440177216
sc3iem 83615 14 -7640.349952796322
sc3imlsm1 613408 16 -962.5683675049636
sc3ielsm2 679072 16 -1110.085942370281
IMi 750439 10 -3000.800230380656
IMisc 814059 11 -941.5322757238598
sc2ielsm1 40066 13 -1232.2595140687686
IMiscsm 265070 9 -1072.9092091221262
sc2e 111446 8 -2529.7188013461628
IMisc2 164045 13 -938.282961641107
sc12im 657906 13 -4907.693817291207
sc3iemsm 937069 12 -40367.79006130656
IMism 422930 8 -1058.3663737221868
IMiscsmB 885624 10 -1020.9443701217134
sc3imsm 204517 12 -17228.800204355462
sc1ie 188242 9 -7265.226066577053
sc1il 556177 9 -2102.2129443908752
sc3ml2 137541 13 -1549.6807976234113
sc3em2 468042 13 -1414.7818625336854
sc3esm 202182 10 -19708.17438522567
sc3e 149697 11 -21606.6447646591
sc12imsm 528635 11 -6584.303859423997
sc1ns 432883 2 -26287.03034567058
IMscns 835356 4 -24025.50386109398
IMscnm 703581 6 -2803.092542752996
sc1nm 672171 3 -3008.6588023181016
sc11 323623 7 -1503.0469129039816
sc2e 612682 8 -1534.1414769988905
sc21nm 302146 7 -8589.164089901666
sc2ns 166256 4 -26287.03019467134
sc2l 581384 8 -1348.4986597332058
sc2elsm 638560 7 -2137.2106456448396
s2msm 883330 4 -4339.711832072565
sc11nm 920124 5 -3008.8164206629117
sc12nm 825605 8 -2940.8953468879613
sc2esm 985746 7 -3010.7734933895235
sc11sm 956303 6 -1715.307321996821
sc1lsm 395928 5 -1683.9771662795633
IMnm 122490 5 -2801.8564119851803
s2m 777364 5 -1514.0877714030999
sc1il 683188 9 -1102.1676256547635
sc1sm1 217978 7 -1462.9740589222135
sc2 386392 10 -1342.8189565696202
sc2ielsm 378206 9 -1080.5535426141414
sc3el 94316 11 -1344.673788447918
sc1l 508431 6 -4117.134387935399
sc2ilsm 207966 9 -1087.7294038279545
sc1ie 836571 9 -10424.00395646092
sc2lsm 534254 7 -1605.5522055226643
sc2sm2 629451 9 -1523.4101795241647
sc3em 996591 11 -1342.8432754664295
sc12ilsm 473468 11 -6015.293327671984
sc3esm 239899 10 -18276.205541772957
s2mismB 434402 7 -1145.3362941414866
sc3eml 200742 11 -1351.9945054206682
sc3mlsm 639220 10 -8204.230020439943
sc2iesm 459385 9 -3700.068119199865
sc2iel 79428 11 -10328.136293930174
sc12imsm 597924 11 -6283.75505438602
sc2sm1 964700 9 -1344.0734734619002
sc12il 652434 13 -3580.8334171115844
sc1iesm 163848 7 -1508.7597693257458
sc3em2 400639 13 -1465.2031478127246
sc3ml 720274 11 -1327.6933845298204
sc3ml2 929046 13 -1813.5522317545244
sc1ilsm 670304 7 -1307.9321530226748
sc12iml 403653 13 -951.8563091025846
sc1 462879 8 -1514.2654795649269
sc2el 988100 8 -2457.8824182128064
sc3l 595864 11 -1745.3504795019062
sc2ie 224222 11 -1149.6041839867469
sc3m 169825 11 -14359.558047141178
s2mi 347330 8 -1121.6961007647355
sc2il 856149 11 -1528.2150798744567
sc3ns 896480 6 -24141.765482695264
IMsm 934601 6 -1523.9552420075006
sc2ielsm2 931530 13 -2517.040667137034
sc3iel 460466 14 -950.8904154806453
sc1sm2 499386 7 -1728.317406874534
sc2i 475463 15 -932.4098686080183
sc3im 878742 14 -127225.47979358272
sc12imlsm 447664 11 -4675.814231653707
sc1ielsm2 773295 11 -1325.1009072971672
sc3ilsm 758843 12 -2100.9022910501003
sc3imsm 455780 12 -3300.2999898941853
sc12imlsm2 754494 15 -1048.378911291217
sc3iem 118946 14 -14952.408064572182
IMscsm 77235 7 -1524.2482794297316
sc1i 811150 13 -1209.8497377814506
sc3el2 237577 13 -1343.648747973011
sc3iml 242726 14 -1945.5855515750955
IMsc2sm 877187 9 -1523.390394974991
sc1ielsm1 242742 11 -1123.0582075676457
sc3iemsm 755252 12 -10150.911128213538
sc3msm 728989 10 -16772.76365686419
sc3ieml 75677 14 -927.5430099585622
sc3imlsm 625937 12 -1207.861285268907
IMsc2 126265 10 -1323.5966096205918
sc12imlsm1 915809 15 -1438.4271715108741
sc3ie 219266 14 -5878.503209876859
sc3iemlsm 194863 12 -4623.629868108693
sc3iesm 792143 12 -13797.319458273187
sc3ielsm 600440 12 -1134.7435875885103
sc3imlsm1 31772 16 -996.9372298010977
sc3iemsm2 602949 16 -4015.833225309918
IMns 51340 3 -26289.40558314804
sc3emlsm 917976 10 -3334.3751643810106
IMsc 233597 8 -1325.7048145775502
sc3ielsm2 315982 16 -1029.8721864784115
IMism 635588 8 -1058.3718456781303
sc3il 352425 14 -2117.858442559049
sc2ielsm1 134993 13 -1020.5963533424381
sc3emsm 195690 10 -5905.76816874733
sc3lsm 993524 10 -1690.4167361138507
sc1esm 517730 5 -17682.79309951762
IMiscsmB 654436 10 -993.5683209125117
IMisc2sm 578245 11 -1051.1128074138483
sc3iemsm1 282777 16 -47394.34457402691
IMi 571648 10 -942.8826268080911
IMiscsm 903659 9 -1858.6039483111347
IMisc2 946469 13 -934.6140059728896
sc3elsm 307724 10 -2425.130431341519
sc3imlsm2 867765 16 -1132.0260401541707
sc1e 894165 6 -4053.821544316778
sc3ielsm1 987854 16 -1841.302788858687
sc3e 630102 11 -33013.40847669667
IMisc 248280 11 -1011.663022359244
sc12im 193041 13 -16758.542793228342
IM 529002 7 -1341.5890419607736
IMns 996575 3 -24033.746290728734
IMscns 298749 4 -24038.30699258033
sc1ns 629009 2 -26287.030328534613
sc1lsm 240106 5 -1683.9770828136884
IMscnm 676121 6 -2802.392733994204
sc1l 145744 6 -1460.6502039740858
s2msm 135260 4 -1715.6379133787846
sc2ns 548394 4 -24151.860213235017
sc11 328244 7 -1503.208321175915
sc11nm 181634 5 -2496.764324262335
sc1nm 572923 3 -3008.658812505698
IMnm 625935 5 -2801.8532238234434
sc2elsm 556881 7 -1538.4471727370255
sc2lsm 423413 7 -1562.2917320708516
sc2el 188516 8 -1357.1411075636388
sc21nm 40562 7 -3012.164648921189
sc2sm2 227096 9 -1526.3814361825137
sc2l 305003 8 -1347.8577145382228
sc11sm 110362 6 -1711.9741244910915
sc1 664784 8 -1542.7808924403857
sc12nm 319624 8 -2186.097075492189
sc2 526807 10 -1344.537509272801
sc1sm1 805493 7 -1460.8144386288354
s2m 567377 5 -1514.08600999687
sc2esm 725745 7 -1649.2623426408086
sc3mlsm 96210 10 -1518.5824722381292
sc1iesm 583604 7 -27986.374407054573
s2mismB 115346 7 -1148.6909745043886
sc3m 983827 11 -1982.6498387658241
sc2sm1 776474 9 -1343.6298443886103
sc1ilsm 908318 7 -1308.1079934951028
sc3emlsm 874057 10 -1629.3450796593856
s2mi 102572 8 -1121.9881624780255
sc3em 368904 11 -1337.3010724851179
sc3lsm 984528 10 -1561.475873403997
sc1il 962268 9 -4962.2491220582015
sc3ml 137460 11 -1321.955286362312
sc1esm 168310 5 -1716.0552286967663
sc2il 644761 11 -955.9441444504048
sc2e 237114 8 -2164.2923589422135
sc1sm2 604648 7 -1718.9294122332915
sc2ielsm 117582 9 -1084.7453036805161
sc2iesm 261007 9 -1167.6936450510484
sc12imsm 499858 11 -7579.443690675408
sc3ns 142991 6 -24167.441538634055
sc12imlsm 325471 11 -1093.2095885984088
sc2iel 569635 11 -996.3761981767764
sc2ie 346951 11 -17934.28168433435
sc12il 76221 13 -12763.842344443114
sc1ielsm1 940178 11 -1130.8914492160009
sc1ielsm2 143742 11 -1294.0326787259683
sc3ml2 630416 13 -1313.6914745513368
sc12ilsm 821318 11 -3643.108957905589
sc2ielsm2 285903 13 -946.6042690575177
sc3esm 482135 10 -67184.13722124879
sc2ielsm1 906324 13 -947.9718672463387
sc1i 266205 13 -1121.6976969072496
sc1ie 470673 9 -3859.9188574710006
sc3iel 512953 14 -951.0699937944908
sc3ie 741774 14 -18031.813218049243
sc3el2 379766 13 -1346.9778752196696
sc12im 492394 13 -11196.144828840654
sc3ielsm 916222 12 -8589.355406718283
sc12iml 672377 13 -985.5749392925647
sc2ilsm 411086 9 -1087.1508641608314
sc3imlsm 904372 12 -6619.188986959712
sc12imlsm2 103378 15 -1058.7077361606805
sc3iesm 2816 12 -69541.44562032071
sc3el 309949 11 -1348.5821268848235
sc3im 444329 14 -10385.544226780039
sc3iemsm 351281 12 -4264.770571470905
sc12imlsm1 112271 15 -1003.9627959219291
sc3emsm 868029 10 -4037.17390599144
sc3iemlsm 944422 12 -1040.5512469146915
sc3ilsm 211153 12 -1135.6248919582563
IMsm 574297 6 -1523.9540387600377
sc3iem 190256 14 -10160.298663063008
sc3eml 797522 11 -1350.575071853853
sc3iemsm2 596899 16 -49529.20886197153
sc2i 235401 15 -949.3119487578667
IM 204159 7 -1326.1523662086101
sc3il 801983 14 -1147.8689773309309
sc3ielsm1 445530 16 -1018.2292167330739
sc3ielsm2 237706 16 -1620.3157731582567
sc3imlsm2 57689 16 -1036.6644734041743
IMsc2 535404 10 -1856.6401828501698
IMsc 518290 8 -1324.6260074488105
sc3e 185512 11 -25209.633311437443
sc3imlsm1 689357 16 -1193.0004076640548
IMi 271258 10 -947.6754675382622
sc3iml 971235 14 -1898.3049543114641
IMiscsmB 759653 10 -953.7004076281358
IMiscsm 36480 9 -1069.6675959559652
sc3l 627650 11 -2978.237093472275
IMisc2sm 674067 11 -1053.7846455600709
IMism 291669 8 -1058.3776490078944
sc1e 187741 6 -2652.295408449826
IMisc 940635 11 -1407.4744747027794
sc3msm 493372 10 -18460.37387508886
IMsc2sm 923146 9 -1523.351348187536
IMisc2 191045 13 -997.1784940313357
sc3imsm 740755 12 -2396.960028609331
sc3elsm 386514 10 -2733.1798910343705
sc3ieml 161166 14 -1129.2252333856266
sc3iemsm1 466519 16 -7685.150079108303
IMscsm 364125 7 -1617.3358225963188
sc3em2 928095 13 -18995.924428097733
sc11 370359 7 -1503.7175950005994
sc1nm 369135 3 -3008.658812851912
sc1ns 925478 2 -24056.599626314128
IMns 605908 3 -24033.707011079176
IMscns 604843 4 -24033.685426332657
sc2l 118888 8 -1344.9122277566348
sc11sm 371884 6 -1715.6819113449283
IMscnm 937547 6 -2804.8591747723167
sc2ns 193812 4 -24107.771353870714
sc11nm 910809 5 -3008.1500716013243
sc1esm 92348 5 -1762.6606066176073
sc2lsm 78801 7 -2175.4073690398636
sc3ns 561948 6 -26287.030311088685
sc1lsm 350658 5 -1683.9766363109943
s2mismB 656200 7 -1242.0256090488162
sc3lsm 896430 10 -1560.418568915152
IMnm 19690 5 -2801.8567532595634
sc2e 402995 8 -28839.495386987244
sc2 633782 10 -1336.9513995138036
s2msm 689773 4 -1715.6376404801008
sc2el 977979 8 -1349.021757186822
sc2esm 741878 7 -1778.3123746527099
s2m 629383 5 -1514.0883641063779
sc3mlsm 105168 10 -1685.426179976278
sc1sm2 931726 7 -1609.8117277771767
sc2ielsm 881314 9 -1086.1965322014912
sc3emlsm 651494 10 -1521.9785135681586
sc2sm2 80962 9 -1419.4679900979781
sc1l 889180 6 -1460.6502045712164
sc1sm1 984394 7 -1460.6565117756581
sc2sm1 382039 9 -1351.1665876773086
sc1e 697781 6 -1559.4502115029045
sc3elsm 792207 10 -1535.1229945424243
sc3m 551099 11 -1850.9565179608117
sc12nm 625471 8 -3115.758943017061
sc12ilsm 528979 11 -1095.291654211331
sc1il 173731 9 -1108.0226769071498
sc2elsm 990686 7 -1537.0839811942524
sc1iesm 640198 7 -64854.376212901225
s2mi 267795 8 -1523.0414111448333
sc2ilsm 468070 9 -10388.564941748877
sc3l 666084 11 -2364.8808750117155
sc3em 633341 11 -1355.3550897739428
sc1ielsm1 272434 11 -1172.3477142659954
sc1ilsm 317992 7 -1307.9291690248874
sc2il 465151 11 -986.6402493294404
sc1ielsm2 976817 11 -1207.737252600313
sc3iesm 86677 12 -9566.34247027127
sc2iesm 75399 9 -7009.726716243207
IM 248408 7 -1325.7301216267542
sc1 59949 8 -4116.929381650786
sc2iel 747736 11 -951.9639012039918
sc12imlsm 161359 11 -3025.0333361297717
sc3el 209612 11 -1532.3309310628579
sc12il 268135 13 -988.3682383746991
sc3eml 774168 11 -1677.6481299736865
sc12im 413020 13 -10130.738019058772
sc1i 185009 13 -1187.6581888881642
sc3el2 381030 13 -3545.9042472609603
sc12iml 307136 13 -1001.4047046874575
sc3imlsm 866776 12 -3555.838161440788
sc3im 637579 14 -27591.10534980528
sc12imlsm1 20982 15 -1025.6716359766524
sc3ielsm 636478 12 -6395.518998178204
sc3em2 854588 13 -2902.1737167288848
sc3iel 849117 14 -948.1162380897531
sc3ilsm 192014 12 -1100.751844586613
sc3iem 834298 14 -6458.471693930509
sc3ieml 603993 14 -952.1916613076799
sc2i 963998 15 -943.2246594816855
sc3msm 987626 10 -4789.88171427425
sc3ml 997373 11 -1316.137462912091
sc21nm 867691 7 -24479.49131401846
sc3il 128492 14 -968.7439153359778
sc3ielsm2 863676 16 -2679.076206547997
IMsc2sm 103894 9 -1523.7018629552963
sc12imsm 408953 11 -2201.193880382456
sc3ielsm1 820990 16 -943.0248565294518
sc2ie 438199 11 -41291.09017666709
sc1ie 141894 9 -3630.811980415252
sc2ielsm2 180596 13 -1030.6526669519085
IMscsm 376451 7 -1524.0478280926632
IMsc2 480705 10 -1343.572816544182
IMsm 891759 6 -1523.955798098297
sc3iml 233435 14 -1893.5928064666473
sc3imlsm1 251186 16 -1118.16005874953
sc3imlsm2 290366 16 -993.3890723683907
sc3iemsm2 945297 16 -10982.700257419165
IMism 843211 8 -1058.3703897696564
sc3e 230294 11 -17484.876429091808
sc3imsm 248243 12 -13944.46430586166
sc12imlsm2 536434 15 -1402.0543760264804
IMi 2298 10 -942.8149269752864
IMiscsmB 643917 10 -1107.90599897539
IMiscsm 535735 9 -2652.7911674975685
sc3ml2 101681 13 -1525.7478669182833
IMisc2 803018 13 -937.2355310117716
IMisc2sm 388139 11 -1133.8716720665457
IMisc 728305 11 -2926.3852136473633
sc3emsm 539918 10 -3296.6710761639733
sc3esm 109812 10 -56063.32407384306
sc3iemsm 397305 12 -6811.875889627872
sc3iemlsm 83878 12 -1217.1186307649853
sc2ielsm1 941975 13 -2043.182285733331
IMsc 124936 8 -1341.6524953342803
IMns 979496 3 -24033.731464467015
IMscns 668635 4 -24034.065522584344
IMnm 499867 5 -2801.8567584315865
sc1ns 204609 2 -24056.59962989747
sc1nm 779606 3 -3008.658640233836
sc1l 581516 6 -1460.6505651678717
sc3ns 183024 6 -26287.030207759133
sc2esm 633083 7 -1610.0241174520568
sc11nm 516454 5 -3007.757332842324
sc21nm 664774 7 -2330.268389731562
sc2elsm 259568 7 -1537.172489484563
sc2ns 171465 4 -24069.52689852473
sc11 681843 7 -1502.9086767321237
sc11sm 101975 6 -1715.9000404579801
IMscnm 979737 6 -2806.412233689687
sc12nm 549839 8 -3235.155042938725
sc1ilsm 495227 7 -1307.9333944836803
sc2 103077 10 -1364.3813491153855
sc2el 469425 8 -3528.885499966817
sc2sm2 772828 9 -1395.8746396839754
s2msm 124292 4 -1715.6399574852971
sc2lsm 681834 7 -3580.992392132822
sc1 17322 8 -1460.7131508725479
s2m 995213 5 -1514.0884200701107
sc2e 589934 8 -11962.714873302728
sc2l 443467 8 -1343.946296159565
sc2sm1 120989 9 -1420.742442881332
sc1sm1 674329 7 -1460.675877390103
sc1lsm 704767 5 -1683.9772157849661
s2mi 263602 8 -7950.401946768703
sc1il 31551 9 -9809.615080582587
sc1esm 170712 5 -1774.4685144205691
sc3lsm 871762 10 -1555.0691676901356
sc1iesm 719953 7 -1327.8219402483792
sc3el 350060 11 -1348.5113197524395
s2mismB 469420 7 -3237.112267404952
sc1sm2 670982 7 -3194.4240670576155
sc12im 844063 13 -4260.023152958168
sc3emlsm 905492 10 -1535.6096269582852
sc3elsm 308813 10 -1534.9671140574624
sc2il 535613 11 -967.8349778758046
sc12ilsm 211508 11 -1157.963536555488
sc1ie 603182 9 -7612.890499351612
sc1i 959497 13 -1131.3780976822154
sc2ilsm 475329 9 -2626.7028945394823
sc3eml 599299 11 -1327.2174184493654
sc2iel 810835 11 -950.0556788267531
sc12imlsm 934999 11 -1074.9061791032698
sc12imsm 913877 11 -8066.920863212635
sc3em2 139934 13 -2045.2682563331432
sc3iesm 970119 12 -23730.968747546503
IMsm 290289 6 -1523.957369719386
sc1ielsm1 382517 11 -1113.3774191084856
sc12imlsm2 180425 15 -11610.08039082728
sc2ielsm2 211609 13 -947.0078068530986
sc12il 917926 13 -988.0035047462197
sc2ie 407631 11 -24119.59992123344
sc3em 426586 11 -1350.4247535536151
IMsc 69585 8 -1323.7188126440542
sc3ml2 937621 13 -2441.916304629669
IM 514679 7 -1325.896362678755
sc2ielsm1 623827 13 -1078.2182735274487
sc12iml 334837 13 -964.2658334069308
sc3ieml 518731 14 -930.6128227511829
sc3iml 592319 14 -938.7565250123336
sc3ielsm 808193 12 -1088.9151275836257
sc3ielsm2 495672 16 -946.6365169066376
sc3imlsm2 912782 16 -953.3092276570231
IMsc2sm 644568 9 -1523.660528786154
sc3iemsm 225950 12 -1054.6710644985365
sc3m 918355 11 -11201.987920830788
sc2i 470507 15 -947.3950734545601
sc1e 145543 6 -25481.47354506948
sc12imlsm1 35198 15 -973.4444145159564
sc3im 816851 14 -1031.7248136329213
sc3iem 834783 14 -948.9123519541604
IMscsm 946073 7 -1523.9374066514474
sc3ielsm1 533703 16 -3438.142901735291
sc3iemlsm 416123 12 -1102.617841273901
sc3il 807105 14 -962.9179959748519
sc3imlsm 572652 12 -1392.7966315956733
sc3el2 452212 13 -1343.4246468369156
sc3esm 286136 10 -13684.256017717249
sc3iemsm1 502236 16 -4055.855695583542
sc3iel 622282 14 -988.1525657049782
sc3imsm 926747 12 -2765.660817358572
sc2ielsm 541803 9 -1424.0081237356985
IMism 798660 8 -4024.9787182904065
sc3mlsm 971156 10 -1605.3803443127294
sc2iesm 673548 9 -3273.283962760079
IMiscsmB 354840 10 -956.4014644093361
sc1ielsm2 910008 11 -1254.7142877245412
IMiscsm 158505 9 -1087.7541045152955
sc3msm 616708 10 -3463.0185905513968
IMisc 235786 11 -946.5163678327765
IMsc2 52547 10 -1325.0817608673356
sc3iemsm2 365315 16 -6502.571530827314
IMisc2sm 237480 11 -1190.5122614836628
sc3imlsm1 675646 16 -1900.138300677517
sc3ilsm 562458 12 -1317.8771802021447
IMisc2 924128 13 -1200.6246742706426
sc3e 2235 11 -42879.81812329512
sc3ie 811027 14 -20105.87292150795
sc3ml 991639 11 -2190.5588292215407
sc3emsm 333513 10 -4675.516703331027
sc3l 282172 11 -1397.6489612409214
sc3ie 99196 14 -48067.098815959456
sc3iemsm1 741597 16 -48258.96237438267
IMi 971769 10 -938.7380263473672
sc3emlsm 64144 10 -4632.578509180273
IMisc2sm 294719 11 -1063.5197241795431
