sc1nm 607399 3 -2208.1425576860174
sc2ns 207717 4 -32142.832302999377
sc1esm 846182 5 -1326.6018435497583
IMns 831445 3 -32168.349061313802
IMscns 921687 4 -32169.096888953616
sc1ns 798357 2 -32141.16217877497
IMnm 894775 5 -2200.994594262817
sc1sm1 498853 7 -1321.3135697017315
s2m 70287 5 -1336.6826169321812
sc11nm 558376 5 -1867.6813721607425
sc11sm 11554 6 -1336.7375366189208
s2msm 515334 4 -1336.681480685193
sc1l 340906 6 -1336.7056599974508
sc3ns 142881 6 -32143.793941636806
sc11 472082 7 -1329.9978488354923
sc1lsm 563788 5 -1336.6804493722027
sc2lsm 986200 7 -1310.6330618695506
sc1e 220553 6 -2554.3266699268756
sc12nm 877472 8 -3579.9953299318113
sc2elsm 643756 7 -1302.5065312008
sc1iesm 29989 7 -25108.772668726197
IMscnm 154360 6 -2202.093511169162
sc2l 716914 8 -1878.9652441956819
sc3l 627808 11 -1307.2319082748354
sc1ilsm 479401 7 -1020.3407898301282
sc3elsm 521135 10 -3430.827466562242
sc2ilsm 813119 9 -1022.9981055557707
sc1ie 598937 9 -13633.73746720601
sc2el 64325 8 -1545.9627559507494
sc2sm2 476015 9 -1292.131719522798
sc3msm 515668 10 -1274.6962894239723
s2mismB 712298 7 -996.9031509614614
sc2iel 486840 11 -954.5029924945491
sc3el 395124 11 -1305.4178819392846
sc2sm1 953132 9 -1276.6232088311488
sc1ielsm1 143551 11 -973.7684475690218
sc1ielsm2 271563 11 -980.1234196168969
sc3emlsm 196067 10 -1855.4449175549835
sc3el2 511771 13 -1359.4366447574275
sc12im 933456 13 -963.3500174361764
sc21nm 829598 7 -2046.8298270669297
sc2ielsm 654839 9 -1007.997636404165
sc3em 262365 11 -1351.0780315808279
sc1il 577270 9 -979.6139576032377
sc2il 185450 11 -975.9212135727394
sc1sm2 111995 7 -1326.7779484924304
sc12il 769096 13 -2612.2740993653424
sc3mlsm 928839 10 -1308.6841925737258
sc3ilsm 688914 12 -1140.3625540581374
s2mi 323894 8 -973.870477816407
sc12imsm 368653 11 -2817.273206130254
sc3imsm 803414 12 -1009.9232830056865
sc2 16079 10 -1289.5725055439596
sc3ml 198039 11 -1392.8194834809897
sc12imlsm2 991223 15 -970.1124880863537
IMscsm 46608 7 -1303.0727464756947
sc3il 527990 14 -954.2421279760946
sc3iel 634707 14 -951.9082774862468
sc12ilsm 409840 11 -1019.19527809797
sc2ielsm2 187896 13 -994.7855809180575
sc3im 413757 14 -15896.73498668078
sc3iesm 690978 12 -4811.490161119782
sc3ie 609374 14 -14095.360619674788
sc12iml 419925 13 -979.2245797413544
sc3iemsm 417578 12 -1019.4119106182031
sc12imlsm 851419 11 -1021.1837332805625
sc3eml 914774 11 -2322.24331372735
sc1i 794269 13 -964.0040958986049
IM 9205 7 -1299.091881364203
IMsc2 171203 10 -1299.5248782328208
sc3imlsm 863232 12 -1081.5869039320658
sc3ielsm1 485056 16 -955.5194012846819
IMsc2sm 378063 9 -1321.0864970409275
sc3iemlsm 964676 12 -1030.9688528454208
sc12imlsm1 764035 15 -1037.4828643715634
sc3emsm 707338 10 -11468.577164113656
IMsm 159625 6 -1303.0380537233934
sc3iemsm1 797424 16 -2889.8240266247517
IMsc 611260 8 -1299.0906451907706
sc3esm 844525 10 -16247.683346161562
sc3iml 486520 14 -1371.0164180105512
IMism 39177 8 -1007.4523499976093
sc3em2 693131 13 -1836.139823405695
IMi 306889 10 -950.8008265981761
IMiscsm 604767 9 -1007.3580071152811
sc3ielsm2 640577 16 -1046.1825045594376
sc2iesm 959578 9 -16722.36365359548
sc3lsm 580988 10 -1352.3716801201865
IMiscsmB 814807 10 -978.9472595123856
IMisc 499177 11 -3920.625558582401
sc2e 886725 8 -1861.3252868369186
sc3ml2 650791 13 -1485.8493838214315
sc2i 207664 15 -990.6566211108918
sc3ielsm 1638 12 -1118.3527360135727
IMisc2 481186 13 -981.7310947932477
sc3m 875729 11 -1343.9154586080176
sc3iemsm2 376193 16 -38451.354178859525
sc3imlsm2 751598 16 -1151.6472214507812
sc1 740300 8 -1338.1823804851037
sc2ie 170291 11 -7426.622735571121
sc2ielsm1 563171 13 -1201.3664047275913
IMisc2sm 818915 11 -1377.5748139343214
sc3imlsm1 932739 16 -1078.328443844035
sc3e 744564 11 -10586.031014775104
sc2esm 621044 7 -2208.3113097605674
IMns 691031 3 -32168.363056964343
sc2ns 391852 4 -32144.898108190322
sc1ns 75782 2 -32141.162226473843
sc12nm 448698 8 -1718.0811334845614
IMscns 626873 4 -32168.108038086662
sc11 190857 7 -1336.9395775299922
sc1l 894228 6 -1336.6860359060033
sc11nm 797309 5 -1871.211476588961
sc11sm 83614 6 -1365.3039996982752
sc1lsm 983677 5 -1336.680356172908
sc2lsm 823294 7 -1369.537014633022
sc1nm 373023 3 -2208.1449913544307
sc2sm2 563282 9 -1326.2583498614893
sc1 475955 8 -1336.6812373176572
s2m 817396 5 -1336.6835507116919
sc1esm 433048 5 -1330.590987922701
sc1sm1 719220 7 -1332.607842544352
sc2elsm 37287 7 -1310.6451524810884
IMnm 77500 5 -2200.9937880563443
sc2l 169044 8 -1542.7477978335733
s2msm 559407 4 -1336.6738861053418
sc3ns 356633 6 -33463.9225336691
sc2e 144653 8 -20009.5285167286
IMscnm 42375 6 -2201.0772231471383
sc2el 54648 8 -1302.0256888910578
sc3emsm 790451 10 -1271.7155637079863
sc3l 337918 11 -1762.4406046213658
sc1il 578493 9 -988.9536510908231
sc1ilsm 814635 7 -1013.5826115543331
sc1ielsm2 103342 11 -1007.7904448941813
sc2sm1 749727 9 -1350.664262806491
sc3esm 989049 10 -27067.834748840894
sc3el 442616 11 -1305.8411364438862
s2mi 848547 8 -1034.2342698532311
sc1ie 518094 9 -984.7700241039902
sc3elsm 116610 10 -1310.8543110435228
sc2iesm 432247 9 -16849.396261155816
sc3e 758646 11 -6421.750837415671
sc3lsm 732415 10 -1601.3420314908076
sc21nm 891263 7 -1866.1181542346733
sc3el2 802309 13 -1287.2866239034377
sc1iesm 193220 7 -1020.912209546121
s2mismB 113125 7 -983.4275159849843
sc3mlsm 646973 10 -1308.8225623219746
sc2ielsm2 293379 13 -994.795613447551
sc3em 613866 11 -1310.4438873390218
sc12imlsm 293605 11 -1372.5094560402717
sc12im 387793 13 -962.4482216262833
sc2ilsm 955249 9 -1012.4925430472983
sc2iel 113766 11 -1017.6620300955209
sc12ilsm 621932 11 -1011.1411923014518
sc12imlsm2 473129 15 -984.8820673315215
sc1sm2 112899 7 -1339.1470070160053
sc3ml 149361 11 -1331.9213549829324
sc12il 987523 13 -12572.830730976755
sc3il 525548 14 -950.7288562818557
sc1ielsm1 734671 11 -969.9303887720002
sc2il 282384 11 -1021.1976794927415
sc2 862725 10 -1333.2465617542236
sc3iesm 532520 12 -6942.209383579351
IMsc 259466 8 -1299.1866974088457
sc12iml 270076 13 -1075.2709884336468
sc2ielsm1 249584 13 -975.8517968332994
sc3iemlsm 456024 12 -1002.8088996365715
sc2i 699317 15 -6571.792179904715
sc3ielsm 769293 12 -1368.350448843334
sc1e 544782 6 -1777.4514740359386
IMsc2sm 666161 9 -1302.8464168973474
sc2ielsm 218513 9 -1012.8055972011763
sc3ilsm 373103 12 -1186.413123314806
sc3iml 976779 14 -1137.1206665630812
sc3im 486043 14 -6898.3006111064215
IMscsm 127806 7 -8687.713376550324
sc2esm 649166 7 -25201.640948154145
sc3iemsm2 100313 16 -79316.16273797391
IMsm 586033 6 -1303.04409277664
sc3iemsm1 585454 16 -11156.710140869804
sc3imlsm 359242 12 -1063.059919461818
sc3imlsm2 937885 16 -2640.416560349427
sc12imsm 91439 11 -1686.4713617233647
sc2ie 989010 11 -1836.342925189762
sc3ielsm1 405050 16 -1103.8797710155968
IM 557801 7 -1299.0919211437272
sc3imsm 641703 12 -20644.26352464704
sc1i 55238 13 -1326.1738809447434
IMi 931109 10 -951.21676103229
sc3m 212022 11 -20685.429239105928
sc12imlsm1 493081 15 -1002.693691624401
sc3em2 239671 13 -7157.617466895095
sc3ieml 552134 14 -1187.521495806429
sc3ielsm2 512858 16 -1036.0236061455912
IMiscsm 404698 9 -1014.2311473672833
IMisc2sm 656401 11 -999.094458025414
IMism 983313 8 -1007.4414828423446
sc3ie 972279 14 -22796.787987598662
IMsc2 939397 10 -1707.7787656055334
sc3msm 875499 10 -1297.621710710929
IMisc2 941800 13 -966.4945954212076
IMiscsmB 432257 10 -977.0304158594605
sc3iemsm 429906 12 -12017.752310077984
sc3imlsm1 799296 16 -1367.2747780599746
sc3iem 189804 14 -1830.3202059510281
sc3ml2 653820 13 -1775.4920663211694
sc3emlsm 486637 10 -1399.1579466708142
sc3eml 970542 11 -1412.7456281689297
sc3iel 452360 14 -1587.8816687720832
sc1nm 294869 3 -2208.1450332816244
sc2ns 530326 4 -32141.121684474972
IMns 62773 3 -32141.22814498609
IMscns 811543 4 -32168.144060419254
sc1ns 762678 2 -33463.92561587418
sc12nm 718208 8 -2326.4287787426124
sc2lsm 211814 7 -1310.8148644700925
sc3ns 133602 6 -32145.1954759922
IMnm 571619 5 -2200.9947845883066
sc11 170686 7 -1339.0301314739957
sc2l 974263 8 -1306.6876620935404
sc1sm1 921211 7 -1388.2013200199956
sc11nm 839970 5 -1872.906187537412
sc11sm 919207 6 -3144.2372661175905
sc1lsm 27279 5 -1336.7050256474067
sc2sm1 56953 9 -1346.5393403591165
sc1l 247548 6 -1336.6876531804803
sc2elsm 586617 7 -1302.494130519246
sc2el 516759 8 -1324.9330286483869
sc1esm 458763 5 -1326.589023836224
s2mi 516815 8 -6141.1351207206335
s2m 488450 5 -1336.6816548458924
s2msm 192233 4 -1336.674562264523
sc2sm2 736573 9 -1328.6033574209423
sc1ilsm 930713 7 -1013.5960741257
sc1il 355831 9 -978.3470109578152
sc2iel 25892 11 -958.115323569556
sc3msm 239171 10 -1291.439242172615
sc2iesm 906252 9 -9234.494728073732
sc3lsm 238799 10 -1309.657978950386
sc1 826808 8 -1332.7916838757126
sc3ml 269103 11 -1336.6802346465965
sc12ilsm 646167 11 -1066.462084896326
sc3elsm 150119 10 -1770.9063585126482
sc2ilsm 800839 9 -1012.6003498912169
IMscnm 617948 6 -2200.995184898722
sc3mlsm 436332 10 -1307.4972960940952
sc3el 914179 11 -1359.2027922582542
sc3emlsm 849351 10 -1353.686496911564
sc2ie 568619 11 -15583.974680081566
sc3ml2 207421 13 -1318.301680493979
sc3eml 707787 11 -1302.060952608144
sc3iesm 297576 12 -18258.686402867024
sc1ie 408513 9 -18021.94639446862
sc12im 876559 13 -6792.691678875191
sc2 340033 10 -1340.457363520935
sc12il 193244 13 -983.8743042481723
sc12iml 667128 13 -989.4434529304273
sc3imlsm 269431 12 -1008.3659015593967
sc1i 618159 13 -7410.97369208666
sc1ielsm1 824830 11 -969.6932796410399
sc2i 822887 15 -955.4051671526727
sc3m 456466 11 -18325.3662214258
sc3ielsm 77994 12 -1009.5720052640486
sc3ilsm 139638 12 -1013.0853934677272
sc12imlsm 349709 11 -1004.4985566259335
sc3emsm 639612 10 -1564.8560757918249
sc1ielsm2 409440 11 -2563.7909625025304
sc12imlsm1 483039 15 -986.0202851902367
IMsc 960267 8 -1299.4634300767625
sc3iml 257726 14 -14503.672322478464
sc2ielsm 379168 9 -1013.1754335351682
sc3iemlsm 109791 12 -1012.8284078789236
sc12imlsm2 402429 15 -1013.8121816360696
sc3em2 821344 13 -1853.7739382433174
sc3imlsm1 608326 16 -1293.891292364628
IMsc2sm 71929 9 -1302.8850746990333
IMsc2 448174 10 -1298.9661385726083
sc3ielsm1 772104 16 -1130.5716211308147
sc3ieml 521412 14 -951.14504420789
sc1sm2 292423 7 -2678.801431341125
sc3iemsm1 642144 16 -5096.118013178663
sc3iel 661841 14 -1101.213938097552
sc3ie 616108 14 -42680.47140493349
sc2esm 871309 7 -1771.9248885259412
sc3iem 219924 14 -2959.320011560181
IM 441238 7 -1299.091929812328
sc3iemsm 307726 12 -7309.242499403255
sc3iemsm2 16997 16 -1084.4069934680858
sc2ielsm1 661694 13 -997.1108982693859
sc3imlsm2 637124 16 -1013.40827072404
sc3el2 149039 13 -1292.6668919651024
sc3il 768686 14 -960.2851258751739
sc3ielsm2 130868 16 -1006.5754711318839
IMsm 389117 6 -1303.0434180913232
IMism 538717 8 -1007.4578286834078
IMscsm 539144 7 -1303.0659047902914
sc12imsm 721041 11 -2034.1472632542032
s2mismB 382873 7 -2919.001465090264
IMiscsmB 887463 10 -987.7884937277074
IMiscsm 347723 9 -1007.400984637412
IMisc 221818 11 -949.5683770138588
IMisc2 831970 13 -964.6903042583692
IMisc2sm 871175 11 -1016.7159112694034
sc2il 131858 11 -1396.762373823787
sc1iesm 745321 7 -8347.845459239039
sc2e 361387 8 -1689.0499333338425
IMi 923879 10 -1102.2495200101303
sc3imsm 410779 12 -4493.409884260787
sc3l 579661 11 -1398.891816839116
sc3im 875866 14 -8454.208170067432
sc3em 859777 11 -1420.0639994379196
sc1e 528148 6 -8496.743177026923
sc3esm 550862 10 -2294.9500291482527
sc3e 481417 11 -16396.677015168123
sc2ielsm2 697328 13 -1384.4299386259008
IMns 409014 3 -32168.6139257244
sc1ns 320277 2 -33463.9225336691
sc1l 809784 6 -1336.690930723057
IMscns 763543 4 -32168.04380071401
sc1nm 339814 3 -2208.145014470284
sc11sm 989189 6 -1370.201768584816
sc1lsm 494629 5 -1336.672120342233
sc1 432471 8 -1288.4745664763805
sc11 111425 7 -2322.701155394437
sc21nm 554321 7 -1873.7478385981653
sc2elsm 880375 7 -1325.545879966705
sc3ns 273938 6 -32142.75388807391
sc1esm 296630 5 -1326.5899030759895
sc11nm 317606 5 -1872.2102287319883
sc1sm1 805957 7 -1377.5126318903217
s2msm 909908 4 -1336.6805491484895
sc2el 887050 8 -1324.0669569044358
sc12nm 64005 8 -8511.796361898943
IMnm 753218 5 -2200.994809147352
sc2lsm 455921 7 -1311.375176317602
sc2esm 650289 7 -1304.6428426566174
s2m 432852 5 -1336.680789842716
sc1e 767938 6 -1325.1095209303824
sc1il 16771 9 -975.9424099956989
sc2sm2 454048 9 -1292.315854330921
sc3emlsm 237110 10 -1306.2854215079594
sc2e 475623 8 -7278.72554612495
sc2ie 904477 11 -11914.878245122813
sc3mlsm 438370 10 -1341.29780772948
sc3elsm 242724 10 -1312.5978360281974
sc1ie 193733 9 -994.3686574569058
sc3l 966009 11 -1305.2280767454088
sc12ilsm 292528 11 -1018.8344799391739
sc2ielsm 46832 9 -1010.9158599773601
s2mi 787117 8 -983.2745043376623
IMscnm 287752 6 -2201.3783466314244
s2mismB 750049 7 -983.4177695366203
sc1ilsm 428271 7 -1013.5851681083872
sc2ilsm 190487 9 -1969.0461936328
sc2il 975673 11 -957.849883360701
sc3el 133460 11 -1334.5856172316796
sc1sm2 521172 7 -1300.388037353818
sc3eml 622620 11 -1804.3846412240339
sc3el2 142545 13 -1312.8970930072555
sc2i 198430 15 -972.6057472042231
sc2iel 513607 11 -1032.1477924423177
sc12im 210753 13 -4445.57403767484
sc12iml 904685 13 -975.6561918716025
sc3emsm 947872 10 -1514.5671433277514
sc3ml2 154187 13 -1304.8242096715035
sc12imlsm 764625 11 -1013.9989644324403
sc3imsm 104342 12 -5985.62068187283
IMsc 987333 8 -1299.0930244031044
sc1ielsm1 499914 11 -1173.4047262698878
IMsm 95879 6 -1303.0440333762458
sc3iesm 899470 12 -9764.77780639967
sc3im 13224 14 -3045.412756249634
sc2ielsm2 653240 13 -1012.7865409449298
IM 278653 7 -1299.258935001683
sc3ilsm 755236 12 -1092.0271846810654
sc3il 863827 14 -1334.1698437093985
IMsc2sm 915956 9 -1302.8190660542284
sc3iml 53053 14 -1163.7816245783006
sc3ie 143831 14 -27266.676542906484
sc3ielsm2 122511 16 -1010.9831597053882
sc12imlsm1 643219 15 -1075.0614189647058
sc3iemlsm 277235 12 -1050.7385390729182
sc3imlsm 41974 12 -997.4997274674915
sc3m 878459 11 -4112.0949638504635
sc12imlsm2 587413 15 -1008.2495719774
sc2ns 430216 4 -33464.37830651828
sc3imlsm1 194338 16 -1170.4059602374502
sc3ielsm1 272876 16 -970.2568192861553
sc2ielsm1 839282 13 -1838.356537993987
sc3iemsm2 172191 16 -994.7072117545126
sc3ieml 98679 14 -968.537632696844
IMsc2 22054 10 -1303.5293335091126
sc2l 771901 8 -1359.9629692361505
sc3lsm 443355 10 -3144.4802182676967
IMscsm 319459 7 -1303.0425407185885
sc3ml 943334 11 -1499.9548245194048
sc2iesm 157854 9 -3631.9991205769275
sc2 962163 10 -1384.9087416808034
sc3iem 306477 14 -4195.457869820716
sc3imlsm2 539415 16 -1013.1293120389362
sc3msm 99729 10 -1291.622699064039
IMisc2sm 11382 11 -998.8916059796601
IMism 830006 8 -1007.4541032795385
sc3iel 69952 14 -1393.610585010097
IMiscsm 999610 9 -1015.3306046844476
sc3ielsm 527653 12 -2975.8857175368234
sc12imsm 885629 11 -1612.6340432721172
IMiscsmB 577076 10 -964.145427378987
sc1i 736746 13 -1331.920401467179
sc3esm 235975 10 -1731.5574012598015
sc1iesm 681992 7 -8067.542018529789
IMisc2 564819 13 -1012.5532877006092
sc2sm1 878940 9 -1494.8132036065049
sc3e 796630 11 -18709.9378629154
sc12il 483749 13 -1362.2298178145347
sc3em2 979836 13 -1784.588243038122
IMi 834761 10 -950.6468356279652
IMisc 78261 11 -1289.2946523147264
sc3iemsm1 536501 16 -5507.120914480796
sc3iemsm 623991 12 -3918.217624311264
sc3em 18702 11 -1864.0358833026826
sc1ielsm2 411724 11 -1387.2283483206402
sc1ns 20139 2 -32141.161964745985
sc2ns 593691 4 -32140.716851115463
sc3ns 72047 6 -32141.31110210651
sc11nm 323712 5 -2961.4511883769283
IMns 970101 3 -32141.228150029798
sc1nm 704778 3 -2208.145010073159
sc1lsm 162150 5 -1336.686074745676
sc1 865972 8 -1287.1890313225263
sc2 691914 10 -1278.0349035044733
sc11 260313 7 -1368.0276580284014
sc2elsm 166682 7 -1306.145356595295
sc2sm2 188240 9 -1286.5874511135737
sc3emlsm 954543 10 -1303.2276180105227
sc3ml 327184 11 -1299.5517942283836
sc3l 824690 11 -1391.2971308616734
sc1sm1 96116 7 -1336.1104466761685
sc11sm 429569 6 -1330.3886007881274
sc12nm 360879 8 -2202.0703436511085
sc2el 604043 8 -1305.7363849790863
sc2e 649467 8 -1302.7475838476676
s2msm 258381 4 -1336.6812189518623
sc1iesm 302425 7 -2019.2569642907529
sc12ilsm 659906 11 -1011.8972699902052
sc1ie 597727 9 -22531.370126825786
IMnm 786897 5 -2200.9927816741015
s2mismB 366155 7 -2015.647930875434
sc1ilsm 628860 7 -1013.585125283148
sc3elsm 652666 10 -1311.663690222757
sc3el 677536 11 -1306.2016512397088
sc2l 145106 8 -1306.5015615130828
sc3m 589754 11 -1279.8639718218162
sc3emsm 54418 10 -1716.8982450404042
sc2lsm 340789 7 -1310.6116888408883
sc1il 94602 9 -3751.631095165708
s2m 339417 5 -2322.1950383246594
sc12im 28731 13 -14912.970057157736
sc2sm1 248331 9 -2322.222124099574
sc2iesm 69542 9 -27153.16534056187
IMscnm 425741 6 -2205.7358523549865
sc1e 554637 6 -1694.358420446989
sc1l 744595 6 -2322.4199561251517
sc2il 818837 11 -956.513892077545
IMscns 809016 4 -32168.27692125373
sc12il 81842 13 -985.7440206185742
sc2ie 563600 11 -12269.318865377087
sc21nm 82514 7 -1868.8755237258467
sc2ielsm 489739 9 -1012.9657527075602
sc3em 443404 11 -1341.1819166585938
sc12imlsm 491886 11 -1005.5421851992737
sc2ilsm 447718 9 -1012.2842937814718
s2mi 765409 8 -973.5413468011152
sc3ml2 184990 13 -1368.690185421473
sc2iel 371148 11 -1044.9976037261795
sc2i 402665 15 -965.0974025377038
sc3iml 95309 14 -6215.308647614655
sc3imlsm 146527 12 -1012.4492015340909
sc12iml 489452 13 -1019.7027653379189
IMsc2sm 689446 9 -1303.782176941037
sc3iel 681728 14 -956.5842685629443
sc3il 445595 14 -2184.4339354906256
IMsc 586305 8 -1315.691573610532
sc3iemlsm 137633 12 -996.3696513519052
sc2ielsm2 698835 13 -1013.520355658125
sc12imsm 142321 11 -4731.04414953461
sc3ilsm 363253 12 -1122.5916667424035
sc2esm 477351 7 -2214.4828730769677
sc12imlsm2 378018 15 -1013.0374732208815
sc1ielsm1 25267 11 -968.6573693663588
sc3esm 291883 10 -16237.974618106193
sc3imlsm2 676655 16 -1012.4507170010313
sc1sm2 848630 7 -1336.4361409574612
sc3iemsm 612056 12 -1315.309165644855
sc12imlsm1 404004 15 -966.9775257031333
sc1esm 609348 5 -3872.8829760981416
IMsc2 385493 10 -1311.696218372284
sc2ielsm1 198239 13 -980.6040546777072
IM 208969 7 -1299.0917859403567
sc3ieml 184658 14 -991.1793301079422
IMscsm 230995 7 -1303.040240497253
IMsm 178677 6 -1303.0430855134523
sc3imlsm1 284141 16 -990.7886102786287
sc3ielsm2 918558 16 -1008.8832282286197
sc3imsm 294904 12 -2474.9091955576278
sc1i 721571 13 -973.0513796669319
sc3ielsm 699410 12 -1013.0743538145583
sc3lsm 316518 10 -1357.9869350981112
sc3mlsm 104302 10 -3144.4949737989627
sc3ielsm1 199124 16 -1092.9625005913317
sc3eml 214167 11 -1395.3388298139794
IMiscsmB 58389 10 -966.4227147199347
IMiscsm 138211 9 -1038.110212328962
IMisc2sm 835477 11 -1000.4097175557038
IMism 391166 8 -1041.0662435155573
sc3iesm 606686 12 -20758.491498292547
sc1ielsm2 559341 11 -1020.278139264279
sc3im 972264 14 -9133.046075047025
IMi 556651 10 -949.5932360574764
sc3iemsm2 983773 16 -30753.026163947598
IMisc2 982027 13 -1004.1637090639957
sc3iemsm1 104049 16 -16436.939010039743
sc3e 737296 11 -5422.421710944
IMisc 80006 11 -1709.9844699537307
sc3em2 277319 13 -4074.4204816579954
sc3ie 412155 14 -2497.4345604312657
sc3msm 888537 10 -5344.9762977959235
sc3el2 455975 13 -1355.411160680243
sc21nm 621976 7 -12881.488233251155
sc3iem 934737 14 -4708.35227212865
sc3ieml 233042 14 -964.3272793290043
IMisc 199478 11 -12216.485682942399
sc3iem 759804 14 -2682.6111346674493
