sc1ns 447258 2 -14772.433762262755
IMscns 743759 4 -11050.458225892635
sc3ns 78073 6 -10400.856063259049
sc2ns 648905 4 -14772.430674728632
s2m 384263 5 -1504.8540543583802
IMns 239373 3 -10616.269610363926
sc1nm 134761 3 -2401.903184349904
sc11nm 937385 5 -1632.4278237655349
IMnm 750074 5 -2397.6860251043045
s2msm 279183 4 -1579.9433042945525
sc11 389912 7 -1451.6205523094698
sc1l 182058 6 -1480.8690071329895
sc21nm 121667 7 -2145.1551648280356
sc11sm 540945 6 -1508.3919149893777
IMscnm 395084 6 -2398.6951091173905
sc2esm 205799 7 -5217.441854297924
sc1esm 433001 5 -8187.333865921535
sc2l 995843 8 -1834.0281005087081
sc1e 145963 6 -1639.5139823559457
sc12nm 704645 8 -11872.103312831627
sc2sm2 231350 9 -1345.455809383218
s2mismB 432206 7 -4649.30812430781
sc1lsm 542016 5 -1568.7364011248078
sc1sm2 401425 7 -1560.509068019229
sc1 333180 8 -1482.7496711303766
sc2lsm 442053 7 -1462.598567590158
sc2 836493 10 -1321.852425618733
s2mi 350037 8 -1302.2611663124849
sc1iesm 777763 7 -1322.9125145653634
sc2ilsm 201600 9 -1184.7429657066732
sc3emlsm 208663 10 -1389.1217720919083
sc3el 465882 11 -1360.087174876141
sc2el 271816 8 -1329.5516671368396
sc3lsm 782682 10 -1414.7171671866304
sc1sm1 557482 7 -1480.877287713206
sc3eml 312646 11 -1646.5992237938935
sc1il 853407 9 -1294.6277585207124
sc3mlsm 762500 10 -1973.0334314834683
sc2iesm 237246 9 -15065.24177544415
sc3elsm 334059 10 -1470.1585498484988
sc3msm 12796 10 -1880.6510554538372
sc1ie 605543 9 -17307.450757114144
sc12imsm 66440 11 -45197.94657305279
sc3ml 236664 11 -1684.1051359292637
sc2ielsm 695473 9 -4208.590595001206
sc1ilsm 450047 7 -1321.640319887454
sc3iesm 447486 12 -29249.022796034005
sc2il 192832 11 -1404.5304971537223
sc3imsm 205469 12 -36821.55712063604
sc3ie 271091 14 -22482.858672106824
sc2ielsm2 931904 13 -8220.650399215427
sc3em2 207334 13 -16882.253416054496
sc3il 646462 14 -1165.9668410148802
sc2i 644365 15 -1190.5560431796787
sc2ielsm1 286170 13 -1384.9262665151566
sc12imlsm2 307981 15 -3449.7671075957605
IM 435995 7 -1329.5510326653102
sc3ilsm 346738 12 -2357.8380638539647
sc12imlsm 520401 11 -1158.7144258231137
sc2sm1 709704 9 -1453.2520951525394
sc12iml 940689 13 -1235.813502489913
sc3ieml 624196 14 -1147.343142367185
sc12imlsm1 84168 15 -1320.779952911827
sc12il 668610 13 -1907.9576947161745
sc3imlsm1 831406 16 -1135.472964276427
sc2e 418708 8 -1606.940147024407
IMsc 213759 8 -1329.7279636186975
sc3iel 159425 14 -1432.5495987473082
sc3ielsm2 52789 16 -14132.781055994912
sc1ielsm2 16714 11 -1398.5789917973382
sc3l 141413 11 -2889.58034942242
sc3ielsm1 124967 16 -5805.452083139031
sc3iemsm2 886461 16 -29472.29977472193
sc1i 665860 13 -1372.3804382238316
sc12ilsm 139608 11 -2260.8822392882466
sc3iemsm1 786482 16 -4100.158468292642
sc3iemlsm 295073 12 -3042.5432804329284
sc3esm 153327 10 -62408.07543272911
IMsm_ 153073 6 -1405.6304277977533
sc3ielsm 542444 12 -1333.5805344539958
sc3imlsm 938977 12 -1225.6407638881874
sc3iml 92007 14 -1212.464476683289
sc1ielsm1 622534 11 -1317.4380649588102
IMscsm 777649 7 -7157.3847873987215
sc3imlsm2 667349 16 -1226.5422695521
IMsc2 903943 10 -1366.531139801437
IMsc2sm 764736 9 -1570.5594470003289
sc3im 437896 14 -13144.140332361801
IMism 636976 8 -1173.1503031949305
sc3ml2 653643 13 -5012.948238204557
IMisc 402523 11 -1194.0976832698793
IMiscsmB 972629 10 -1195.2945347222671
IMi 301704 10 -1179.9887787837774
IMiscsm 935745 9 -1392.2872664105055
sc3m 992926 11 -2793.8089890679507
sc2iel 106010 11 -3861.4382384337314
sc2elsm 775694 7 -2373.7430867044504
sc3emsm 402161 10 -9869.710407457153
IMisc2 378074 13 -1192.9646681365296
sc3iem 879431 14 -10116.820259716558
sc3el2 155892 13 -2413.0740051290804
sc2ie 368 11 -2432.983587358729
sc3iemsm 57533 12 -6076.992928650383
sc12im 783840 13 -1943.891949661752
IMisc2sm 143410 11 -1247.3580060142485
sc3e 660441 11 -18007.93817769404
sc1ns 750831 2 -10405.749376107748
IMscns 339320 4 -10333.900096016274
sc2ns 189440 4 -10400.419357919101
IMns 481366 3 -10312.768901246798
sc1nm 584203 3 -2401.9046464634234
s2msm 297523 4 -1579.9413683147668
sc3ns 427855 6 -10404.257499703028
IMnm 823818 5 -2398.08529306693
s2m 859373 5 -1504.8536158282207
sc11 682229 7 -1450.6804558158215
sc11nm 803464 5 -1632.4459534134571
sc11sm 525950 6 -2047.4291143878
sc1lsm 186815 5 -1568.7362963785768
sc1l 271512 6 -2241.3840992730757
sc12nm 761601 8 -1584.6068879633672
IMscnm 411438 6 -2398.8400736374733
sc1sm2 814136 7 -1526.1883196080266
sc2l 872261 8 -6046.0850847908805
sc21nm 306560 7 -1638.120904197247
sc2sm1 802017 9 -1376.0115863688816
s2mismB 242911 7 -1294.471099081442
s2mi 454351 8 -1294.2330696156992
sc2elsm 123363 7 -1390.83842237183
sc2lsm 503036 7 -1462.599471535606
sc1ilsm 505232 7 -1322.5370642516195
sc2sm2 586916 9 -1354.852160890301
sc2 564500 10 -1660.5826830704552
sc3esm 672430 10 -13042.755499399285
sc2el 715626 8 -1733.6176712899069
sc3ml 937390 11 -1314.9385241964649
sc1esm 8624 5 -1639.5170059550378
sc1il 567177 9 -1312.8022989879184
sc2ilsm 145852 9 -1184.8490959333637
sc1iesm 518540 7 -8166.849304298587
sc1sm1 633616 7 -1480.8679057244308
sc3l 264578 11 -1668.148155857864
sc3m 775525 11 -4774.747526531327
sc3lsm 49676 10 -1675.1752791031256
sc3e 608297 11 -6224.799923452176
sc2ielsm 597382 9 -1160.8791890677196
sc3msm 938245 10 -26461.95410852536
sc12ilsm 638181 11 -4447.133558966631
sc1 415459 8 -2889.940735853307
sc3eml 159290 11 -1320.0451264064225
sc2ie 353643 11 -22015.08203985306
sc3emsm 841028 10 -15312.982947508393
sc12imsm 556022 11 -27898.342271794736
sc3iesm 301854 12 -28615.555438482836
sc3el2 38668 13 -1432.5704135151768
sc1ielsm2 119077 11 -1322.0715136180995
sc2il 171006 11 -1747.3683043552387
sc3imsm 574373 12 -23054.45654254974
sc2ielsm1 858941 13 -10903.302247151787
sc12iml 529307 13 -1732.5295296553643
sc1ielsm1 428262 11 -1566.2240025888182
IM 282854 7 -1329.6360345178568
sc3mlsm 730002 10 -1620.1182688199135
sc12imlsm1 5049 15 -1190.0112275220995
sc3il 560516 14 -1217.6118588532163
sc3iemlsm 545898 12 -1153.850807261582
sc2iesm 562359 9 -1720.6310960553553
sc12imlsm 222684 11 -1903.9357365889243
sc3im 83753 14 -2943.201614276217
sc3iemsm 822752 12 -11291.735238168649
sc3imlsm 412295 12 -1167.0921653009643
IMsm_ 54524 6 -1405.630405732565
sc2iel 594120 11 -1277.1256802210016
sc1i 487234 13 -1282.7841001844301
sc3iel 621202 14 -6306.234320424417
sc2ielsm2 668743 13 -1382.5095003585866
IMscsm 501550 7 -1405.6669539517488
sc12il 230562 13 -1182.0144338867744
sc3em2 318713 13 -1645.7724891970029
sc3emlsm 557899 10 -2461.283974238064
sc3imlsm2 949670 16 -10775.943462609737
sc3ie 783907 14 -19111.2774098298
sc3imlsm1 478117 16 -1209.8896701766362
sc3elsm 874275 10 -1392.7104502441612
sc3iml 593876 14 -3097.5110631438183
IMsc 171541 8 -1330.4094253567991
sc3iemsm1 736811 16 -3324.625335938373
sc3iem 252856 14 -9685.512784535176
sc3ilsm 455195 12 -1295.589882687111
sc12imlsm2 596288 15 -1139.7260512988391
IMism 257409 8 -1173.1414029610828
sc12im 419365 13 -6211.172939756796
IMi 302741 10 -1170.9736431303063
IMiscsm 89588 9 -1167.407158354073
IMsc2 613711 10 -1328.4366210174064
sc3el 515591 11 -2275.005291405926
sc2i 316206 15 -2142.6227557550037
IMisc 721387 11 -15381.204028265163
sc3iemsm2 380054 16 -3670.696379460185
IMisc2sm 55542 11 -1394.9121838900853
sc2e 419146 8 -1605.2758101762254
IMisc2 693305 13 -1528.6970074850096
IMiscsmB 210015 10 -1249.2843469001664
sc3ielsm1 969134 16 -1492.1643026363308
sc2esm 798597 7 -5224.940540430432
sc3ml2 28130 13 -1405.7924632112936
sc1e 841138 6 -12044.600989064196
sc3ielsm2 451104 16 -1580.2549570830893
sc3ieml 655486 14 -1623.3610295835565
sc1ie 345263 9 -24049.032073720366
IMsc2sm 406866 9 -1730.7413294410653
sc3ielsm 550543 12 -3580.785262189222
sc1ns 550735 2 -10405.749375951706
IMns 917146 3 -10312.768115751187
sc3ns 265767 6 -10406.109742470411
sc11nm 306170 5 -7196.39416539091
sc1nm 932295 3 -2401.9040268792683
sc2ns 941061 4 -10405.762442707128
sc11sm 546797 6 -1580.1428989132144
sc21nm 165647 7 -1986.8839405221524
sc11 934505 7 -1450.31435368548
sc1l 758638 6 -1504.7362481102373
sc1esm 57050 5 -2481.8316778295384
IMnm 972836 5 -6350.1744428173215
s2m 239843 5 -1504.8534702343663
s2msm 16910 4 -1579.9425257651933
sc1sm1 231305 7 -1480.8687651376426
IMscnm 957394 6 -2397.960345047555
sc2lsm 922717 7 -1482.2074093313715
IMscns 213093 4 -11685.268124041024
sc12nm 414374 8 -11613.801556181024
sc2sm1 254656 9 -1326.4166251970807
sc1lsm 465024 5 -1568.7356080953873
sc2l 406745 8 -1365.115284604034
sc2 111171 10 -1320.2419361750044
sc2el 985271 8 -1862.8598257510596
sc1 486523 8 -1724.5920560187085
sc2elsm 237965 7 -1390.8383661283708
sc3l 185484 11 -1339.2145855260512
s2mi 282648 8 -3146.638174985025
sc2sm2 280145 9 -1437.0649828123633
sc2iesm 697819 9 -25657.397740925142
sc1iesm 999795 7 -3018.876473044169
sc1sm2 85865 7 -2179.317446081518
sc3mlsm 550068 10 -2727.269432035302
sc1il 800543 9 -3226.907020366751
sc3eml 114560 11 -1321.039005200894
sc3lsm 713435 10 -3162.0269624795837
sc3elsm 325048 10 -1607.4560856742887
sc2ielsm 42569 9 -1151.881373367433
sc3e 754277 11 -39401.89428390088
sc3emlsm 340084 10 -1417.7955848481513
sc1ilsm 19234 7 -1322.5306563686204
sc2il 569215 11 -1299.0438058446352
sc3msm 849531 10 -28183.714402668025
sc3el 701238 11 -2128.1133606611124
sc3el2 988104 13 -1436.201000748732
sc1ie 66830 9 -1349.6845937770472
sc2esm 704991 7 -1968.5899207385855
sc12il 748298 13 -1156.7827086550396
sc12ilsm 289593 11 -2192.9715357003834
sc2ilsm 494592 9 -1524.2530618710662
sc12iml 360300 13 -19043.917672001226
sc3em2 232813 13 -1382.244165685211
sc2ielsm2 670329 13 -1155.0435580352682
sc2ielsm1 240273 13 -1147.260987000423
sc1ielsm1 696263 11 -1345.449475625106
sc12im 204680 13 -8296.842203963748
sc1i 589384 13 -2397.7557976241415
sc3iesm 196549 12 -34480.15535151183
sc3imsm 651718 12 -14984.074859741651
sc3emsm 384666 10 -3225.300650707444
sc12imsm 762737 11 -4517.591312993549
sc3ielsm 577565 12 -1184.9140694737455
sc3imlsm 354717 12 -8261.084033295187
sc2i 958621 15 -1212.3224369102443
sc3iel 941398 14 -1173.8119794502747
sc3ml2 100083 13 -1525.7767330358922
sc12imlsm1 728106 15 -1185.919019403123
sc12imlsm2 857828 15 -5992.204862337132
sc3iemsm 20026 12 -43346.09111747142
sc3esm 629943 10 -21969.55588446217
sc12imlsm 161768 11 -1177.082286716868
sc3ie 382415 14 -18255.154096557184
sc3iml 924419 14 -13832.555928497586
sc3ilsm 255385 12 -1181.5844043749987
sc3ieml 69929 14 -2552.6568989795323
sc3iemlsm 412935 12 -4917.53773395693
sc3ml 721710 11 -1822.4954661001975
sc3il 761826 14 -3621.088474854835
sc3imlsm2 283775 16 -1154.8569328176272
sc3iem 526100 14 -4538.604063930635
sc1ielsm2 146818 11 -1530.7724439914732
IMscsm 91514 7 -1776.2563091236138
IMsc 43150 8 -1329.5557816995736
sc2iel 107529 11 -2582.8953151884675
sc3im 169376 14 -18464.336143757297
sc3iemsm2 866468 16 -9177.357532594377
IMsc2sm 117163 9 -4527.294939876153
IMsc2 492217 10 -1378.5468545667054
sc1e 205388 6 -1866.8974503750728
IM 124105 7 -1329.542444727258
sc3iemsm1 952000 16 -9064.565653712669
IMism 286515 8 -1173.1402428649508
IMiscsmB 821938 10 -1163.768517298361
sc3ielsm1 505956 16 -1279.2123813834346
s2mismB 607366 7 -2272.396683457488
sc3ielsm2 724404 16 -3482.8899045482262
IMisc2sm 134741 11 -2647.4934742458618
IMisc 232363 11 -1401.10348998221
IMiscsm 464482 9 -1173.1251283118381
IMsm_ 320391 6 -3474.8292919036653
IMisc2 46202 13 -1647.9532886748163
sc2e 672623 8 -21478.36936567145
IMi 900957 10 -1401.6023450546327
sc2ie 879352 11 -32029.417370598247
sc3m 572857 11 -3400.031256350351
sc3imlsm1 336426 16 -1405.0101926532586
sc1ns 386302 2 -14772.433812247786
IMscns 66437 4 -10312.89492504725
sc2ns 78348 4 -14772.429596174574
IMns 889644 3 -10312.768165847505
sc3ns 740439 6 -10290.376018144487
sc1nm 773571 3 -2401.9048501505945
s2m 683964 5 -1504.85386869136
sc11 610074 7 -1451.4723133204075
s2msm 283083 4 -1579.9430710102527
IMscnm 798198 6 -2397.854354277849
sc21nm 251240 7 -1647.384564505103
sc1sm2 577499 7 -1523.2523251334535
sc1lsm 959202 5 -1568.7364031793
sc2esm 301255 7 -13519.946026637961
sc1l 172591 6 -1480.8668630667637
sc2lsm 651520 7 -1462.5981749807445
IMnm 755920 5 -2397.686024088636
s2mi 28956 8 -1294.4065619325204
sc11nm 28602 5 -6436.200550277372
sc12nm 404532 8 -11389.562329858241
sc2el 213792 8 -1329.6992939521115
sc2l 395484 8 -1365.1195362064823
sc2sm1 757696 9 -2710.9162205868906
sc3l 25621 11 -1340.7606119464099
sc1sm1 531053 7 -2891.2532852380646
sc3ml 261134 11 -1312.5316568866726
sc3el 663542 11 -1323.3486243807547
sc2ilsm 44355 9 -1184.7498892795802
s2mismB 481925 7 -1323.2730307226575
sc1esm 333468 5 -1639.5170087814988
sc3lsm 541377 10 -1413.8883316047848
sc2elsm 343988 7 -1390.8384202884884
sc12imsm 441961 11 -15934.257872360486
sc1iesm 689298 7 -7570.970986624068
sc3mlsm 201616 10 -2977.269823905827
sc1il 178422 9 -1753.3300776433175
sc1ie 323161 9 -27140.242743218896
sc1ilsm 605931 7 -2176.1945619334906
sc12il 691596 13 -16736.77801766514
sc2ie 764454 11 -18461.613825675024
sc2il 104953 11 -1208.322511426376
sc2iel 426148 11 -1149.7968999410555
sc1ielsm2 672782 11 -2110.872039449925
sc3emlsm 626090 10 -1390.6363105977184
sc1 678166 8 -4742.4823030825755
sc1ielsm1 924006 11 -1294.5052100715207
sc2ielsm1 879344 13 -2530.469385275789
sc3iesm 658146 12 -27662.273096101315
sc3esm 586726 10 -16047.39721268947
sc3el2 81239 13 -2275.618316374441
sc2sm2 719351 9 -1527.1525911283418
sc2iesm 801545 9 -3053.601970425339
sc3ml2 831976 13 -1403.573805269473
IMsm_ 931983 6 -1405.6299597496584
sc3imsm 354641 12 -11282.54193204882
sc3imlsm 9435 12 -1868.2174367464659
sc3em2 381296 13 -4434.341150313511
sc3e 951388 11 -18790.281089513897
sc12imlsm 326068 11 -1157.8341388198114
sc12imlsm2 28062 15 -1142.4439168228043
sc2i 111957 15 -1196.5613225548925
sc3ielsm 910345 12 -3810.5534708702385
sc12ilsm 454608 11 -4093.1493653811954
sc2 157555 10 -1795.2623806167226
IMscsm 220308 7 -1405.6309911519647
sc3ie 592838 14 -53507.24051314664
sc3ilsm 474915 12 -1300.9621072618531
IM 724329 7 -1329.8754689826221
sc1i 160316 13 -1954.600170389155
sc3iml 714700 14 -1882.4812854783518
sc3imlsm2 657185 16 -1207.5065349548017
IMsc2sm 210717 9 -1393.5138571983025
sc3iemlsm 975141 12 -1329.5752192884304
sc3iel 374841 14 -1304.0814932219891
sc12imlsm1 728236 15 -1156.2638926883744
sc2ielsm2 15490 13 -1530.79881598542
sc2ielsm 262260 9 -2617.5571211567926
sc3imlsm1 748319 16 -2335.1694213252545
sc3msm 514209 10 -14861.440002706191
IMsc 848037 8 -1320.4826813999148
IMsc2 803767 10 -1316.640080623545
sc12iml 353052 13 -1706.9131560334874
sc3ielsm1 460343 16 -1910.448058283222
sc12im 724344 13 -26664.925401866654
sc3eml 435947 11 -1431.6358308520992
sc3m 789068 11 -11723.278638679101
sc3iemsm1 394928 16 -34277.17119432965
sc3iemsm2 22555 16 -12867.898493142857
IMi 543986 10 -1170.9144450927924
IMism 225470 8 -2119.759213438157
sc3ielsm2 242535 16 -1600.4074905922846
IMisc 716364 11 -1184.9977586375246
IMiscsm 819971 9 -1164.8019075985935
sc11sm 294394 6 -1649.3433574202118
sc3iemsm 668778 12 -3775.427635681535
sc3ieml 67167 14 -1194.6395840625569
sc3iem 958335 14 -3369.61451864783
sc3il 73267 14 -2275.574582562554
sc1e 621988 6 -1866.0657512347668
sc3elsm 565548 10 -4705.315092100973
IMisc2sm 641434 11 -2104.632278072297
IMisc2 508035 13 -1200.8376880306791
sc2e 38813 8 -12271.269544536564
sc3emsm 773900 10 -10734.514368481985
sc3im 697258 14 -19206.726701197378
IMiscsmB 93381 10 -1413.8246251304859
sc1ns 813003 2 -14772.43381224779
IMscns 509487 4 -10312.781422449647
IMns 647066 3 -10519.286716852124
s2m 534042 5 -1504.8540491181666
sc1nm 64799 3 -2401.9026259219263
sc11nm 69119 5 -1632.4168121692137
sc11sm 959904 6 -2012.5804050958318
sc1esm 238357 5 -21629.266802034574
sc1l 432606 6 -1480.8668024189826
s2msm 397753 4 -1579.9433066694705
sc3ns 58289 6 -10413.134173738828
IMscnm 483911 6 -2400.3402600180507
sc1sm1 322594 7 -1480.8686193702938
IMnm 856979 5 -7274.4707066253395
sc1lsm 656194 5 -1568.735891464036
sc12nm 818028 8 -1589.8354539904606
sc2elsm 652587 7 -1407.764970419671
s2mismB 241509 7 -1294.265279675461
sc1sm2 13022 7 -1881.4993675240817
sc2sm1 398390 9 -1331.7806792178772
sc11 762939 7 -1450.3432778233068
s2mi 911779 8 -1294.3028381485256
sc2el 233534 8 -3022.900037082431
sc2lsm 567147 7 -1462.5994619627645
sc1iesm 112946 7 -33255.28167515826
sc1ilsm 453283 7 -1321.640031402282
sc2l 215701 8 -1365.1225841277997
sc3elsm 780892 10 -7164.59429472489
sc3msm 649023 10 -1918.342231706001
sc3e 359216 11 -30845.675330061567
sc1il 487977 9 -1278.7360365565414
sc3lsm 940976 10 -1789.8423843201658
sc2iesm 510922 9 -3981.8310096453242
sc3el2 851868 13 -1334.584182990157
sc2ielsm 23193 9 -1202.73527618251
sc3emlsm 778594 10 -1545.6631893087122
sc2ilsm 711370 9 -1204.9021192074376
sc3ml 283832 11 -1901.5349330482918
sc2il 185947 11 -1222.1474931354169
sc1ielsm2 828558 11 -1296.896932482309
sc1ielsm1 495421 11 -1294.5247446021613
IMsm_ 427300 6 -1405.630655144124
sc3el 735397 11 -2228.1090556048075
sc12imlsm 606102 11 -1150.5472785968868
sc12im 502123 13 -7928.981314581251
sc12iml 804744 13 -1149.7081008530656
sc3mlsm 78203 10 -1620.1368064024482
sc2ielsm1 614903 13 -1250.4177210829957
sc21nm 725302 7 -4335.216428447302
sc12ilsm 680330 11 -1191.2907449253694
sc3eml 985421 11 -5456.7971300275185
sc3iemlsm 494573 12 -1140.6468523669323
sc3iesm 334889 12 -28633.780320248763
sc2sm2 299477 9 -1364.0528907655257
IM 53485 7 -1329.5535399643175
sc3imsm 496372 12 -6527.695725450701
sc12imlsm2 439862 15 -1137.80308189261
sc2e 351271 8 -5387.987039607848
IMscsm 340095 7 -1405.6313662481843
sc3ml2 127567 13 -1434.1825244481247
sc3ie 224613 14 -21436.95396299932
sc3ielsm 190163 12 -2543.441673888984
sc2iel 54082 11 -1294.0707621662473
sc3im 687797 14 -2440.9846697564008
sc3iml 511450 14 -5848.098652673761
sc3iemsm 274448 12 -6237.9752615671705
sc2 764779 10 -2890.056121320748
sc3ilsm 841154 12 -1167.1242418305164
IMsc2sm 264906 9 -1393.7979858626431
sc3il 142628 14 -1694.4072808007159
sc3iel 205203 14 -1453.666931622572
sc3ieml 102961 14 -1637.170651880992
sc3imlsm 92144 12 -2303.160670313403
sc1 356069 8 -2889.580418109049
sc3imlsm2 243158 16 -5359.90929513858
sc12imlsm1 8508 15 -1277.275332868869
sc3iem 213594 14 -6643.013814298063
sc2ns 218854 4 -10789.040565872592
sc3ielsm2 140206 16 -1201.176898245702
sc3ielsm1 680362 16 -1217.2450200007831
IMism 487288 8 -15317.18710546377
IMsc 421947 8 -1330.4848197729102
sc1i 569512 13 -1453.5626450729783
IMiscsm 898308 9 -1164.8054359457713
sc2ielsm2 603450 13 -1213.5841148803052
IMsc2 125140 10 -1338.5844546832482
sc2i 599193 15 -1205.0982188925534
sc1e 137752 6 -3685.1137848535664
IMiscsmB 248786 10 -1169.5891015983825
IMi 470161 10 -1180.634569734952
sc1ie 559655 9 -2369.581117827229
IMisc 495956 11 -1340.7475069816269
sc3esm 896085 10 -40138.84274202057
IMisc2sm 402156 11 -1493.1216624334127
sc2esm 527628 7 -5265.127646487757
sc3m 854180 11 -8960.784004963727
IMisc2 208176 13 -2148.2901458230717
sc3em2 707592 13 -14342.302747907597
sc2ie 734988 11 -10805.91169460745
sc3l 861483 11 -2886.5491493880927
sc3iemsm2 932354 16 -9073.279719416278
sc3emsm 351747 10 -11483.012343117825
sc3iemsm1 999601 16 -9493.283074272404
sc12imsm 797451 11 -21026.23521079586
sc12il 595667 13 -2804.874783272369
sc3imlsm1 331164 16 -1268.6973407723972
