IMns 421155 3 -51096.0650969406
sc1ns 960438 2 -51256.145558993834
sc2ns 373405 4 -50987.099101092375
IMscns 2848 4 -50989.33102684319
sc3ns 162342 6 -50987.07830621357
sc21nm 599449 7 -34478.45116145101
s2m 92031 5 -4213.874872427307
sc12nm 672375 8 -4997.5920912861
sc1nm 387804 3 -5455.47525470152
sc1 580634 8 -4175.95502396271
sc1lsm 422744 5 -4594.907398332193
sc2elsm 1256 7 -3707.9945604488353
sc11nm 469849 5 -5449.113903798008
sc11 47753 7 -5456.8675770186255
s2msm 316136 4 -4626.056972109252
sc2esm 941064 7 -3439.690866154443
sc1esm 465704 5 -5455.489230822419
IMnm 924660 5 -4874.356481049794
IMscnm 681964 6 -4874.5285507558765
sc11sm 499420 6 -4576.826316856087
sc3em 297426 11 -3173.7483617920216
s2mi 319811 8 -3370.7372381658906
sc2e 305694 8 -19154.797875232547
s2mismB 56293 7 -3734.9048488955727
sc2lsm 353852 7 -3819.122426501441
sc1l 200815 6 -4175.910426101013
sc2 281050 10 -4114.664463903368
sc2el 640360 8 -3371.5675307172746
sc2sm2 253308 9 -3913.716683488296
sc2sm1 636256 9 -6874.106188085828
sc1sm1 501021 7 -5435.384860042064
sc1il 782150 9 -3765.495752435382
sc12ilsm 968184 11 -2892.1697205977057
sc1sm2 480243 7 -4606.352136501614
sc1ilsm 157999 7 -3739.70153907606
sc2iesm 278828 9 -8011.608157016873
sc2ilsm 686830 9 -3076.1892357007987
sc2iel 199311 11 -2709.9360245002713
sc12imlsm 501484 11 -2734.6633246977726
sc2l 428948 8 -3467.9082836908815
sc3el2 350007 13 -3291.5332543379973
sc3lsm 866145 10 -3949.6500835521033
sc3emlsm 17646 10 -4535.2181721574125
sc3l 796013 11 -4191.411669557212
sc1iesm 362868 7 -8066.820691196903
sc2ielsm 776162 9 -2776.156092351439
sc3elsm 811400 10 -4287.481932177793
sc12imsm 198571 11 -9075.390099018705
sc1ielsm2 46541 11 -3743.4415544074964
IMsm 263255 6 -3736.2016773025107
sc3mlsm 572815 10 -5490.378743959095
sc3eml 494864 11 -3168.813508524143
sc2ielsm1 114118 13 -2679.0417559545544
sc2ielsm2 893802 13 -2682.4137238165536
IMscsm 74744 7 -3735.37323318777
sc2ie 612775 11 -10677.586856053445
sc3e 918532 11 -5720.48279911496
sc3imsm 796454 12 -12268.310281074697
sc1i 620979 13 -3998.717223300956
IMsc 312989 8 -3340.5544480554286
sc3ml 668091 11 -3163.127045787114
sc3iemlsm 508375 12 -2697.6857418825775
sc12iml 149134 13 -2891.2736820355385
sc2il 580834 11 -4201.334156469732
sc3iel 768324 14 -3009.645926300355
sc3iesm 802576 12 -20615.618473817478
sc3imlsm 35780 12 -2791.7544558672103
sc3esm 528323 10 -8006.241172855378
sc3ieml 498207 14 -2703.5525001265546
sc3ilsm 489255 12 -4680.241194717266
sc3iemsm 510532 12 -129417.61103843192
sc1ielsm1 337608 11 -3607.1870020546735
sc3ie 961280 14 -34380.881325592
sc3ielsm1 392226 16 -2676.78646057074
sc12imlsm1 5008 15 -3812.454706311602
IM 886599 7 -3415.284225105146
sc3il 59755 14 -3181.96071376574
sc3em2 90556 13 -11130.052086744536
sc1e 798981 6 -5721.227718353623
sc3ielsm2 251258 16 -2806.7736813225742
sc12imlsm2 265604 15 -3384.3615282607725
sc3msm 489613 10 -19954.02860629815
sc3iml 806519 14 -4212.793541944285
sc3iem 903799 14 -28787.348473416947
IMi 838202 10 -2888.5839861756854
IMiscsm 123811 9 -2883.9392608052513
sc3el 782201 11 -3961.459087604864
IMiscsmB 447599 10 -2883.3220252675656
sc3imlsm2 523882 16 -3224.5997987774067
IMsc2sm 252793 9 -5018.613666498984
IMisc2sm 928969 11 -2795.946010376526
IMism 305287 8 -2884.4709292493526
IMsc2 979325 10 -3448.0015881824847
sc1ie 252461 9 -4800.361752924341
IMisc2 992221 13 -9313.469336274185
sc3iemsm1 237024 16 -3936.526498480365
sc2i 58040 15 -3566.6688524432925
sc3emsm 381148 10 -13912.17293416228
IMisc 843494 11 -3365.966516526763
sc12im 986620 13 -14956.551599120352
sc12il 629375 13 -3311.7783445560412
sc3ml2 825130 13 -8523.432527136849
IMns 791877 3 -51096.0651501042
IMscns 575311 4 -50989.32970314294
sc3ns 111384 6 -56254.53240896616
sc1ns 12396 2 -51256.14555613814
sc2ns 249122 4 -50987.09907137062
sc11nm 417438 5 -6304.786830296503
IMnm 159539 5 -4874.356448580964
sc11sm 915597 6 -4627.6286437056015
sc1nm 996196 3 -5455.476637154704
sc21nm 599205 7 -8442.341400227457
sc1lsm 687682 5 -10297.809488376995
sc11 779601 7 -4206.753360668533
s2m 6607 5 -4213.875744256343
sc2 455298 10 -3190.005005989616
sc12nm 213179 8 -4095.7732394833147
s2msm 757961 4 -4626.059159792703
IMscnm 898911 6 -4874.710488556279
sc2l 863619 8 -3467.9094905838147
sc2esm 951655 7 -121143.45692926805
sc3ml 663125 11 -3173.019477772399
sc2sm2 374656 9 -3367.595220667705
sc1 702922 8 -4184.776123938921
sc1l 583232 6 -4175.911539885821
sc3elsm 773551 10 -3807.798966766385
sc2ilsm 666423 9 -14009.119348158983
sc2elsm 203456 7 -3707.9897443177997
sc1sm1 62036 7 -4213.875908156975
sc2lsm 486861 7 -4073.6827368438917
sc1iesm 687301 7 -6212.875790639155
sc2el 516640 8 -3373.048299472767
sc1ie 27982 9 -67584.30142995054
sc3l 610871 11 -3644.3126213205683
sc1ilsm 222097 7 -4318.493482625237
sc2e 469672 8 -60930.976932102836
sc1il 797275 9 -3658.810939432814
sc1esm 586829 5 -5020.041358549459
s2mi 733385 8 -3762.3718787520734
sc3esm 702372 10 -3423.3432532049274
sc12imlsm 698770 11 -2737.207180748662
sc3el 248404 11 -3238.7561496158028
sc2sm1 363681 9 -3249.3153696590653
sc3emlsm 470683 10 -3703.288002618713
sc2ielsm1 421423 13 -2815.3174925085036
sc2ie 170293 11 -10105.278989660605
s2mismB 469924 7 -3734.9037057191613
sc2iesm 102777 9 -28706.919343791684
sc3ml2 953376 13 -3411.0086175608353
sc12imlsm2 861785 15 -18086.207899688347
sc12imsm 849728 11 -2997.7073089650353
sc2ielsm2 276986 13 -3892.998360416582
sc3ielsm 604589 12 -2697.5533391071817
IMscsm 67864 7 -3734.166159850598
sc3em 639698 11 -3193.1216081851894
sc3iemsm 961823 12 -15863.9403563988
sc3imlsm 916863 12 -2692.0815206315456
sc2il 123593 11 -3048.2328427672683
sc3emsm 44024 10 -8876.903590355072
sc12imlsm1 431610 15 -2745.9681398415555
sc3em2 350735 13 -4861.800037802398
sc2iel 205799 11 -3286.8342959871165
sc3mlsm 952313 10 -3824.5786829530034
sc2ielsm 377802 9 -2735.951792629858
sc1sm2 181717 7 -8331.043798528017
sc3e 791992 11 -50464.020165640686
sc3iemlsm 347698 12 -2692.1413516054236
sc3imsm 217505 12 -31506.933028829106
sc12iml 635977 13 -9426.038554367917
sc3imlsm1 119173 16 -2782.491795387986
IMsc2sm 77513 9 -3709.9830147802018
sc1i 277835 13 -4155.440922382557
sc3eml 883961 11 -4524.585173045608
IMsc 414084 8 -3338.9548577697437
sc3ie 241120 14 -45678.945012342985
IM 979961 7 -3415.2859730031714
sc3iemsm1 790107 16 -6412.948005694469
sc12il 210059 13 -3148.1403759296327
IMsm 727931 6 -3736.2004142017995
sc1ielsm1 587812 11 -3721.52405324803
sc2i 258446 15 -2796.1140683201893
sc3ieml 961551 14 -5327.703232018725
sc3iem 624882 14 -16363.780836480766
sc1ielsm2 527451 11 -3668.2201117222407
IMsc2 610197 10 -3614.123022009596
sc3iemsm2 151021 16 -8924.670352851514
sc3ilsm 640158 12 -11361.739228543127
sc3ielsm1 481292 16 -3443.821744696977
sc3iel 893269 14 -4398.424222758903
sc3ielsm2 53587 16 -3323.1460219802343
sc3il 951051 14 -4157.9631394098515
sc3m 492822 11 -6255.903933694044
IMiscsm 782786 9 -2824.8710714467807
IMiscsmB 521450 10 -12694.986746390008
IMi 713912 10 -2997.0692722579956
IMisc2sm 59052 11 -2777.9859749905672
IMisc 161055 11 -2757.1651331159806
sc12im 547856 13 -20958.208515188795
IMism 753071 8 -2884.471984122027
sc12ilsm 253853 11 -5835.528370928448
IMisc2 557236 13 -3207.8569027101007
sc3lsm 366100 10 -9947.510197168496
sc1e 350120 6 -22603.72980832379
sc3im 204263 14 -8579.092873324282
sc3iesm 279777 12 -48976.19603829927
sc3el2 490063 13 -4234.793947818179
sc1ns 203858 2 -51256.145559050165
IMscns 898068 4 -50989.27980576347
sc3ns 973235 6 -51260.873111890054
sc2ns 103868 4 -50987.071767726324
s2msm 740657 4 -4626.056313270488
IMscnm 636568 6 -4874.411137439739
sc1nm 848262 3 -5455.476318754408
sc11 575258 7 -4208.842398281151
sc11nm 301860 5 -5054.18292658017
IMnm 841290 5 -4874.356378430949
sc21nm 735341 7 -6170.790103149034
sc1lsm 562397 5 -4594.907746033515
sc12nm 777065 8 -27079.145337716076
s2m 892383 5 -4213.8752886569855
sc2elsm 897515 7 -3716.406524701883
sc11sm 693749 6 -4574.459260818263
sc2esm 94193 7 -3440.420790709582
sc1l 290855 6 -4175.911533595089
sc2sm2 47354 9 -3228.547565516853
sc2sm1 944501 9 -3255.534745091016
sc2lsm 849870 7 -3819.1212994447624
sc3esm 46021 10 -53467.31740533437
sc1iesm 623059 7 -11540.039268190225
sc1 773206 8 -4400.267483561308
sc2l 841874 8 -3528.507194300025
s2mi 691735 8 -3372.4484365714807
sc1sm1 555872 7 -4175.916648791449
sc1sm2 702953 7 -4665.326026598303
sc2el 830923 8 -3371.568341088302
sc1esm 260266 5 -5020.007172607618
sc3mlsm 768717 10 -4805.93641661798
sc2 90731 10 -3861.620204815242
sc3lsm 783215 10 -5042.2333095078775
sc1ilsm 804906 7 -3737.317607504773
sc2iesm 212761 9 -10712.631292292797
sc1il 830586 9 -5601.262427954443
sc3elsm 230120 10 -5393.169691328519
sc12ilsm 458006 11 -2996.9654101916517
sc3e 855658 11 -8885.247247938945
sc3ml2 804199 13 -4660.055404956087
sc3em 731859 11 -3304.0689212159177
sc1ie 272143 9 -15715.517524582683
s2mismB 133690 7 -3730.7024617501074
sc1ielsm2 719396 11 -3743.2731194227945
sc3l 66162 11 -3518.1438066553274
sc3el2 409213 13 -3217.3792425689244
sc3ml 864281 11 -3491.3495220813124
sc12iml 625607 13 -12541.202411820588
sc3em2 451358 13 -7360.648014774906
sc1e 53829 6 -5020.184102040912
sc3eml 172512 11 -4542.246815808131
sc1ielsm1 582145 11 -3828.7534597118756
sc3emsm 954523 10 -3597.876824399569
sc3iemsm 632378 12 -31275.96445110248
sc2ie 142451 11 -41452.17652099102
IMscsm 702430 7 -3733.5909895562904
sc3imlsm 619108 12 -2696.1080414796766
sc3im 3319 14 -66256.65478980239
sc3ie 474474 14 -80027.3649967165
sc12imlsm 919774 11 -4061.7183528056767
sc3il 305714 14 -2914.6484315015723
sc3iesm 476586 12 -19399.855709343305
sc2ilsm 597288 9 -2893.489478811666
sc3imsm 455454 12 -36492.50550417047
sc3ilsm 795057 12 -4287.854285417182
IMsm 661639 6 -3736.2014702855517
sc3imlsm1 260953 16 -2780.5114365912164
sc2i 118136 15 -3064.3890452841238
sc3iemlsm 751701 12 -5659.427007217584
IMsc2sm 374790 9 -3714.2693789984432
IM 361701 7 -3415.2859808723015
sc3iemsm1 964968 16 -10335.195349089254
sc2ielsm1 223938 13 -2990.201461202423
sc3imlsm2 456658 16 -2773.5117725882624
sc3ielsm2 679049 16 -14294.018269256045
sc12imlsm2 596034 15 -3075.8856866573933
sc3iel 606274 14 -2757.6043120493327
sc3ieml 171292 14 -2708.972943309198
IMsc 206853 8 -3338.948652065775
sc3ielsm1 182972 16 -3222.638036259323
sc12imlsm1 649283 15 -2926.1603106041503
sc3ielsm 214974 12 -2739.8814247911923
sc2il 243829 11 -7157.258167443271
IMiscsm 851125 9 -2869.826323632955
sc2e 991433 8 -43111.926041031315
sc2ielsm2 327672 13 -5864.274515730383
sc3iml 483216 14 -3235.751949079047
sc3iemsm2 299066 16 -5583.313249188637
sc2ielsm 750556 9 -6570.587962851461
IMism 62268 8 -2884.4732567335827
IMisc2 435209 13 -2843.973393116602
sc3msm 366485 10 -31166.419216714366
IMi 289109 10 -3421.7145486067593
sc12il 244946 13 -3377.47465157568
IMisc2sm 623717 11 -2853.674843015018
sc3emlsm 29112 10 -10257.114352579021
sc2iel 772377 11 -3210.5886015956517
sc1i 346284 13 -4187.040549440374
IMsc2 818110 10 -3551.9079013295764
sc12imsm 747848 11 -29894.23807393214
IMiscsmB 144103 10 -4119.030159772953
sc3el 451599 11 -3916.439490940223
IMns 967900 3 -56254.63783833994
sc3m 716039 11 -5822.216013116538
sc1nm 303037 3 -5455.471123200111
IMns 180798 3 -51096.06513997888
sc11nm 905863 5 -5054.187294798543
sc1ns 576262 2 -51256.14553333276
sc11 75428 7 -4207.32616821125
sc21nm 886316 7 -5048.258188044046
IMscns 337504 4 -50989.33101780015
IMscnm 432721 6 -4874.539236571154
sc3ns 635597 6 -51098.83901857486
IMnm 988926 5 -4874.355956750889
sc11sm 731022 6 -4576.918216029312
s2msm 221148 4 -4626.059836082766
sc2ns 664811 4 -51294.37237720898
sc1esm 874748 5 -5456.899621473903
sc1lsm 191585 5 -4594.907384574448
s2m 828525 5 -4213.875698185013
sc1sm2 849381 7 -4623.856612530724
sc1 368243 8 -4201.216846749364
sc2l 132994 8 -3467.9081082083235
sc2sm1 633213 9 -3249.34537177442
sc2elsm 253413 7 -3707.992742822381
sc2lsm 127602 7 -3819.13702652211
sc1sm1 233777 7 -4213.840571525624
sc1iesm 20791 7 -5802.4652406444775
sc2sm2 745518 9 -6084.267312411545
sc2 15638 10 -3260.6742291889004
sc12nm 516098 8 -5019.658071137626
sc3l 808551 11 -3419.601586318953
sc2e 721465 8 -3325.103096249867
sc2esm 939585 7 -3439.3801187931313
s2mi 378094 8 -7396.680663636373
sc1l 864371 6 -4175.909646526898
sc3lsm 981045 10 -10551.401953002915
sc2iesm 334403 9 -45015.05796320797
sc2il 813235 11 -2937.2021942403976
sc3mlsm 120196 10 -3667.1722666853852
sc2ilsm 761960 9 -2893.493297732344
sc2ielsm 621517 9 -2735.9680369021257
sc12imsm 994851 11 -54362.98128274842
sc3el 507454 11 -3441.412932247046
sc3emlsm 959950 10 -4140.4416975692075
sc12imlsm 162957 11 -2739.5754943535
sc1ielsm2 920540 11 -3603.89894299587
sc2el 681349 8 -3371.5674696738533
sc2iel 470502 11 -2729.943183782623
s2mismB 516914 7 -3761.5727902959634
sc3ml 151530 11 -3172.1995672430116
sc1il 998817 9 -3372.047032013422
sc1ie 977779 9 -16866.725079145817
sc12ilsm 182907 11 -3003.731454188542
sc2ie 935657 11 -17652.42136518313
sc12il 239686 13 -2915.8949016216184
sc1ilsm 792476 7 -3736.9040253669946
sc3el2 23883 13 -3893.2510164759174
sc3ml2 159411 13 -3213.5317442747946
sc12iml 84359 13 -3798.406039754659
sc3e 86921 11 -15039.441362791813
sc2ielsm1 524739 13 -2685.4156632612244
sc3elsm 907622 10 -5703.691144584656
sc1ielsm1 245578 11 -4095.347487605087
sc12im 509050 13 -15296.214549899216
sc3em2 21561 13 -11427.237082550153
sc3iesm 551683 12 -29456.796610798447
sc2ielsm2 242115 13 -2688.9372605767235
IMscsm 674554 7 -4917.253707300949
IM 560009 7 -3415.44395166402
sc3ielsm 947896 12 -3604.217555264897
sc3imlsm 680614 12 -2697.689908658419
sc3imsm 663136 12 -21768.80211507296
sc3ilsm 403051 12 -6825.933997253135
sc3ie 416070 14 -16960.603233526763
sc3im 250726 14 -27195.003620478885
sc3eml 659437 11 -7346.705477666546
IMsc2sm 175822 9 -3734.3180957744516
sc3emsm 514561 10 -3620.9634414491707
sc1i 203298 13 -4269.643748256415
sc3m 547144 11 -6177.8426420530795
IMsm 191354 6 -3736.201676799603
IMsc 694408 8 -3441.470663482693
sc12imlsm1 79665 15 -2857.9402086757195
sc3iem 829377 14 -8386.000680875723
sc3iemsm1 450039 16 -22260.845876165862
sc3iemlsm 493306 12 -7246.3636781853165
sc3iml 820172 14 -2786.860222502892
sc3ieml 558896 14 -3033.269307458507
sc3iemsm2 954634 16 -2717.0293636744004
sc3il 654309 14 -3624.3403913509883
IMsc2 393206 10 -3711.919265732206
sc3iel 482592 14 -2903.3832630325633
sc3ielsm1 824076 16 -2784.5503988958517
sc3imlsm2 727763 16 -3265.1365683461
sc3esm 307804 10 -17853.73693678402
sc12imlsm2 767099 15 -5296.699963477735
IMiscsmB 206679 10 -15503.41355705544
IMiscsm 168568 9 -4744.095552742559
IMisc 300439 11 -2763.4516877643055
IMism 447994 8 -2884.473783180563
IMi 103479 10 -7270.987945195962
IMisc2sm 310929 11 -2849.4301997560624
sc3imlsm1 519597 16 -3133.064862004045
sc2i 849076 15 -3002.2697003618205
IMisc2 347037 13 -2784.2640567204035
sc3ielsm2 829624 16 -3150.0779146130203
sc3msm 788393 10 -8538.176545282913
sc1e 544386 6 -19745.705047433505
sc3iemsm 359271 12 -49901.60508888455
sc1nm 472063 3 -5455.476637083414
IMscns 69548 4 -51134.940311779545
IMns 228697 3 -51096.065148724985
sc3ns 932598 6 -50987.16267450154
sc1ns 265366 2 -51256.14461083524
sc2ns 578078 4 -50987.09903117985
s2msm 400872 4 -4626.059883937914
sc1sm2 498570 7 -4626.034632806688
sc11nm 191105 5 -5449.33705355527
sc21nm 481845 7 -4877.8963140886035
sc1sm1 195080 7 -4197.127567427549
sc11 667918 7 -6196.846814404392
IMnm 191620 5 -4874.356458202525
s2m 621327 5 -4213.873397121117
sc1lsm 871530 5 -4594.907360588578
sc12nm 240011 8 -5888.561256727497
sc2sm1 988176 9 -3249.342367211093
sc2elsm 588801 7 -3707.9945621185802
sc2 254089 10 -3191.55462307429
sc2el 700717 8 -3371.5678720348897
IMscnm 759356 6 -4874.4215286759345
sc1ilsm 750680 7 -3736.905433625072
sc1l 631863 6 -4175.911333789015
sc2e 123125 8 -3917.7665220643457
sc3elsm 727236 10 -6057.409659467477
sc3em 189699 11 -3217.2556304300524
sc3e 207547 11 -61726.924418145114
s2mi 963707 8 -3370.6769716105537
sc3ml2 856559 13 -3142.8914309951656
sc2l 488866 8 -9625.343764385065
sc2iesm 256832 9 -10736.153821555361
sc1iesm 835108 7 -83829.17046313238
sc2ilsm 83103 9 -9286.873848974163
sc3l 365064 11 -4046.6020778610973
s2mismB 411407 7 -3734.901406727948
sc3lsm 427178 10 -4268.630741455475
sc3emlsm 520714 10 -4524.213929434537
sc2ie 869264 11 -6733.669773807405
sc2il 467333 11 -2810.0703478106448
sc2sm2 512140 9 -3225.5681586476553
sc12imlsm 155047 11 -2901.6776261636564
sc12il 67476 13 -2975.788808044759
sc12imsm 148548 11 -14409.237428446131
sc2ielsm1 242687 13 -9592.381331810268
sc3el2 703031 13 -5741.747465543069
sc12iml 184962 13 -2714.2720732966845
sc1esm 963856 5 -5020.039175610296
sc3esm 157208 10 -29132.030988936018
sc3ielsm 612831 12 -2699.180592808034
sc12ilsm 300425 11 -4075.93406785897
sc3el 768450 11 -3518.8940788124573
IMscsm 632758 7 -3733.5888607138877
sc1ielsm2 612979 11 -3728.5711502205427
sc3ilsm 455209 12 -2869.5669780435705
sc2ielsm2 633053 13 -2668.761135968261
sc1i 736496 13 -4145.801899673773
sc3imsm 881480 12 -6323.358498695758
sc3iem 757718 14 -16538.061509877054
sc3imlsm 575735 12 -3306.271958838814
sc3iemsm 91230 12 -104912.27476751475
sc3iml 242780 14 -2680.1382996034595
sc3ieml 47549 14 -2688.2369759605185
sc2i 849789 15 -2672.4113672593253
IMsc2sm 629076 9 -3709.337434643183
IMsm 843849 6 -3736.201607516558
sc3im 89057 14 -4375.985848931733
sc2ielsm 774382 9 -2735.9518214120335
sc3il 109277 14 -9612.280432891475
sc1e 677831 6 -17940.88318680862
sc1il 762108 9 -4543.40175400324
sc3imlsm1 600155 16 -2738.0318270097805
sc3iemlsm 712910 12 -3871.9936565190856
sc3mlsm 444427 10 -10247.641161875054
IM 153763 7 -3415.2859825609576
sc3ielsm2 275430 16 -2671.8287989823457
sc12imlsm1 924415 15 -3089.445897519558
IMsc 344359 8 -3338.9552302437355
sc1ielsm1 189303 11 -3370.6919802791153
sc1 823183 8 -7947.0258448918885
IMsc2 369171 10 -3836.930909791039
sc3em2 658869 13 -17505.764028641057
sc3ml 716129 11 -4898.47956642773
sc3iemsm2 893685 16 -24304.01524431014
sc12im 78089 13 -4954.019667697331
sc12imlsm2 132954 15 -3074.5433198416818
sc11sm 495448 6 -4627.025068015131
IMiscsm 183856 9 -2824.9697147070888
sc3imlsm2 448386 16 -3039.268135516164
IMisc2sm 552326 11 -2777.90723240519
sc2iel 567589 11 -3187.132838968911
IMism 792853 8 -2884.46859932833
sc3m 316531 11 -5614.695273408659
sc1ie 158698 9 -21336.604118847845
sc2esm 127699 7 -11833.195798236859
IMisc 998015 11 -2940.8750070168026
IMiscsmB 239270 10 -3453.191938418429
IMisc2 230433 13 -3969.3171298745874
IMi 6118 10 -2920.201509750232
sc3iemsm1 713628 16 -11894.879692701044
sc3ie 275480 14 -4782.713720641289
sc3eml 169392 11 -9625.459995640053
sc2lsm 300966 7 -11280.62322615571
sc3ielsm1 346881 16 -3377.536379424763
sc3emsm 615032 10 -14397.325876807154
sc3iem 553216 14 -14005.25606190828
sc3iel 416519 14 -3049.802293224298
sc3msm 630718 10 -3669.750624830448
sc3em 434767 11 -4038.5117636323193
sc12im 372614 13 -8266.695212747825
sc3ielsm 425374 12 -11258.84721266178
sc3iesm 133296 12 -12983.73503376919
sc3im 121454 14 -6589.319818711444
sc3iml 261458 14 -3551.020393980877
sc3imlsm2 387796 16 -4082.237487241052
IMisc 158714 11 -2945.8317494201665
sc3m 863607 11 -12482.47471280732
sc3imlsm1 567904 16 -4577.671916140858
sc3iemsm2 220347 16 -10894.150372735961
sc3msm 235540 10 -7162.48535928939
