IMscns 105384 4 -20439.77898414058
sc1ns 505366 2 -13411.909219522966
sc2ns 600695 4 -13411.92852242586
sc3ns 564827 6 -13412.048742005012
sc1nm 401045 3 -5560.506235977982
IMns 151646 3 -13308.106068280711
sc11nm 721847 5 -29453.30848757607
IMnm 80673 5 -34946.97478036386
sc21nm 837823 7 -6042.540436184837
IMscnm 289740 6 -5547.081902017273
s2m 844903 5 -3696.1840507158554
s2msm 12749 4 -3656.0648589785674
sc12nm 61196 8 -35283.71307186637
sc1lsm 812787 5 -3364.176847809419
sc1e 593475 6 -9782.401043814189
sc11sm 60177 6 -3496.9481845484884
sc1l 704984 6 -7682.811222575379
sc11 535089 7 -3497.140650147533
sc1sm1 606049 7 -3652.2607836325387
sc2lsm 352200 7 -3083.398224355126
sc2el 752216 8 -3015.6125691709162
sc2elsm 745876 7 -3014.0861548379326
s2mi 623785 8 -3116.030492951672
s2mismB 617189 7 -8391.208788868078
sc2sm2 676491 9 -3021.548630705991
sc2sm1 811326 9 -3076.682300677034
sc3l 823669 11 -3830.1696095208704
sc3mlsm 247803 10 -3673.089551798231
sc1iesm 45469 7 -16021.397984617404
sc3msm 626354 10 -22616.85307570449
sc3lsm 482634 10 -7886.566721882771
sc2iesm 595631 9 -77007.12428921067
sc2ilsm 460012 9 -4110.28228778514
sc2il 998711 11 -2687.242491308341
sc2 256418 10 -7135.218326818386
sc1 155652 8 -8822.302661952108
sc12ilsm 331856 11 -2655.5344255350533
sc1ilsm 461104 7 -2984.813983203525
sc1il 638846 9 -3318.731360711085
sc2iel 441235 11 -21647.158428228708
sc12imlsm 485137 11 -2604.427553142058
sc1sm2 671754 7 -3731.519698248496
sc12im 49352 13 -9144.037234697153
sc1ie 252958 9 -13516.091296211971
sc12il 296119 13 -3867.5551339799545
sc1ielsm1 827820 11 -15131.753683656494
sc3ml2 765734 13 -3011.851999419146
sc2ielsm 84669 9 -2763.8630136115135
sc12imsm 433726 11 -11696.096943044024
sc3im 369621 14 -40039.66178053727
sc2ielsm2 91943 13 -2586.0273834035743
sc3iemsm 818432 12 -64833.53855915652
sc3il 562562 14 -5435.957924920508
sc12imlsm2 309213 15 -2584.6451198274835
sc1ielsm2 198274 11 -4174.985046404053
sc3iem 431389 14 -48880.830272381005
sc1i 323206 13 -3083.2560450860665
sc3ie 814434 14 -75750.7107898797
sc3ilsm 828046 12 -2921.6969864331713
sc2i 164611 15 -2627.02574113835
sc12imlsm1 956062 15 -7014.019851647994
sc3imlsm2 573387 16 -2642.8321595523153
sc3iemsm2 264100 16 -17076.531058965247
sc3esm 563007 10 -8135.446548676201
sc3iemsm1 599901 16 -52180.768633806125
sc3elsm 268796 10 -3306.3972339952325
sc2ielsm1 988968 13 -14296.66261698313
sc3iemlsm 646916 12 -10199.497220455061
sc3ielsm1 613813 16 -3594.94494935663
sc3iml 147781 14 -2810.4082843512974
sc3emsm 13490 10 -48164.03752280997
sc3ielsm2 108885 16 -3508.1808238953886
sc2esm 241183 7 -4020.941364774624
IMsc2sm 518102 9 -2974.9097142747605
IMsc 156512 8 -3020.3107278314533
IMsm_ 611277 6 -3823.157321022643
sc3el2 394315 13 -4053.09332248407
sc3m 286207 11 -43593.52265906739
sc3ieml 235184 14 -2651.375336751287
sc12iml 4484 13 -3227.3719387877222
sc1esm 52514 5 -6307.6117173928915
IMism 513152 8 -2743.3574576143124
sc3em2 853828 13 -10107.91606339466
sc3imsm 718641 12 -5780.357306965864
sc3el 818670 11 -4298.114934036195
IMiscsmB 333688 10 -16776.608858875337
IMisc 325882 11 -2593.6349750117047
IMscsm 671288 7 -8400.345435043573
IMiscsm 974249 9 -2754.7412187457
IMi 48471 10 -2749.449921762233
IMisc2sm 774458 11 -5252.385175517618
sc2l 614162 8 -4440.396930639206
IMsc2 284061 10 -3271.722392437044
sc3iesm 841022 12 -102843.99303175395
sc3emlsm 817966 10 -8202.016545134948
sc3iel 764410 14 -2713.3652643216906
sc2e 102441 8 -50494.86289158581
sc3ml 661191 11 -5943.707541203839
sc3ielsm 435055 12 -2911.8489674035345
sc3imlsm 659116 12 -5636.934241863048
IM 805998 7 -5956.753158564584
sc3e 446216 11 -25430.679954313364
sc3imlsm1 513201 16 -3776.164077363967
sc2ie 584923 11 -58349.766551771594
sc1ns 278014 2 -13411.909314371642
sc3ns 498104 6 -13087.37418675423
IMns 420847 3 -20034.004627127455
IMscns 874772 4 -13193.84754695865
sc1nm 104796 3 -5560.504258657358
IMnm 463089 5 -5546.901703968727
sc2ns 361289 4 -13411.92171279197
sc11nm 396272 5 -12024.830806547445
sc11 274813 7 -3497.143635008896
s2m 284268 5 -3659.0852531301807
sc12nm 932808 8 -6407.899721650565
IMscnm 649460 6 -8598.420445743077
s2msm 136228 4 -3656.0649937653193
sc11sm 199679 6 -3496.449277771522
sc1lsm 778626 5 -3364.1769151088197
sc1e 276833 6 -10689.456988314892
sc1sm1 482270 7 -3364.0583770292787
sc1l 37236 6 -3364.0595243510193
s2mismB 852466 7 -16916.7708129801
sc1sm2 956820 7 -3737.2573323825472
sc2l 652069 8 -4229.360133152246
sc2el 94907 8 -3007.82232275115
sc21nm 590567 7 -35466.40220743495
sc1ilsm 777777 7 -34770.20399948272
sc1 759369 8 -3377.110496044654
s2mi 692927 8 -6648.918155032633
sc2elsm 730984 7 -3657.049445542986
sc3elsm 130182 10 -3564.2224313317065
sc1iesm 889050 7 -46002.800963191956
sc2sm1 204448 9 -8250.267622362297
sc3lsm 758800 10 -3489.6377349626173
sc2lsm 85218 7 -7590.628525505746
sc2ilsm 161463 9 -2621.648008000139
sc3ml 272954 11 -3084.1010372283436
sc2sm2 512011 9 -4006.2809018699418
sc1il 42904 9 -8343.669401435189
sc2ielsm 169238 9 -31172.830521154992
sc2il 392109 11 -2733.558908459866
sc2ie 464925 11 -9830.945935192198
sc2iel 645580 11 -10511.485095533646
sc3emsm 89962 10 -52731.41097077176
sc2 414616 10 -5967.703526814055
sc3ilsm 413372 12 -10093.585163894728
sc12il 855702 13 -2618.048293086872
sc3ml2 416203 13 -6271.609295328966
sc3esm 773825 10 -16934.442910430076
sc12im 441751 13 -5303.182951321733
sc12ilsm 96762 11 -2609.233775006261
sc2iesm 629469 9 -17109.861124628867
sc2ielsm1 453941 13 -2810.959163444757
sc2i 721284 15 -13976.252431299967
sc3iemsm 349052 12 -55698.376009553336
sc3iel 403137 14 -23077.763410371383
sc1ielsm2 741041 11 -4788.330945903205
sc1i 642256 13 -3661.1406477420383
sc3il 312958 14 -2681.5164758460346
sc2ielsm2 833718 13 -6893.772298281276
sc3iml 430690 14 -15154.186096733067
sc3iemlsm 645334 12 -4331.688441765333
sc12imlsm2 340860 15 -3891.275335155584
sc3ielsm 693383 12 -6296.791692807739
sc12imlsm1 508590 15 -3952.7556805876893
sc1ielsm1 941445 11 -7154.090487694126
sc3imlsm1 410016 16 -3637.1620542132046
sc3ieml 456582 14 -9283.662105818805
sc12iml 15324 13 -2784.625323609921
sc3ielsm2 113022 16 -5859.7972213575595
sc3msm 904580 10 -14150.31082455964
sc1ie 360192 9 -7600.371674849871
sc3iemsm1 69474 16 -36162.65141189517
sc3imlsm 468346 12 -3137.455247774623
IMscsm 716019 7 -4478.5474445175205
sc3im 763841 14 -50395.17575477303
IMsc 896389 8 -3552.6284059249174
sc3iemsm2 161753 16 -27995.410641024348
IMsc2sm 373362 9 -3232.730584472717
IMsm_ 661056 6 -3237.558610409362
sc3mlsm 20250 10 -3821.057612564482
IM 400510 7 -7126.207652155451
sc3imsm 640207 12 -7045.108201225632
sc3el 722232 11 -5348.286824678535
IMsc2 744015 10 -4802.514473254909
sc1esm 765961 5 -9922.036190252104
sc12imlsm 329481 11 -2809.9193941034605
sc3em2 491461 13 -48985.13379739272
sc2e 274950 8 -41574.86893176992
IMiscsm 354842 9 -23740.182862536065
sc12imsm 597983 11 -5874.150566800482
sc2esm 78181 7 -37198.323031313616
sc3e 740082 11 -42009.60385619775
sc3l 500178 11 -5630.27558975373
sc3m 724611 11 -47683.1775515676
IMiscsmB 926661 10 -2585.1423036756196
IMisc2 589053 13 -2700.7560250614397
IMisc2sm 111936 11 -3303.363735692828
IMisc 695764 11 -3117.6818886639508
IMi 138167 10 -2742.333537711544
sc3iem 176347 14 -36727.79323118435
sc3eml 488839 11 -3392.1480421295373
sc3el2 783371 13 -8101.990849388335
sc3ielsm1 558163 16 -4351.562476023058
sc3emlsm 61555 10 -5694.673776659836
sc3ie 711714 14 -45411.619287765185
sc3iesm 163362 12 -90451.01392670524
IMism 94670 8 -3453.8597003374107
sc3imlsm2 894355 16 -2690.132892591428
sc1ns 373418 2 -13411.909316731062
IMscns 826053 4 -13161.214565110215
sc2ns 254018 4 -13580.049387529018
IMns 162037 3 -13188.844006692063
sc1nm 875551 3 -5560.506251651231
IMnm 618944 5 -5546.965005521968
sc11nm 346780 5 -4710.293165185394
sc21nm 493786 7 -78039.72139041862
s2msm 155464 4 -3656.0646841284547
sc11 207013 7 -3497.257924345774
sc11sm 206016 6 -5984.857664959885
sc1esm 765485 5 -3665.250886436953
sc1e 165199 6 -41960.14039553075
IMscnm 147422 6 -5627.35534488262
s2m 986706 5 -3655.9238499734743
sc2e 223617 8 -55422.12570154159
sc3ns 536938 6 -13109.441216599213
sc12nm 770456 8 -38889.990061440825
sc1lsm 671407 5 -3364.1769128075366
sc1sm1 95703 7 -3699.086248569596
sc1sm2 943280 7 -3664.667171008578
sc1 215077 8 -3421.897370303664
s2mismB 630029 7 -3199.3774727537802
sc1l 317762 6 -4055.3007431678047
sc2l 640892 8 -4275.4323031684535
sc1ilsm 616810 7 -3012.842172816844
sc2sm1 749354 9 -6454.60843885142
sc2elsm 939783 7 -5351.997599857922
sc3msm 694207 10 -7246.994704971882
sc3lsm 605715 10 -6255.813621757428
sc3elsm 708975 10 -2975.153429164927
sc1il 172488 9 -2914.182331092808
sc2sm2 736419 9 -3607.3579196844075
sc2esm 431428 7 -26046.447168482948
sc3emlsm 133977 10 -2997.467554516942
sc2ilsm 143667 9 -2609.2442720906174
sc3mlsm 45453 10 -3494.4327149700966
sc3el 420698 11 -3089.624868169781
sc2il 245302 11 -12077.713471750432
s2mi 788965 8 -3093.828602806691
sc12imsm 552282 11 -73012.8057567598
sc3esm 528268 10 -37000.73191612208
sc3el2 517983 13 -3736.2936983982872
sc3ilsm 841565 12 -2584.5138303165795
sc12imlsm 702567 11 -2604.749433883981
sc3em2 818834 13 -7062.537083189228
sc1i 436333 13 -6572.777130677659
sc2 608337 10 -4097.3189991528325
sc2ie 741845 11 -53599.356837234
sc12ilsm 814315 11 -3783.4047142070167
sc3im 579738 14 -16865.2008230196
sc12iml 815086 13 -2742.335477609824
sc1ielsm2 214848 11 -12883.216898143753
sc3iesm 533498 12 -7991.199867194364
sc3emsm 98339 10 -67401.7009330734
sc1ielsm1 873473 11 -3182.8005980644534
sc2ielsm1 336761 13 -13887.649233962278
sc2el 839066 8 -3463.071099364454
sc3imlsm 983319 12 -7526.710323124224
sc1iesm 402811 7 -9127.029823841487
sc3ie 232051 14 -46137.25881009533
sc2ielsm2 904185 13 -2782.1679329314798
sc3iemlsm 200660 12 -19202.089909192397
sc3iel 712171 14 -2556.1159686855053
sc12il 852139 13 -2919.3505066988873
sc3imlsm2 94836 16 -13356.293722748691
sc3ml2 167558 13 -6778.021723775685
sc3eml 408859 11 -3708.197169929843
sc3iem 162503 14 -23420.228211504273
sc3ielsm2 936695 16 -24264.492512692144
sc3imsm 657099 12 -6690.181689019093
sc3ieml 719482 14 -2600.6972990142394
sc2i 819638 15 -3661.6198488062882
sc3ielsm1 922004 16 -3256.7535185332226
sc3iml 941598 14 -2761.1387114662434
sc3ml 985956 11 -8360.73726366188
sc2lsm 458139 7 -3881.3442664120194
sc3imlsm1 508178 16 -12311.887585295379
sc3ielsm 119637 12 -2581.2789359131284
sc3iemsm2 626828 16 -49768.44157772044
sc2iesm 505650 9 -8907.022092587822
IMscsm 557057 7 -3251.6961783225443
IM 827387 7 -7304.122969636501
sc3iemsm 742865 12 -29183.126432919642
sc3iemsm1 449731 16 -53833.20692700662
sc2ielsm 232194 9 -2984.294061875118
IMsc2sm 539989 9 -4756.469792990908
sc2iel 107122 11 -7069.462756057452
sc3e 985218 11 -31955.406276341273
IMsm_ 660386 6 -8265.116271656525
sc12imlsm2 300332 15 -3002.652578167831
sc3il 776522 14 -4282.450246631093
sc3l 43672 11 -5015.080927003906
IMiscsm 331823 9 -2597.950133384592
IMism 188403 8 -7088.295526489454
sc3m 309037 11 -51678.41619092462
IMiscsmB 455459 10 -2749.4230330200944
IMsc 567613 8 -7809.758073837356
sc1ie 822806 9 -38205.9553454081
sc12imlsm1 741721 15 -4406.015967716951
IMisc 367188 11 -4620.5127521740815
IMisc2sm 708392 11 -3267.0708888845406
IMi 950806 10 -2744.925517065312
IMisc2 573904 13 -4621.2007664218845
IMsc2 702401 10 -9068.271313213076
sc12im 416621 13 -54404.90884886093
sc1ns 30614 2 -19874.711970367418
sc1nm 41160 3 -5560.506251692267
IMscns 830974 4 -20601.4471099218
IMns 5082 3 -13193.927253453849
sc3ns 701088 6 -14126.592972059118
IMnm 923069 5 -5546.901328984431
s2msm 576999 4 -3656.065095733039
sc11nm 456654 5 -10171.72592405429
sc2ns 696879 4 -13412.364658113693
s2m 379549 5 -3655.923455764668
sc21nm 66748 7 -3985.4949655244936
sc11 901252 7 -3499.1566960617442
IMscnm 122731 6 -7947.941779503562
sc12nm 987941 8 -4316.175088195435
sc2lsm 595999 7 -4934.883207355111
sc1esm 532459 5 -29109.778452551363
sc1 168064 8 -3664.9087519043715
sc1lsm 805783 5 -3364.176504176269
sc1sm2 818122 7 -3381.109598736606
sc3lsm 495610 10 -3022.9684915778607
sc11sm 547679 6 -3656.0978262965214
sc2el 203230 8 -3422.0311997842014
sc2l 160515 8 -4909.062252698898
sc2 371402 10 -4363.628399784594
sc2sm1 655189 9 -5699.219893131893
sc1ilsm 148100 7 -3039.0128538022227
sc3msm 405667 10 -5789.612912032246
sc2sm2 138003 9 -8297.560554093096
sc3l 978431 11 -3077.3606226781203
sc3ml 626825 11 -2972.0565250004847
sc2il 768305 11 -2609.5224277212155
s2mismB 260016 7 -3157.68831156159
s2mi 507528 8 -3116.0310056034928
sc2ielsm 478208 9 -2604.4520538708457
sc2ie 178342 11 -11712.58684898516
sc1ie 694824 9 -44222.561669379545
sc1ielsm1 866247 11 -2938.1702852100293
sc3ilsm 769806 12 -15129.963153963294
sc3el2 444267 13 -5198.7404331659
sc12im 746431 13 -42253.74113768276
sc2ilsm 262617 9 -4136.630798073613
sc12imlsm 853041 11 -10986.152249215884
sc12il 916123 13 -4608.662875759988
sc3ielsm 542647 12 -2603.3101908227245
sc3iesm 425664 12 -88144.69067138553
sc2iesm 246474 9 -50840.76792409891
sc12ilsm 489780 11 -2573.882159865512
sc2iel 822137 11 -9727.639669451972
sc1ielsm2 474988 11 -7873.222619163313
sc1il 302301 9 -3728.12853856113
sc2ielsm2 564977 13 -2594.534070544267
sc1i 435689 13 -3672.7392898595194
sc3imlsm 716405 12 -2576.447202119215
sc3iel 173926 14 -2600.766263106017
sc3imlsm2 150177 16 -2566.1881906179583
sc12imlsm2 388048 15 -2779.475602911525
sc3im 711115 14 -52535.31113685205
sc3ielsm2 598502 16 -28720.486581709913
sc3ielsm1 619255 16 -8383.00233888129
sc3ieml 771962 14 -2595.9623491890375
sc1l 855746 6 -8909.9615050793
sc2ielsm1 956532 13 -2735.1414455695326
sc2i 881923 15 -5914.848006615208
sc3iml 626895 14 -2711.657016435031
sc3iemsm2 681609 16 -111503.86068088879
sc12imlsm1 478611 15 -2926.941906394265
IMsm_ 516235 6 -5469.268140099961
sc3elsm 389331 10 -9767.772285894778
sc3imsm 939663 12 -5343.140791290965
sc12iml 481311 13 -2688.2388891009914
IM 245408 7 -8095.595681317835
sc3iemlsm 770223 12 -2677.1489018258235
sc12imsm 88084 11 -18159.519336063582
sc3il 96647 14 -2951.55242854721
sc1sm1 821681 7 -10633.616545904433
IMsc2 512724 10 -6675.9917317424315
sc3imlsm1 874851 16 -4513.7551482891395
IMsc2sm 946201 9 -11015.65388720723
sc3ml2 717831 13 -3766.523474011901
sc1e 552493 6 -5526.536652941201
sc3iemsm1 743300 16 -9515.77136319526
sc1iesm 407448 7 -66636.39884752396
IMsc 735601 8 -3860.62555370045
sc3iemsm 284738 12 -11464.86574628385
sc2esm 823294 7 -12663.176967825964
sc3emlsm 718115 10 -6493.7506187220315
sc3emsm 913279 10 -6616.18697934658
sc3eml 18009 11 -4490.761953586645
IMisc2sm 973180 11 -25546.011903958257
IMisc 145208 11 -2603.3815630024765
sc3e 545913 11 -44683.55203196824
sc3mlsm 832762 10 -9044.513928937438
IMism 134098 8 -2743.340019660171
IMscsm 522640 7 -7689.268425872767
sc2e 507086 8 -62230.505525209344
IMiscsmB 874834 10 -4592.004026185618
sc3ie 682503 14 -47076.01201076428
IMisc2 409645 13 -3528.5523429588793
sc3esm 137691 10 -100393.62360785084
sc3em2 628194 13 -5640.855756210896
sc3el 373176 11 -4519.614416466411
sc3iem 97096 14 -53844.171108461676
IMiscsm 521539 9 -4821.179143148595
IMi 872196 10 -2751.200866700751
sc3m 730317 11 -28282.660374611587
sc2elsm 613783 7 -6187.133300279276
sc1ns 524678 2 -13411.909316730971
IMns 69420 3 -13188.844296826172
IMscns 534795 4 -13188.866877072383
sc2ns 796435 4 -13375.629133258599
sc1nm 105251 3 -10183.75628151908
IMnm 686464 5 -5546.9024253787475
sc21nm 804720 7 -5508.640463466359
sc11nm 635141 5 -3983.3865486081445
IMscnm 616978 6 -5547.07972003576
sc12nm 35513 8 -32903.918846129
s2msm 870195 4 -3656.065118152342
sc1l 527100 6 -4013.8322425685774
sc11sm 321011 6 -3496.9509259764877
sc11 101676 7 -3497.143520504318
sc2lsm 368355 7 -3083.3972575867774
sc1sm2 397844 7 -5531.148553044643
s2m 164439 5 -4048.97325197484
sc1ilsm 883454 7 -3005.0268414259513
sc2 54645 10 -2966.107456083961
s2mi 8643 8 -18650.826175321763
sc2e 765925 8 -7084.280463480313
sc2el 83605 8 -5371.350433136134
sc1iesm 529405 7 -49825.55411748103
sc3lsm 604744 10 -3113.1784542638275
sc1il 604771 9 -2913.746708055409
s2mismB 465986 7 -3509.436088995017
sc2l 952858 8 -5006.0933773758
sc3emsm 982430 10 -12561.390764204494
sc1ie 63754 9 -23869.556250987374
sc3emlsm 909836 10 -3013.582889077958
sc1sm1 16938 7 -3587.8484569212874
sc2sm2 219701 9 -3623.360215342091
sc2ilsm 366185 9 -2609.2545806323174
sc1 394153 8 -3495.1457631748167
sc2il 17184 11 -2740.055505708027
sc3ml2 889679 13 -4649.867530175858
sc2ielsm 72733 9 -2604.853510233815
sc3elsm 535441 10 -8787.552153443396
sc12il 783840 13 -2662.8627998959314
sc1esm 449597 5 -4756.255479424579
sc2sm1 561399 9 -2977.677509973367
sc3ml 686598 11 -3141.8950317299395
sc1lsm 140624 5 -10870.06829299895
sc12ilsm 363487 11 -2617.4089408557493
sc3ilsm 590649 12 -13506.330889586072
sc1ielsm2 303088 11 -4500.291768912283
sc2ielsm2 387919 13 -2555.62064916598
sc12im 778190 13 -4990.126838069853
sc3iesm 803189 12 -123011.22728627277
sc12iml 176671 13 -2608.9292766309363
sc2iel 602196 11 -2875.8645772477726
sc3iel 922411 14 -6150.936348418586
sc3imlsm 158027 12 -13479.079666076019
sc12imlsm2 766411 15 -16331.53365922335
sc3ns 869121 6 -13930.978527031652
IMsm_ 93213 6 -3238.6934465424442
sc1ielsm1 237709 11 -3298.229602221059
sc2ielsm1 831605 13 -2768.728816886618
sc2esm 146375 7 -49842.4060329775
sc3iemsm 46882 12 -3497.6128431374755
sc3e 419199 11 -69151.18998138771
sc12imlsm 523165 11 -3088.235376806458
sc3ielsm 497199 12 -2786.546875117707
sc1i 129427 13 -3245.3867193782717
sc3imsm 108463 12 -5736.883640427082
sc3eml 474109 11 -4487.576299130677
sc12imlsm1 746072 15 -2716.600619507079
sc3msm 487086 10 -3975.6963720452654
sc3imlsm1 165044 16 -2595.1670155498437
sc2ie 424066 11 -5465.546904176113
sc2i 188116 15 -2797.53128595015
sc3il 712977 14 -4028.6037344986203
sc2iesm 416810 9 -16995.26180981046
sc3ielsm1 207308 16 -4385.534355396018
sc3iml 82583 14 -2801.3357841591005
sc3m 965373 11 -4056.0961288422077
sc3imlsm2 237006 16 -2900.1969123283143
IMsc2sm 355867 9 -8107.925066688494
sc12imsm 327658 11 -5031.826908162945
sc3ielsm2 446377 16 -3291.908896976296
sc3em2 174166 13 -51877.38398903309
IMsc2 928377 10 -5954.558817547366
IM 640036 7 -3205.514716545495
sc1e 546205 6 -7077.47383435391
sc3iemsm2 631951 16 -12588.462877855485
IMism 295012 8 -6756.0857858109475
sc3el 329285 11 -4135.870410153448
sc3ieml 838236 14 -3383.5686383586667
sc3mlsm 160094 10 -3595.3163184916707
sc2elsm 859005 7 -7153.657887144714
sc3esm 749450 10 -54619.900192645095
sc3l 969514 11 -7910.228480851295
IMi 585310 10 -12292.4587553249
IMscsm 208563 7 -6449.71596317374
IMiscsm 988467 9 -2585.5234677099666
IMisc2sm 647784 11 -3090.033876262089
sc3el2 609756 13 -5946.961802417888
IMisc 636392 11 -2698.825460628413
sc3iem 182785 14 -47565.46917538051
IMisc2 39460 13 -5575.221018816748
IMsc 574086 8 -3245.2800157296674
sc3ie 776486 14 -56625.12643636547
sc3iemlsm 214749 12 -8088.485977212189
sc3iemsm1 479814 16 -35358.00778166168
IMiscsmB 26970 10 -2965.3793450919757
sc3im 507861 14 -48091.545427054174
