IMscns 286173 5 -12385.976195429532
IMns 272579 4 -13349.89667275078
sc1ns 990893 3 -17387.940066716226
IMnm 549891 6 -3492.6461481404012
sc2ns 992097 5 -12654.522675892398
sc11nm 948738 6 -4043.6847637308897
sc3ns 553905 7 -12707.175874830134
sc11 966766 8 -5376.661778169035
sc11sm 197720 7 -2384.317826095005
sc1nm 372846 4 -3504.9638382837197
s2m 859508 6 -2738.1694999713486
sc1esm 834239 6 -26588.001985769944
IMscnm 649463 7 -11786.285405384591
sc1lsm 965632 6 -2386.5273780021603
sc1l 555701 7 -2778.8043624146094
sc12nm 595868 9 -4134.814023505881
s2msm 426042 5 -2337.5158375789206
sc2lsm 681775 8 -2788.8831951421225
sc2sm2 122011 10 -1898.797458498569
sc1sm2 91383 8 -6768.563446239106
sc1iesm 975127 8 -31986.863107634003
sc2 890529 11 -2668.051479634331
sc3nm 776664 10 -10847.306263943887
sc1ilsm 992892 8 -2008.6096112049106
s2mi 181984 9 -1822.3043398628001
s2mismB 475084 8 -1818.873114769071
sc2elsm 687068 8 -1977.8098650658865
sc3emlsm 82672 11 -1956.251147518723
sc2ilsm 95611 10 -1807.1351133534113
sc1ie 937008 10 -9596.36930204681
sc2el 78282 9 -1899.8132352113598
sc3lsm 483564 11 -2156.6863022891207
sc21nm 87597 8 -15264.881428397593
sc2e 126445 9 -2820.5044988634054
sc3msm 862116 11 -22153.17112846991
sc2sm1 340605 10 -2049.7885500490515
sc3mlsm 647418 11 -2405.0339802733506
sc3elsm 836146 11 -2205.099471075365
sc12imsm 183298 12 -40052.90570951307
sc3el2 685006 14 -3312.727308131004
sc2il 143302 12 -1748.1074722912476
sc1ielsm1 210586 12 -5080.27661515068
sc2iel 491412 12 -1708.4195827859342
sc1il 162316 10 -1836.7288581057128
sc2ielsm 727280 10 -9990.326473227999
sc3em 478999 12 -2349.0093814359843
sc2ielsm1 801781 14 -1640.680871978681
sc1ielsm2 366065 12 -2062.6693507379628
sc3iemsm 553995 13 -39869.85603520163
sc2ielsm2 234465 14 -1671.8662553575077
sc3iesm 465887 13 -27252.5468436343
sc3em2 411541 14 -15115.109404768311
sc12im 844056 14 -11373.346486081402
sc3l 360655 12 -1972.8434046773968
sc1 848121 9 -2209.389990849012
sc12iml 991742 14 -1736.8692459295519
sc12imlsm1 358926 16 -2009.3680587551094
sc12il 947140 14 -1847.7829262829587
sc3im 262149 15 -24192.878777113212
sc1i 292068 14 -4674.17410311922
IMscsm 817110 8 -4416.709233979562
sc3m 97975 12 -35154.31149035401
sc3imlsm 696955 13 -2137.868293299096
sc3iemsm1 154691 17 -6858.060120977125
sc3iem 867311 15 -5987.574844289199
sc3iel 51212 15 -5884.726616071062
sc3ilsm 451228 13 -2904.8613063465714
sc12ilsm 417955 12 -5219.868872095292
sc2esm 103631 8 -4777.938541321623
IM 871559 8 -1941.7211256226792
sc12imlsm2 324456 16 -1811.9613666216394
IMsc2sm 405945 10 -5849.777965996215
IMsm 725791 7 -2026.8936028014878
IMsc 690974 9 -2223.136104241375
sc3imlsm2 44807 17 -2050.742206445232
sc3imlsm1 315817 17 -1793.01291991785
sc3il 521054 15 -1897.361544585968
sc3ml2 561987 14 -2255.396374987883
sc3iml 485826 15 -2300.438499341706
sc3iemlsm 72179 13 -1885.686930363825
sc3ieml 533851 15 -2201.1619888362065
sc3ielsm1 992039 17 -1741.628144362565
sc2ie 523865 12 -5854.343185843273
sc3esm 48173 11 -16234.533502391114
sc12imlsm 215469 12 -1885.550203835404
IMiscsmB 142952 11 -1723.3130643450336
IMsc2 32516 11 -2670.3564248416424
sc1e 504411 7 -22749.677415192746
sc3iemsm2 791374 17 -9478.135166330345
IMiscsm 42410 10 -1730.7894950632813
IMisc2sm 771707 12 -4795.9061287572595
IMisc2 240749 14 -1839.1655631891695
IMism 828279 9 -1778.5815428369337
sc3imsm 270250 13 -5478.074933704214
IMi 184065 11 -1739.050315290915
sc3ml 603394 12 -2957.9617771484254
sc3eml 451151 12 -2708.823251234821
sc1sm1 244461 8 -4726.776203450501
IMisc 821554 12 -1725.890855501975
sc2l 929988 9 -2017.3414329385382
sc3e 921702 12 -20066.168817192694
sc3ielsm 483361 13 -4436.307486607554
sc3emsm 19962 11 -21242.902111409003
sc3ielsm2 161986 17 -5212.312808315241
IMns 204891 4 -12384.29597573404
sc1ns 698598 3 -17389.040869578577
sc2ns 450992 5 -17391.65647646052
sc11sm 357833 7 -2014.9856660154805
sc3ns 632230 7 -12658.062504563217
sc11 818793 8 -2227.144656605747
sc11nm 264490 6 -2175.440794807223
s2m 652905 6 -2222.442955012813
sc21nm 789387 8 -3957.938357309869
sc1nm 617129 4 -3504.9562771586898
IMscnm 353459 7 -3493.885552972327
IMscns 948188 5 -12384.868090114267
sc1e 716337 7 -36933.388948063955
sc2elsm 975597 8 -1977.8252953675226
sc1 633903 9 -2224.3465488534594
sc2l 872930 9 -2896.946880697553
sc1lsm 889583 6 -2337.9441020538134
sc3nm 299384 10 -3453.8630317079
sc2sm1 899265 10 -1892.2074667857205
sc1sm1 319109 8 -2266.595153392817
s2msm 966573 5 -2337.497848765972
s2mi 389603 9 -1816.9536267434833
sc2sm2 773197 10 -1863.8357933448467
sc2el 276202 9 -3053.7077032330308
sc12nm 700350 9 -7875.62127956057
sc1ilsm 474169 8 -2008.28517815506
IMnm 847350 6 -3492.627457865937
sc1sm2 817290 8 -2136.0637523432392
sc2lsm 426661 8 -2164.72070248774
sc3elsm 654553 11 -2751.861620710581
sc3mlsm 722892 11 -3503.1977706681473
sc1l 135256 7 -2222.233371739368
s2mismB 471398 8 -2068.647810279288
sc1il 930505 10 -1810.345363062219
sc2ilsm 323649 10 -2139.6556261581845
sc3lsm 110721 11 -6029.074662633497
sc3e 764154 12 -16924.5161396989
sc12ilsm 61008 12 -1652.4564767913862
sc3ml 497940 12 -2632.4665427325535
sc12im 974470 14 -48593.93703265744
sc1ie 281034 10 -16434.33853018779
sc3msm 778293 11 -21875.839177843984
sc3em 734286 12 -2077.230699642707
sc2e 249762 9 -34249.84554754994
sc12imsm 688087 12 -31608.169202460347
sc2ie 419213 12 -14547.063381082684
sc2ielsm 236862 10 -5945.836964062799
sc3m 401712 12 -9392.961741121317
sc2iesm 259491 10 -5952.460992247391
sc2il 721177 12 -2148.983116967531
sc3ml2 448815 14 -1850.7934078344676
sc2ielsm1 694324 14 -1641.9878706491122
sc3emsm 822300 11 -12649.69288097478
sc3em2 672369 14 -7164.745214488614
sc2 805133 11 -2383.066882960932
sc2esm 474719 8 -3778.1377035727232
sc1ielsm2 516527 12 -5044.510328554181
sc3iesm 799539 13 -16695.32244055364
sc3imsm 384842 13 -61076.20496638473
sc2i 188323 16 -2061.8994269599975
sc3ilsm 925112 13 -2567.4937701243243
sc3il 493940 15 -3406.4109624603116
IMsc 473336 9 -1898.6352021459197
sc12imlsm 422111 12 -2168.7639961905743
sc1ielsm1 133009 12 -1973.9529379584194
sc3im 120885 15 -22638.421283404645
sc3iem 580748 15 -4783.616630864009
sc3iemsm 478100 13 -47057.781653460406
sc3iel 189747 15 -1913.3724152160844
IMsm 455280 7 -2081.4935350031765
sc3imlsm1 203457 17 -6307.0290593346435
sc12imlsm2 757068 16 -1892.2601925307463
IMscsm 439364 8 -2015.8676082786458
sc12imlsm1 368389 16 -1765.5203534979948
sc3imlsm 886238 13 -1713.386861878843
sc12iml 621233 14 -1712.245816288476
sc3iemsm1 117359 17 -10323.514763060399
sc3iemlsm 91925 13 -1753.2042842133158
IMsc2sm 176274 10 -1978.2719914267664
sc1i 914418 14 -1994.6451805640686
sc3ielsm 298390 13 -1768.4160522720033
sc3eml 720074 12 -2352.6644363090927
sc3iemsm2 394382 17 -2358.6247231762563
sc3ielsm2 966047 17 -2151.675771713786
sc1iesm 737108 8 -9626.271932093628
IMsc2 704479 11 -2053.7370338196224
IM 473894 8 -2384.1510684240598
sc3ielsm1 337497 17 -1921.0171743951248
sc12il 936038 14 -2071.8204793998616
sc3emlsm 628659 11 -1990.383871703747
sc2ielsm2 793240 14 -1749.0887382792107
sc3imlsm2 654361 17 -1733.558681580244
IMiscsmB 333442 11 -1725.1745404873598
sc1esm 998560 6 -25575.20136652207
IMism 771850 9 -1927.7496151581772
IMisc 272090 12 -2493.7272798780655
IMisc2 188999 14 -1681.5859999387421
sc3l 273063 12 -2377.758410596759
sc3ieml 120699 15 -1784.1492956452976
sc3esm 300489 11 -5789.376449115282
IMi 313266 11 -1734.8907976979635
sc3ie 473400 15 -62326.04722134324
IMiscsm 409109 10 -3912.3585222166917
IMisc2sm 502479 12 -2145.1948382202786
sc2iel 444533 12 -1823.9857785227252
sc3iml 351636 15 -1847.5674093101602
sc3el2 243020 14 -4036.3275503053565
IMns 129601 4 -12802.797885171076
IMscns 583683 5 -12392.225684786987
sc1ns 486844 3 -12653.289069768085
sc2ns 122801 5 -12653.16953852888
sc11nm 844626 6 -2175.640597602993
sc1nm 193853 4 -3504.9678502796014
sc11 891718 8 -2649.609490377153
sc11sm 393219 7 -2389.560844198727
IMscnm 243479 7 -3500.2070841517575
IMnm 977098 6 -9937.925623944104
sc1esm 344655 6 -4010.901335330118
sc21nm 603377 8 -25650.668640377542
sc1lsm 838893 6 -2337.7114466273633
sc1l 615675 7 -2603.6894482633356
sc1sm2 163109 8 -6339.110813763538
sc12nm 15154 9 -20722.35817168182
sc1 258269 9 -4819.003487656218
s2msm 542909 5 -2337.5206815161473
sc1sm1 724095 8 -2279.543028236026
sc3ns 836260 7 -12654.5727600643
sc2elsm 60641 8 -3874.726732663829
sc2el 555577 9 -2137.767519384613
sc2l 274845 9 -2188.4961782726036
sc2lsm 668808 8 -2164.7191319682165
sc2sm2 311779 10 -1919.3161543337908
sc2esm 559139 8 -10852.25550507677
s2mi 57620 9 -2057.276440364474
s2mismB 646948 8 -1887.4691716280004
sc3nm 824918 10 -3537.797650473606
sc1iesm 334862 8 -12443.298723281188
sc3emlsm 164197 11 -1968.90310312461
sc1ilsm 941645 8 -13958.179337111227
sc3lsm 220494 11 -2104.1201160837268
sc2ilsm 211116 10 -1807.8231936956527
sc3m 392868 12 -1905.4995742083133
sc3em 361860 12 -1858.6655377943482
s2m 704280 6 -4121.48045623137
sc3l 288646 12 -2729.091219904679
sc12imsm 255588 12 -48050.885012764134
sc2ielsm 390586 10 -1739.5098772953147
sc1il 778999 10 -1899.5440972081901
sc1ie 603267 10 -10838.583071045106
sc2il 648079 12 -1806.5650174782638
sc12im 994292 14 -29866.698016853374
sc3ml2 165263 14 -2326.7812193455766
sc12ilsm 610737 12 -2573.10753511396
sc12imlsm 702447 12 -1646.8565249937903
sc2iesm 980320 10 -26888.38738940064
sc3el2 306544 14 -2227.888642298605
sc3eml 862534 12 -2221.3895357181727
sc1ielsm2 932986 12 -2007.0521562894348
sc2ielsm1 194465 14 -3223.378867011864
sc3imlsm 885203 13 -1691.6715426522378
sc2 567170 11 -2170.535897513694
sc3il 86797 15 -10359.469854583756
sc2i 697486 16 -4931.179148181412
sc3iemsm 567019 13 -19242.6217765869
sc1e 861134 7 -2195.998340340744
sc3elsm 138648 11 -2853.747662150292
sc12il 719535 14 -2324.80081171623
sc12imlsm2 267009 16 -6893.290055580224
sc3msm 63737 11 -3202.623866909753
sc2e 933146 9 -2178.286692489057
sc2iel 357967 12 -2016.4542874395781
sc3iesm 738657 13 -19114.94062765975
sc1ielsm1 329537 12 -2037.0127562750756
sc3esm 44349 11 -25100.108889765135
IM 874135 8 -6760.676423615177
sc12iml 982253 14 -1915.2664315152574
sc3ielsm2 877341 17 -4631.705103887763
sc3ielsm1 787367 17 -1667.693010950688
IMscsm 502200 8 -2025.9245182674672
sc2sm1 666290 10 -1939.260892458828
sc3ielsm 983559 13 -1743.5262955623411
IMsc2 441134 11 -1857.50083056201
sc12imlsm1 936548 16 -1870.2465069495706
sc2ielsm2 118983 14 -1787.80478620356
IMsc 913896 9 -2079.21841896462
sc3ieml 165710 15 -1754.9437751945045
sc3mlsm 78184 11 -5381.126144317777
sc3imlsm2 822464 17 -1856.4872535090506
sc3iel 55395 15 -2062.439911921967
sc3iml 630561 15 -2094.843409118138
sc3emsm 716615 11 -5996.1365301680335
sc3iemsm1 625514 17 -7394.684704794058
IMsc2sm 112772 10 -2027.6355281868139
sc3imsm 493307 13 -14966.588663467588
sc3iemsm2 597353 17 -2962.568818681656
IMsm 440886 7 -2026.8035798302208
IMism 221500 9 -1779.213898863105
sc3ilsm 212019 13 -12020.187572801384
sc3im 585712 15 -19639.832372196794
IMisc 248582 12 -1766.1995588616817
IMi 714771 11 -1770.3847362064382
sc1i 288237 14 -1820.033538856515
IMisc2sm 590004 12 -2385.944161784504
sc3iemlsm 11442 13 -2639.899763028125
IMiscsmB 34712 11 -1804.2050923301188
IMisc2 587546 14 -3184.0166879883604
sc3em2 214813 14 -7587.582315683101
IMiscsm 578050 10 -2087.415366618839
sc3e 122739 12 -27522.530081237972
sc3iem 28923 15 -4761.435697660072
sc3ie 356671 15 -21247.07374159515
sc3ml 755184 12 -2251.4505478840438
sc3imlsm1 390228 17 -2092.820027826755
sc1ns 426442 3 -17388.005570515565
IMscns 268392 5 -12384.874179867458
sc11nm 945395 6 -5437.470490210559
sc2ns 274860 5 -17474.527515256726
sc1nm 94338 4 -3504.9578892033173
sc11sm 3471 7 -2014.7971253008159
sc1esm 114188 6 -5115.12201485145
sc1lsm 325469 6 -2337.8315842342067
sc3ns 208497 7 -12297.615903300899
IMnm 262312 6 -3492.670471736875
IMns 877523 4 -12426.045400335086
sc12nm 911326 9 -32572.317545261285
s2m 774489 6 -2222.386993707194
sc2elsm 283941 8 -1977.824159304075
sc21nm 230952 8 -2176.5494081201896
sc2esm 60922 8 -5142.1730416117725
s2mi 524665 9 -21604.79841601736
sc2lsm 280365 8 -2164.7200503225245
sc2e 209503 9 -11998.485160828837
s2msm 837815 5 -2337.5011917011147
sc1sm2 719134 8 -2228.6674076050404
sc2 215881 11 -1842.3644876779629
sc2sm1 420519 10 -1862.051890927385
sc2el 532680 9 -3045.2144734689946
sc2l 622730 9 -2670.831244351727
sc1iesm 112783 8 -3857.567071567495
sc11 563356 8 -2338.088701154311
sc2sm2 497201 10 -2264.323761243654
sc3lsm 132506 11 -2077.256830805566
sc3mlsm 14515 11 -1970.1658292728903
IMscnm 483151 7 -3500.2018362391786
sc1ilsm 1798 8 -2768.5517220623615
sc3l 344391 12 -2221.6670103398988
sc2ilsm 878331 10 -1807.1233276389748
sc1il 559286 10 -3036.0545849364585
sc3elsm 758013 11 -2574.473933416073
s2mismB 446782 8 -1821.6315504563681
sc1sm1 305385 8 -2017.347608394034
sc3msm 580862 11 -14911.858871960445
sc1l 329445 7 -2213.7864655308617
sc3nm 314738 10 -3527.784832845006
sc1ielsm2 468500 12 -15073.281020663177
sc3ml2 385312 14 -8560.771947395537
sc1ie 194375 10 -46149.659879469364
sc3ml 851015 12 -2772.1035656369713
sc2ielsm 364340 10 -1703.5597741875638
sc3emlsm 194836 11 -2658.2395988601374
sc2iel 312669 12 -9213.845991064343
sc2il 206497 12 -1800.5164312908475
sc12ilsm 168953 12 -5180.371392514909
sc12imsm 187926 12 -78272.12066961356
sc2ie 955100 12 -16249.694025317986
sc1e 401639 7 -2196.0057050195264
sc3ilsm 337088 13 -27590.2372970856
sc1ielsm1 437538 12 -2018.7816572684676
sc3iesm 977342 13 -80159.78595440106
sc12il 146605 14 -1761.6450212456175
sc3em2 886239 14 -28770.689035744443
sc3ielsm 496065 13 -1710.480773429836
sc12imlsm2 253348 16 -25608.958552934047
sc1i 493888 14 -1890.8040405722963
sc3ie 760963 15 -54286.36626546028
sc3em 708653 12 -2243.1682284454364
sc2ielsm2 989470 14 -2153.0369066367493
sc3imlsm 61259 13 -4845.164058330263
sc3im 755788 15 -4021.0877039724655
sc12imlsm1 833700 16 -1772.0064182906776
sc3iml 617505 15 -1875.4305474463522
sc3iemsm 447515 13 -11679.426474324173
sc3imlsm2 186626 17 -1723.3484536027795
sc3ielsm1 667439 17 -12454.193743723576
IMsm 96519 7 -2026.8946331753152
sc12imlsm 234480 12 -1880.347280534461
sc3il 433496 15 -1748.3062988729926
sc3ielsm2 952984 17 -14478.154555354655
sc1 998542 9 -4118.85735461359
sc3iel 176200 15 -3691.1506385485995
IMscsm 825998 8 -4650.263582525081
sc12iml 918574 14 -1732.4935243624943
IM 808134 8 -2009.2642970668965
sc2iesm 542827 10 -5273.710162877485
sc3imsm 493471 13 -6873.671966757747
IMsc2sm 127101 10 -1978.201875054599
sc3iemsm1 947493 17 -10679.957731397728
sc3esm 134297 11 -11535.38640566609
IMsc2 359467 11 -1861.4790490478235
sc12im 876945 14 -5648.564683442493
sc2ielsm1 144719 14 -1832.2957781336004
IMiscsmB 999156 11 -1723.3315544547402
IMism 873360 9 -1780.0972892679492
IMisc2 215125 14 -1682.148561348599
IMisc 595444 12 -3675.8445711551376
sc3el2 911802 14 -1891.2529555335652
sc3iem 361206 15 -21803.08341756071
sc3m 603003 12 -3904.7777810968546
sc3emsm 885828 11 -22538.304465675305
sc3iemsm2 818123 17 -6217.842364376149
IMiscsm 224833 10 -1776.0946717194693
IMi 696096 11 -1734.0333515005664
sc3iemlsm 295086 13 -2230.556623841884
sc3imlsm1 826211 17 -1854.15582525859
sc3ieml 706554 15 -1837.581957203488
sc3eml 938177 12 -4227.215877600209
IMns 198312 4 -12384.325233603495
sc11nm 862268 6 -3863.3063199591197
IMnm 363987 6 -3492.7049403731535
sc1ns 439224 3 -12653.277752736296
sc2ns 315569 5 -12653.276917402212
sc3ns 407300 7 -17390.08594942077
sc1lsm 695698 6 -2338.057636073483
sc1nm 124495 4 -3505.0484904782274
sc1e 41958 7 -6999.328267076003
s2m 388695 6 -5383.692278462085
sc1l 679474 7 -2222.3994065657425
sc1sm1 701681 8 -2213.5967050991812
sc1 788560 9 -2962.578496166228
IMscns 681629 5 -12386.553844823447
s2msm 943145 5 -3440.681933572218
IMscnm 364877 7 -3547.717429882234
sc2lsm 846020 8 -8252.969636319183
sc2l 674925 9 -2006.5504519343576
sc11 150309 8 -2223.532260161168
sc12nm 218080 9 -12357.526713308358
sc2sm1 596937 10 -1856.2572865540196
sc11sm 961927 7 -2352.197935982099
sc1esm 180787 6 -3504.8250830829033
sc1iesm 931408 8 -23906.34389778369
sc2 156920 11 -1844.4754820396151
sc2el 656185 9 -3957.644761339354
sc2e 385789 9 -2051.6221186655803
sc1ilsm 521604 8 -2008.7032377927708
sc2elsm 333804 8 -1977.8230915394147
sc3lsm 778103 11 -3589.1957701007896
sc21nm 494187 8 -7241.991800420499
s2mismB 873980 8 -2060.2714947060203
sc12ilsm 43838 12 -18628.672516761013
sc3ml 965452 12 -9554.172959203046
sc12imsm 938258 12 -43081.4216723761
sc3emsm 432697 11 -2447.8604817355554
sc1ie 278077 10 -20947.788396440155
sc3nm 213526 10 -29970.472480383385
sc3emlsm 780289 11 -2025.495353854005
sc3mlsm 30921 11 -8681.03659893504
sc1il 681935 10 -2017.528483204155
sc3l 605700 12 -3059.821771168373
sc2ielsm 715011 10 -3585.7693460844084
sc3msm 977330 11 -4292.936049037447
sc2il 697929 12 -5535.224810512771
s2mi 652427 9 -6745.39118105656
sc1ielsm2 266279 12 -10646.319494710797
sc3em 601692 12 -7094.215227996582
sc2ie 262605 12 -1813.1372843588636
sc2iel 665908 12 -2562.816268840719
sc12imlsm1 954273 16 -1645.7799031035574
sc2ielsm1 176082 14 -1668.458651403099
sc1sm2 628340 8 -2005.7657680125699
sc2ielsm2 773822 14 -1737.8109142967494
sc3m 844105 12 -10245.720428415581
sc3ilsm 67367 13 -3720.519953988256
sc2i 735125 16 -1744.6061157205793
sc3imlsm 764981 13 -1801.4523848751733
sc3iemsm 837370 13 -21416.18113571463
sc3im 381445 15 -12528.732948289233
sc12iml 697247 14 -1825.123359360004
IMsm 659415 7 -6765.885571149301
sc3il 304076 15 -1725.2874958739303
sc3ielsm2 838453 17 -3484.269107360683
sc2esm 780476 8 -14182.204247947682
sc12imlsm2 756805 16 -1691.0904719996884
sc3imlsm2 493811 17 -1684.833250256279
sc12im 661759 14 -34291.13905131987
sc3iemlsm 835616 13 -1774.9023663447076
sc3iemsm2 404306 17 -17279.480540934583
IMscsm 977015 8 -2027.3255512545918
sc3iem 700621 15 -6174.497864772551
sc3ieml 941056 15 -1748.5755960096567
IMsc2 416469 11 -1857.7199512840966
sc3em2 675417 14 -14299.428587391736
sc3eml 749133 12 -1908.0310236614823
sc1ielsm1 926738 12 -2016.6074948174064
IMsc 788006 9 -1916.156991015651
sc3ielsm1 639578 17 -1660.48232014503
sc2sm2 249298 10 -1999.6851523262428
IMism 939230 9 -1778.5823953207537
sc2iesm 910171 10 -19701.96710783054
sc12imlsm 192241 12 -1738.9074995214148
IMiscsm 161312 10 -1730.7736509333336
IMisc2sm 110588 12 -1692.152361808289
sc3esm 113544 11 -27670.2860168537
IMsc2sm 211044 10 -1977.6928684646546
IMisc 967493 12 -1774.7087181775805
sc1i 944916 14 -1834.647462262575
sc3elsm 905401 11 -2596.220868029617
sc3imlsm1 694218 17 -1844.2095031069734
sc3ie 683035 15 -16796.18460897511
IMisc2 710375 14 -2059.4196745671816
IMi 286029 11 -1737.946791918715
IMiscsmB 432365 11 -1741.4225413054546
IM 558207 8 -2636.938082880849
sc3ml2 411585 14 -2228.5874478712576
sc12il 310844 14 -1784.9668209353822
sc2ilsm 494345 10 -6701.181606762476
sc3imsm 52003 13 -11319.956879804273
sc3el2 697017 14 -2374.113188795864
sc3e 436860 12 -11512.830196330915
sc3iml 231744 15 -1784.1051672112449
sc3iel 170941 15 -3256.608082712826
sc3iesm 916637 13 -13573.943476681108
sc2iesm 843370 10 -1735.459246109193
sc2ie 279477 12 -36769.450964417614
sc3ie 953614 15 -96507.5841452234
sc2i 25962 16 -1749.7021694797659
sc2i 452638 16 -2014.6828050071615
IMsc 553446 9 -3360.723395368045
sc3iemsm1 113341 17 -12955.139115262456
sc3ielsm 800868 13 -2065.697948028371
sc3e 176416 12 -38901.01839440866
IMisc2sm 155816 12 -1777.210109641571
