CHROM POS prob log10.PO. qval alpha fst
chr10 4269 0.9892 1.9618 0.0029388 1.5613 0.42985
chr10 42897 0.9988 2.9202 0.00030006 1.5337 0.42472
chr10 99906 0.97459 1.5839 0.0071268 1.4455 0.4088
chr10 101767 0.93739 1.1753 0.019643 1.138 0.35198
chr10 112158 0.89738 0.94174 0.03111 1.217 0.36805
chr10 127738 0.87998 0.8652 0.039837 1.2917 0.38223
chr10 137915 0.97479 1.5874 0.0068798 1.2624 0.37444
chr10 158324 0.9988 2.9202 0.00030006 1.7036 0.45586
chr10 165382 0.97199 1.5404 0.0081282 1.2509 0.37215
chr11 10997 0.9854 1.8292 0.004117 1.5194 0.42211
chr11 18694 1 1000 0 1.8184 0.47749
chr11 101947 0.92619 1.0986 0.02293 1.2674 0.37667
chr12 10748 0.9894 1.97 0.0027932 1.4591 0.41083
chr12 12620 0.93179 1.1354 0.020852 1.163 0.357
chr12 30261 1 1000 0 1.785 0.47172
chr12 50123 0.93039 1.126 0.021676 1.3828 0.39794
chr12 94085 0.84037 0.72135 0.048323 1.1602 0.35883
chr12 97851 0.90318 0.96981 0.028519 1.4237 0.40617
chr12 129953 0.93499 1.1578 0.020041 1.4082 0.4028
chr12 137322 0.85357 0.76561 0.046408 1.3313 0.39024
chr12 161998 0.9766 1.6204 0.0061195 1.6531 0.44696
chr13 61392 0.89158 0.91504 0.035656 1.1347 0.35265
chr13 75584 0.94379 1.2251 0.016945 1.1701 0.35789
chr13 142176 0.96679 1.4641 0.009729 1.2914 0.38009
chr13 167985 0.88278 0.87684 0.038249 1.2758 0.37937
chr14 94542 0.83677 0.7098 0.049657 1.1621 0.35935
chr14 169894 0.94859 1.266 0.015495 1.4328 0.40718
chr15 155443 0.93939 1.1903 0.018086 1.2211 0.36767
chr15 158051 0.91758 1.0466 0.023896 1.2215 0.3683
chr18 84790 0.9986 2.8532 0.00041388 1.626 0.44187
chr19 37091 0.96139 1.3962 0.011216 1.2817 0.37846
chr2 47415 0.90638 0.98595 0.027489 1.2195 0.36823
chr2 88814 0.9966 2.467 0.00094756 1.5663 0.4307
chr2 92809 0.9874 1.894 0.0032603 1.43 0.40551
chr2 110596 0.88318 0.87852 0.037722 1.2969 0.38327
chr2 117046 0.91178 1.0143 0.024919 1.1821 0.36114
chr2 138662 0.9994 3.2215 0.00020004 1.6032 0.43782
chr3 20356 0.90818 0.99524 0.026976 1.2003 0.36454
chr3 21591 0.94859 1.266 0.015495 1.5265 0.42426
chr3 26017 0.95379 1.3147 0.01262 1.4318 0.40651
chr3 36938 0.93079 1.1287 0.021266 1.509 0.42129
chr3 44166 0.95179 1.2954 0.013687 1.4335 0.40679
chr3 46812 0.97139 1.5309 0.0083842 1.1697 0.35708
chr3 75752 0.85917 0.78539 0.043983 1.2436 0.37381
chr3 79745 0.9972 2.5515 0.00075444 1.6412 0.44479
chr3 84381 1 1000 0 1.7466 0.46472
chr3 96194 0.9968 2.4934 0.00088126 1.4365 0.40652
chr3 100405 1 1000 0 1.5895 0.43517
chr3 117260 0.88078 0.8685 0.038781 1.0972 0.34588
chr3 139087 0.9866 1.8669 0.0035939 1.4334 0.40611
chr3 153009 0.97499 1.591 0.0066287 1.4761 0.41442
chr3 161211 0.9994 3.2215 0.00020004 1.5391 0.42562
chr3 163180 0.86457 0.8051 0.041579 1.0939 0.34582
chr4 4588 0.9964 2.442 0.0010156 1.6332 0.44279
chr4 7704 0.93799 1.1797 0.018872 1.5145 0.42216
chr4 10520 0.9998 3.6988 2.8577e-05 1.6876 0.4534
chr4 16738 0.993 2.1518 0.0016003 1.4077 0.40123
chr4 26564 0.89638 0.93705 0.033648 1.3898 0.40026
chr4 32934 0.88858 0.90172 0.036674 1.0754 0.34163
chr4 38357 0.93859 1.1842 0.01848 1.2756 0.37795
chr4 41642 0.89718 0.9408 0.032142 1.0356 0.33382
chr4 53862 0.87718 0.8538 0.040372 1.1804 0.36171
chr4 59804 0.992 2.0933 0.0018557 1.3758 0.39528
chr4 63401 0.9996 3.3977 0.00014003 1.5342 0.42476
chr4 84631 0.88618 0.89129 0.037191 1.2874 0.38137
chr4 86992 0.89458 0.92869 0.034149 1.0971 0.34561
chr4 93898 0.95679 1.3452 0.011902 1.1665 0.35694
chr4 96850 0.90238 0.96585 0.029039 1.3594 0.3945
chr4 109198 0.97419 1.5769 0.0073725 1.2457 0.37131
chr4 115281 0.9978 2.6565 0.00051623 1.4955 0.41762
chr4 115520 0.996 2.3961 0.0010902 1.4996 0.41834
chr4 131683 0.9906 2.0227 0.002512 1.717 0.45842
chr4 133354 1 1000 0 1.8943 0.49174
chr4 149461 0.9974 2.5838 0.00069426 1.6955 0.45447
chr4 150455 0.9854 1.8292 0.004117 1.4079 0.4015
chr4 151751 0.9796 1.6813 0.0051324 1.3891 0.39801
chr4 153439 0.9952 2.3166 0.0011807 1.346 0.38945
chr4 157510 0.9992 3.0965 0.00022505 1.4168 0.40277
chr4 158526 0.95339 1.3108 0.013328 1.3288 0.38735
chr4 161283 0.97019 1.5126 0.0086486 1.534 0.42546
chr4 161290 0.96979 1.5066 0.0089115 1.5504 0.42856
chr5 2957 0.9998 3.6988 2.8577e-05 1.8434 0.4824
chr5 2962 1 1000 0 1.8495 0.48344
chr5 3561 1 1000 0 1.8039 0.47452
chr5 5619 0.86337 0.80066 0.042181 1.2492 0.375
chr5 9270 0.92879 1.1153 0.022092 1.3777 0.39696
chr5 11384 0.96539 1.4455 0.010018 1.558 0.42969
chr5 12198 0.89638 0.93705 0.033648 1.1823 0.36156
chr5 15366 0.90038 0.95608 0.030584 1.3114 0.3857
chr5 17155 0.83977 0.71941 0.048985 1.0918 0.34601
chr5 60517 0.9948 2.2816 0.0012764 1.4262 0.4047
chr5 77081 0.9814 1.7222 0.004901 1.3123 0.3837
chr5 85148 1 1000 0 1.7704 0.46873
chr5 109146 0.9884 1.9304 0.0030935 1.4564 0.41053
chr5 122697 0.9982 2.7439 0.00046009 1.5535 0.42839
chr5 129607 0.96259 1.4105 0.010908 1.2606 0.37438
chr5 136748 1 1000 0 1.7274 0.4605
chr5 137001 0.9944 2.2493 0.001377 1.5967 0.43626
chr5 158093 0.95079 1.286 0.01405 1.287 0.37966
chr5 158426 0.997 2.5215 0.00081683 1.6596 0.44782
chr5 160709 0.96759 1.4751 0.0094495 1.2681 0.37573
chr6 4894 0.86517 0.80733 0.040977 1.1993 0.36556
chr6 12425 0.9976 2.6187 0.00057512 1.4245 0.40417
chr6 12428 0.9756 1.6018 0.0063735 1.2058 0.36364
chr6 21940 0.96499 1.4404 0.010306 1.4259 0.40547
chr6 22276 0.89698 0.93986 0.032648 1.2222 0.36903
chr6 23654 0.9996 3.3977 0.00014003 1.8263 0.47934
chr6 27928 0.97219 1.5436 0.0078734 1.4834 0.41569
chr6 30339 0.94819 1.2625 0.016194 1.4686 0.41366
chr6 46524 0.91258 1.0187 0.024408 1.3334 0.38925
chr6 55734 0.86197 0.79553 0.043377 1.0908 0.34518
chr6 67536 0.9996 3.3977 0.00014003 1.747 0.46442
chr6 78960 0.95759 1.3537 0.011558 1.2295 0.36866
chr6 82999 0.9914 2.0617 0.0023769 1.3929 0.39855
chr6 90902 0.88958 0.90613 0.036165 1.1118 0.34847
chr6 108548 0.87998 0.8652 0.039837 1.1067 0.34778
chr6 137775 0.90578 0.98289 0.027998 1.3518 0.39296
chr6 140139 0.9916 2.072 0.0021229 1.5921 0.43528
chr6 151288 0.9996 3.3977 0.00014003 2.1126 0.52881
chr6 158113 0.94279 1.2169 0.017321 1.5088 0.42108
chr6 167707 0.9836 1.7779 0.0044978 1.3848 0.39731
chr7 3942 0.93399 1.1507 0.020441 1.3999 0.40106
chr7 24728 0.95059 1.2842 0.014407 1.3292 0.38756
chr7 26918 0.9838 1.7833 0.0043088 1.3303 0.38692
chr7 26921 0.94419 1.2283 0.016571 1.1484 0.35378
chr7 28791 0.9996 3.3977 0.00014003 1.6694 0.44992
chr7 37768 0.9928 2.1394 0.0017221 1.3765 0.39536
chr7 41492 0.9986 2.8532 0.00041388 1.5208 0.42234
chr7 49795 0.85697 0.77754 0.045196 1.0778 0.34299
chr7 54365 0.89718 0.9408 0.032142 1.082 0.34258
chr7 54703 0.93779 1.1782 0.019259 1.3448 0.39088
chr7 63676 0.95499 1.3267 0.012258 1.4214 0.40466
chr7 64085 0.96939 1.5007 0.0091729 1.3942 0.39929
chr7 73302 0.85737 0.77896 0.044592 1.2323 0.37188
chr7 74136 0.9872 1.8871 0.0034248 1.3577 0.39193
chr7 89452 1 1000 0 1.8491 0.48335
chr7 91108 0.96319 1.4178 0.010607 1.2795 0.37795
chr7 91835 0.9942 2.234 0.0014776 1.7387 0.46234
chr7 104982 0.9914 2.0617 0.0023769 1.5878 0.43455
chr7 116422 0.85177 0.75939 0.047021 1.1284 0.35259
chr7 117480 0.9996 3.3977 0.00014003 1.6531 0.44694
chr7 128091 0.9994 3.2215 0.00020004 1.7099 0.4575
chr7 151381 1 1000 0 2.1393 0.53547
chr7 151888 0.986 1.8477 0.0037674 1.4028 0.40051
chr7 160104 0.92819 1.1114 0.022506 1.3354 0.3894
chr8 46468 1 1000 0 1.8957 0.49211
chr8 64394 0.9974 2.5838 0.00069426 1.3377 0.38776
chr8 68914 0.9904 2.0135 0.0026458 1.3906 0.39808
chr8 78177 0.95339 1.3108 0.013328 1.2609 0.37483
chr8 79693 0.90918 1.0005 0.025956 1.1841 0.36156
chr8 98004 0.9776 1.6398 0.0056214 1.3285 0.3868
chr8 108030 0.983 1.762 0.0046902 1.3288 0.38663
chr8 110577 0.97399 1.5735 0.0076145 1.4977 0.41821
chr8 121193 0.90078 0.95802 0.030073 1.3134 0.38578
chr8 129821 0.9784 1.656 0.0053746 1.422 0.40421
chr8 133927 0.94859 1.266 0.015495 1.4495 0.41011
chr8 133931 0.94819 1.2625 0.016194 1.4433 0.40907
chr8 141786 0.86217 0.79626 0.042782 1.1588 0.35803
chr8 153100 0.91778 1.0478 0.023416 1.3341 0.38936
chr8 168014 0.89318 0.92228 0.034654 1.2498 0.3743
chr9 3355 0.85597 0.77401 0.045798 1.0077 0.32989
chr9 36433 0.90838 0.99629 0.026469 1.1321 0.35177
chr9 36464 0.89278 0.92046 0.035155 1.1176 0.34947
chr9 90070 0.9916 2.072 0.0021229 1.5747 0.43237
chr9 119963 0.9768 1.6242 0.0058726 1.5098 0.42031
chr9 123352 0.90158 0.96192 0.029557 1.332 0.38915
chr9 132839 0.90918 1.0005 0.025956 1.1439 0.35394
chr9 134586 0.9986 2.8532 0.00041388 1.601 0.43708
chr9 154161 0.84697 0.74309 0.047656 1.1371 0.35437
chr9 169245 0.94259 1.2153 0.017692 1.3617 0.39408
