IMscns 495719 4 -679.8057432858017
sc1nm 723319 3 -329.5485989702732
sc1ns 105344 2 -687.3123299026753
IMns 76555 3 -679.8057271004775
s2m 13741 5 -304.7090986836513
sc2ns 914552 4 -676.074719331932
s2msm 711903 4 -305.02105632097187
sc11nm 193111 5 -348.9266615473325
sc1esm 7886 5 -585.8244610319407
sc1l 134152 6 -305.93459335364963
sc1e 950933 6 -632.3229621578907
IMscnm 870902 6 -329.2379122829118
sc11sm 451702 6 -328.6183113419725
IMnm 756937 5 -366.0191415749346
sc1sm2 254752 7 -305.02129735028825
sc11 38683 7 -304.7138851992131
sc2lsm 959627 7 -410.2882834415208
s2mismB 413526 7 -292.5806261878806
sc12nm 615419 8 -421.46880173336257
sc2l 593285 8 -289.3001392145005
sc2sm2 346634 9 -499.5923290373205
sc2elsm 704742 7 -303.1354426830567
sc1lsm 257188 5 -305.2014085914486
sc2 716258 10 -281.75887121289634
sc3l 785448 11 -289.3402031395361
sc3emsm 359354 10 -292.95945180489633
sc1 406230 8 -304.70691749628236
sc2el 875065 8 -299.7161943833787
sc3elsm 601899 10 -311.127441829222
sc2sm1 981141 9 -285.23122282848226
sc1ie 931361 9 -759.5938320104881
sc1il 49486 9 -416.74136429614725
sc3eml 217526 11 -288.6228307443482
sc1iesm 537572 7 -295.44568118108214
sc3el2 1764 13 -304.3433215163789
sc1sm1 890045 7 -302.8672434694903
sc1ilsm 394421 7 -327.66555235608786
sc2iesm 523976 9 -479.79519554848474
sc2il 17759 11 -253.82269135799294
sc12ilsm 599416 11 -893.1619492014196
sc2ilsm 901154 9 -290.6288564260362
sc12il 4572 13 -804.3673020924513
sc3el 482822 11 -288.72199283488993
sc1ielsm1 238507 11 -291.90096780067796
sc2ielsm 888491 9 -317.4912594980331
sc3ns 673206 6 -677.6418439627399
sc12imsm 36691 11 -886.8770861893361
IMsm_ 17982 6 -303.6064501902294
sc3ielsm 197154 12 -597.9570777600616
sc2e 132719 8 -348.37124158979736
sc12imlsm2 849390 15 -436.45370748188935
sc2ielsm1 346879 13 -295.71443644906407
sc2i 910860 15 -341.50676834041167
sc12iml 3160 13 -261.09766231571626
sc2iel 352242 11 -275.05990165575497
sc12imlsm 190284 11 -289.19424717128453
sc3ml2 210861 13 -292.7806964838004
sc3iml 819920 14 -252.7582187276982
sc3ie 743518 14 -2282.112723916945
sc12imlsm1 700657 15 -376.6051715474116
sc2ielsm2 448264 13 -251.42892271221874
sc3msm 170551 10 -814.5258391327263
sc3ilsm 623538 12 -287.92055199639634
IMsc 675319 8 -293.8202457585189
sc3ml 451135 11 -339.7112398974682
sc3iem 671830 14 -519.1399528442103
sc3imlsm 60293 12 -289.6365603108927
s2mi 10291 8 -296.0919775836721
sc3iemsm 566390 12 -288.8426495046415
sc3em2 838211 13 -304.93371964591614
sc3il 398892 14 -385.10598028120785
IMscsm 315256 7 -324.94157404623957
sc3imlsm2 827783 16 -246.41780009475698
IMsc2sm 14730 9 -312.32327338965933
sc3lsm 500566 10 -544.6700033715009
sc2esm 383159 7 -425.80972027002286
sc3e 953859 11 -901.4541198816582
sc12im 779103 13 -283.45136735791027
sc3ielsm1 961647 16 -411.2614419315622
sc2ie 324921 11 -305.0414804394029
sc1ielsm2 869880 11 -302.6548037422751
sc3iel 658764 14 -281.9710986947758
IM 768886 7 -293.81657152151683
sc3m 822485 11 -452.7394717000563
IMism 243169 8 -1048.8201151450103
IMsc2 237369 10 -334.27232189787264
IMiscsm 729984 9 -288.80307424973944
sc3mlsm 22159 10 -328.04096509441746
sc3ieml 448370 14 -427.63722811686625
IMi 469823 10 -293.6793159411414
sc3iemsm2 659856 16 -355.2863404271984
IMisc 197012 11 -331.9460896172238
sc3im 350534 14 -1588.645324111884
IMisc2sm 733071 11 -371.8124423307843
IMisc2 149689 13 -286.0265787504602
sc3ielsm2 343414 16 -272.54533445592426
sc21nm 64768 7 -309.3966469626937
sc1i 588338 13 -411.7746310580954
sc3esm 740384 10 -1684.454966400918
sc3imsm 939749 12 -393.64526324581783
sc3iesm 33743 12 -793.1071761538557
sc3imlsm1 594793 16 -263.4039736728337
IMiscsmB 459021 10 -322.81983273254383
sc3iemsm1 334977 16 -710.8346498055314
sc3emlsm 101004 10 -327.99944706839756
sc1ns 660815 2 -1071.2937585234006
IMns 469798 3 -722.1041833669227
s2msm 267587 4 -305.021128917329
IMscns 515046 4 -679.8057457757349
sc1nm 84569 3 -329.5485976099022
sc2ns 494539 4 -687.3124430971125
s2m 271292 5 -304.7090977446801
sc1lsm 617304 5 -305.725590680857
sc1esm 157735 5 -739.7127992532344
IMnm 924495 5 -738.3300620376508
sc11nm 410412 5 -305.9374144432942
sc21nm 946249 7 -329.56215597591404
sc1l 918959 6 -304.98499334432336
sc2l 708529 8 -291.1009966015263
sc1sm2 87564 7 -305.0398459592015
sc11sm 239363 6 -305.0225729535697
sc12nm 228851 8 -568.8752358931235
sc2elsm 141266 7 -298.02012444543436
sc1sm1 865432 7 -302.86735217492117
IMscnm 117825 6 -770.2659473328068
sc11 855612 7 -304.72561152490107
s2mi 472653 8 -292.1349502578495
s2mismB 963398 7 -366.4165890416745
sc2el 283158 8 -402.68156955311105
sc2lsm 369123 7 -303.47554405427616
sc2sm2 357827 9 -285.3103766696922
sc1ilsm 596794 7 -295.4161131248412
sc1 150227 8 -740.8243472263807
sc1e 722819 6 -317.80471361733606
sc1iesm 667371 7 -656.8053733730391
sc3msm 421760 10 -531.5457781506141
sc3eml 275903 11 -315.5306992021849
sc3ml 140314 11 -289.34382390187255
sc1il 746895 9 -628.357981962821
sc3esm 644234 10 -1033.9034635022836
sc3l 641833 11 -294.5205189424098
sc2il 992343 11 -255.75213430743963
sc2 463176 10 -289.16310244880407
sc3em2 345516 13 -264.41016450900077
sc1ie 350135 9 -506.17682060992945
sc1ielsm1 920238 11 -292.61308383139664
sc2ie 453768 11 -557.5641070721413
sc3emsm 52783 10 -308.2402736962167
sc2iel 248011 11 -245.85797826340942
sc2ielsm1 342833 13 -286.2371069296926
sc3el2 166499 13 -304.2367766568185
sc3ilsm 507785 12 -290.4315260128798
sc12il 677734 13 -253.48878783498486
sc12im 792911 13 -567.6782331017766
sc3ns 961891 6 -726.048917653523
sc12imlsm 660833 11 -324.16924691453835
sc3iesm 283659 12 -1760.3729681571383
sc12imsm 838126 11 -509.34638701084793
sc2sm1 557084 9 -290.8222287799629
sc1ielsm2 732622 11 -291.49634446302474
sc2ilsm 568011 9 -288.11641032295734
sc3ml2 268897 13 -273.169884502435
sc1i 11324 13 -310.20821113676044
sc3iem 885552 14 -1650.7080971668545
sc2ielsm 6996 9 -295.4530362920252
sc3ielsm 477529 12 -354.7579136242323
sc3iel 304648 14 -391.62469314107307
sc3imlsm 377762 12 -386.40009506017515
sc3iml 420464 14 -251.9416871676355
sc2iesm 181402 9 -286.63845264775324
sc3ieml 376759 14 -270.79028145273975
sc3il 716925 14 -299.1932947320837
sc3imlsm1 47322 16 -291.5799269048451
sc12imlsm1 829727 15 -479.39332986342765
sc3iemsm2 971464 16 -1439.9140362984717
IMsc 806534 8 -601.7680294197643
sc3ielsm2 579069 16 -288.3960997568924
sc12imlsm2 308003 15 -287.63919007547935
IMsc2 4047 10 -293.77058990061687
sc3imlsm2 794754 16 -283.32781002812624
sc3iemsm 478084 12 -316.2107229665745
IM 929417 7 -302.95646228722467
sc12ilsm 672970 11 -307.256557171491
IMism 663735 8 -289.83034181866435
sc2esm 213696 7 -1017.285375462161
sc2i 653889 15 -283.655528927571
IMsc2sm 303887 9 -306.2393563913211
sc3im 478019 14 -1469.8455632968441
IMisc 669793 11 -778.7825645129451
IMiscsmB 464817 10 -432.95833162955654
sc2e 244761 8 -308.65863588005345
IMisc2sm 498891 11 -436.14976434043626
sc2ielsm2 207038 13 -271.1030390406476
sc3iemsm1 744891 16 -286.6286762701647
IMiscsm 806529 9 -290.5811889842148
IMisc2 731110 13 -248.76702512629043
IMi 901301 10 -306.68709160712103
sc3elsm 625957 10 -558.7097032529687
sc3el 17482 11 -298.2377395930922
sc12iml 693525 13 -414.35151431543306
sc3e 771165 11 -480.4694742985863
sc3imsm 304568 12 -538.8937588988831
sc3emlsm 2787 10 -333.0800791957842
sc3lsm 738151 10 -341.32270505387055
sc3iemlsm 991354 12 -327.91785615296294
sc3mlsm 417311 10 -540.4853426669246
sc3ielsm1 599596 16 -259.01472627377984
IMscsm 226792 7 -328.9296213210961
sc3ie 45216 14 -459.083442389051
IMsm_ 513493 6 -329.67312425448756
sc3m 694069 11 -390.4611493239853
sc1ns 696909 2 -1071.2938217535693
sc2ns 973845 4 -687.3105803065379
IMscns 168910 4 -679.8055078943605
IMns 947298 3 -684.3786680034583
sc3ns 297697 6 -687.3124536927587
sc11nm 884844 5 -329.5500029725708
sc1nm 215943 3 -329.548448343394
sc11sm 434371 6 -303.31071199619447
sc11 500714 7 -302.0406892271922
s2m 949283 5 -304.7090816770642
s2msm 775524 4 -305.0210962881979
sc1l 686868 6 -305.7213353745859
sc21nm 612314 7 -329.55017292497433
IMscnm 862480 6 -338.582879799748
sc12nm 149355 8 -410.91048352574376
IMnm 702706 5 -329.3144236085719
sc2el 772582 8 -299.1306936747552
sc2elsm 216773 7 -323.8350987557206
sc1sm1 945349 7 -338.98578893629946
sc1e 950018 6 -304.81885701871323
sc1ilsm 960408 7 -295.4160903020576
sc2sm1 815899 9 -284.0753568758227
sc3mlsm 976764 10 -369.32296942819465
sc1esm 844296 5 -306.90473089507196
sc2 697365 10 -283.83168185653705
sc1 321660 8 -303.3028663294915
sc3l 234972 11 -538.0250599896252
s2mi 921633 8 -294.26431946268394
sc2ilsm 430529 9 -294.4027558101975
sc3ml 646153 11 -490.46705345329724
sc3msm 56741 10 -357.5984718007555
s2mismB 388535 7 -292.5880230812187
sc2iesm 797156 9 -286.6544661708324
sc1il 947346 9 -293.38378129489195
sc3el2 890700 13 -472.9196026516669
sc3emlsm 612905 10 -306.8704892764071
sc3el 906714 11 -292.9441546877497
sc3eml 255789 11 -303.7398227765641
sc3ml2 431616 13 -282.48481954675486
IMsm_ 894232 6 -303.6064501968388
sc1ielsm1 369411 11 -291.9529808005617
sc2il 18291 11 -304.44494293844207
sc12imsm 507134 11 -545.7326722837904
sc2ie 515931 11 -399.1687720120785
sc1ie 571782 9 -329.53611351159606
sc12imlsm 543706 11 -600.3044972024568
sc1sm2 865735 7 -301.91980691320487
sc12iml 563009 13 -291.22608429962077
sc2lsm 436309 7 -544.6702221736336
sc3lsm 164875 10 -303.3296024006733
sc1i 521339 13 -293.64030260252895
sc12im 672804 13 -419.2298924504815
sc12il 849979 13 -502.2891265712828
sc1iesm 153560 7 -1616.456124068718
sc2ielsm1 304814 13 -483.8327403297854
sc3em2 775272 13 -281.09000042494256
sc3iemsm 563159 12 -370.70795313881484
sc3imlsm 653544 12 -510.2326494477577
sc3il 174561 14 -353.9397194064285
sc3iemlsm 188184 12 -914.1604729727699
sc3iel 389552 14 -786.4044090222718
sc12imlsm1 229612 15 -286.0607512172525
sc3iemsm2 331144 16 -879.6583232775977
sc1lsm 338127 5 -544.6721308881258
sc3im 328372 14 -738.1483338581877
sc3iml 808418 14 -354.31390243312114
sc3ielsm2 368342 16 -531.6424436062402
IMscsm 353231 7 -461.6382426873904
sc3imlsm1 398271 16 -347.4114378259777
sc3ieml 407678 14 -409.05277758913485
sc1ielsm2 493889 11 -294.3837193010054
sc3imsm 930462 12 -455.7188575387929
sc12ilsm 641624 11 -288.08903288423943
sc3esm 473878 10 -1252.445022212715
sc3m 368562 11 -315.4896915684123
sc12imlsm2 805210 15 -278.0729829947482
IMsc 724478 8 -302.2971929169794
sc2ielsm2 412988 13 -262.2473015081514
sc3ilsm 112124 12 -347.1213366727442
IM 951441 7 -293.85570488846946
IMism 840554 8 -289.83328004578203
sc3emsm 59741 10 -410.8902109224407
sc3iesm 535006 12 -488.6115428776385
sc3ielsm1 735257 16 -456.578922102134
IMisc2sm 171949 11 -591.8288995655158
sc3iemsm1 264204 16 -552.0360149500825
IMsc2sm 146922 9 -414.99748996680717
IMiscsmB 771328 10 -339.08880382566446
IMisc 414142 11 -523.5418897969329
sc2esm 770984 7 -455.5855423691969
IMisc2 221936 13 -324.2287008723941
sc2e 508568 8 -379.60024395556644
sc3iem 525900 14 -595.4337534644596
sc3ielsm 545227 12 -724.47886309022
IMsc2 676985 10 -316.72273831621857
sc2i 796261 15 -263.02524457325484
sc2l 75651 8 -820.0425398109601
sc2sm2 556845 9 -312.7786115446341
IMi 289327 10 -293.4343466907432
sc3elsm 523403 10 -328.0618090611518
sc3e 296500 11 -852.2852426360378
sc3imlsm2 86703 16 -263.75245943757
sc2ielsm 527603 9 -327.9121072236817
sc2iel 664299 11 -291.68834162408837
IMiscsm 431858 9 -356.2497136967475
sc3ie 915380 14 -815.4592138176367
sc1ns 488736 2 -1071.293722722638
IMns 815167 3 -679.8057331284463
sc2ns 517559 4 -687.3139905588117
IMscns 562902 4 -679.8076287681213
s2msm 508075 4 -305.0211289204945
sc3ns 328181 6 -676.1116124352924
s2m 53025 5 -304.7090986753251
sc1nm 222719 3 -329.5485630623444
sc11nm 374262 5 -305.9373942996234
sc1lsm 67512 5 -305.02328000585715
sc1esm 561091 5 -455.54135714161805
sc1l 528910 6 -304.7287734120236
sc11sm 147070 6 -305.023490151544
sc12nm 413010 8 -341.2491203725332
IMnm 300440 5 -329.31439754702944
IMscnm 48489 6 -329.7778994421209
sc1e 697247 6 -329.06475352373104
sc21nm 592494 7 -305.93683451014607
sc11 31886 7 -304.7105014952034
sc1sm1 297379 7 -302.869685721015
sc2lsm 218898 7 -303.7083839589461
sc2elsm 83292 7 -360.6133938347167
sc2esm 999459 7 -300.7267912286899
sc2l 285591 8 -303.98765815502185
sc2el 410326 8 -289.1551245739403
sc2iesm 361858 9 -1102.1625205617927
sc1iesm 368962 7 -2923.626082251878
sc2sm1 583204 9 -300.7344062771577
sc2sm2 588811 9 -288.0554375922157
sc2 683633 10 -290.57953606410564
sc3emlsm 631448 10 -318.2186724551441
sc3l 532637 11 -596.3516797066602
sc3m 518744 11 -379.3417006065645
sc3elsm 889997 10 -321.0755891230645
sc1ie 112927 9 -612.8585445046058
sc3el 783191 11 -288.9404766524123
s2mi 894005 8 -292.1585558586978
sc2ielsm 13724 9 -940.8648482230482
sc1ilsm 501338 7 -295.415720955354
sc3e 218476 11 -330.02490602983266
sc3el2 915158 13 -572.2116999369163
sc3ml2 529023 13 -289.54170610490405
sc3msm 708025 10 -435.1723121377385
sc12imsm 242591 11 -878.4626307599747
sc2il 572764 11 -287.78915024420576
sc1il 186463 9 -299.03295744852187
sc12imlsm 291711 11 -414.1789070495964
sc2ielsm1 673924 13 -897.0991422465295
sc1 144644 8 -301.51187165038584
sc12ilsm 713649 11 -288.4670099701843
sc1i 586151 13 -671.2297412008306
sc1sm2 6787 7 -301.92214482706197
sc3iesm 190098 12 -1131.8348497354687
sc3imsm 786178 12 -634.8009524476802
sc3ielsm 681143 12 -321.9343008665869
s2mismB 764985 7 -301.97569853422505
sc3imlsm 969229 12 -279.31209436896603
sc3em2 923260 13 -818.8278437809843
sc12imlsm2 675598 15 -509.84586144606243
sc3il 293670 14 -1020.1220167936093
sc3iemsm 749516 12 -1242.8554625419772
sc2i 348025 15 -384.05372122253914
sc3iml 644846 14 -924.0446897031158
sc12iml 568901 13 -275.26820532311126
IM 775837 7 -303.6653184267134
sc3iemlsm 643458 12 -393.1040855313808
IMsm_ 867296 6 -377.948450181194
sc3ieml 75961 14 -288.104441842409
sc3im 148065 14 -602.9846973591842
IMsc 828778 8 -303.47464162383443
sc12imlsm1 244815 15 -285.28721174428324
sc3ielsm1 466848 16 -287.8350122969806
sc3ie 420066 14 -1338.8162339221647
sc3ielsm2 495113 16 -347.6121103487135
sc3iemsm1 606830 16 -1986.1369023568054
sc2iel 236823 11 -271.16418143560986
sc12il 493910 13 -258.73542072914455
sc3iemsm2 272183 16 -1358.618330352724
IMsc2sm 549805 9 -395.8708800190935
sc3mlsm 377218 10 -328.4423840483783
sc1ielsm1 343778 11 -294.2717240043046
sc2ie 200852 11 -5806.7980452439215
sc3lsm 263821 10 -331.0821356190549
sc1ielsm2 91787 11 -295.4972945466019
IMsc2 574623 10 -334.6200126258176
IMscsm 991668 7 -328.47989466233327
sc3ml 542284 11 -413.1448041909271
sc3esm 793829 10 -501.092818019387
sc2ielsm2 953299 13 -276.85715522885613
IMism 555372 8 -620.6168028187001
sc3iel 679013 14 -262.3850848786478
IMiscsmB 36467 10 -288.0044930364344
IMisc2sm 561196 11 -499.64839695891425
IMiscsm 705562 9 -297.52142155708066
sc3imlsm1 811719 16 -259.9314902537353
IMisc 829126 11 -365.3657842898672
sc3iem 421773 14 -459.0326754169645
IMi 525808 10 -323.5272143554148
sc3imlsm2 947432 16 -288.4848663608149
sc12im 43846 13 -560.7856968389679
IMisc2 463178 13 -324.34218059511403
sc2e 849000 8 -1002.5012075763944
sc2ilsm 647737 9 -334.29316377668505
sc3ilsm 359548 12 -610.058212475946
sc3eml 854717 11 -334.10182251771374
sc1ns 440172 2 -1071.293559674316
sc2ns 389241 4 -1071.2951187697051
IMscns 254093 4 -679.8134911080954
IMns 596319 3 -679.8057277002201
sc3ns 32170 6 -687.3129776832408
sc1nm 528617 3 -329.5485640852795
s2msm 860975 4 -856.2057831690851
sc21nm 832029 7 -329.5488873483309
sc11 65067 7 -304.71272580726765
sc11sm 447977 6 -302.51568908117116
sc11nm 474707 5 -305.9374015545278
s2m 445432 5 -304.7090971775841
sc1esm 577412 5 -329.5476055631503
sc12nm 349091 8 -288.64016287552903
sc2elsm 785073 7 -298.73496048889257
sc1sm1 695246 7 -357.84717990467806
sc2l 428857 8 -304.9846615402547
IMnm 12589 5 -329.3144223860676
IMscnm 114929 6 -329.93696155708164
s2mi 924327 8 -294.2397190816541
s2mismB 281539 7 -295.7869502847799
sc2e 764206 8 -310.7025444194518
sc1lsm 586810 5 -305.0214738866656
sc2sm1 370002 9 -284.7762048376496
sc2lsm 853293 7 -303.33226456930663
sc1sm2 28770 7 -337.43230072498363
sc2el 638270 8 -297.77551717258524
sc3l 801976 11 -319.0458566585353
sc1ilsm 159105 7 -707.1336814340349
sc3msm 225454 10 -378.609649728955
sc1iesm 140247 7 -956.8039670584088
sc1il 3652 9 -292.16702024368885
sc1ie 92283 9 -335.274471189407
sc2ielsm 627621 9 -387.12664929580853
sc3emsm 251831 10 -305.74396544278613
sc3mlsm 936910 10 -326.3315235178982
sc3el2 641717 13 -290.9385884981471
sc1 502195 8 -301.45788802876496
sc3m 414846 11 -303.8058955543755
sc2ie 675294 11 -1405.2098524760045
sc1ielsm2 445409 11 -624.2889039658404
sc12imsm 177272 11 -1142.0382560818591
sc12ilsm 526871 11 -294.664132322793
sc2esm 510092 7 -468.93816089414094
sc2il 596087 11 -273.83895741819094
sc2 725146 10 -285.96300393542987
sc1l 224845 6 -413.5828120104883
sc2ilsm 115651 9 -287.73952568961647
sc3iesm 81501 12 -947.1721221999029
sc3ml2 728076 13 -281.46800375927126
sc1ielsm1 930778 11 -298.35274481812206
sc12im 830609 13 -896.6761617313553
sc12il 749194 13 -307.2785299766644
sc3imsm 235166 12 -823.760873297954
sc12imlsm 758997 11 -299.7288725304205
sc1i 170510 13 -293.75129407364244
sc2sm2 632153 9 -368.8270222710386
sc12iml 144356 13 -367.0714551447859
sc2ielsm1 643958 13 -289.74837522677825
sc3ilsm 268135 12 -678.5212870795133
sc3imlsm 888304 12 -443.5656489611032
IMscsm 500475 7 -303.61027337752614
sc3iml 576026 14 -1096.6125640283096
sc3il 53620 14 -287.95912464115344
sc3eml 174346 11 -302.8297166491967
sc3iemsm1 86286 16 -790.205214292026
sc3imlsm2 183669 16 -567.9358788657757
sc1e 356608 6 -304.7813121610278
sc3ielsm 568397 12 -308.19177751871325
IMsm_ 877354 6 -323.87622779774694
IM 562098 7 -329.42011059392553
sc3iemlsm 858978 12 -448.8310284176179
sc3iemsm2 600842 16 -381.2661062257273
sc3iel 86454 14 -512.5751756040972
IMsc2sm 932656 9 -303.4838733713369
sc3imlsm1 361493 16 -353.0812650154346
sc12imlsm1 594815 15 -288.9493905754034
sc3ml 944792 11 -287.43713751921484
sc3iem 713686 14 -279.2996184084825
sc3ielsm1 535061 16 -440.2962650660477
sc3im 137427 14 -675.0612269631025
IMsc2 566238 10 -292.6507241027269
sc3lsm 483049 10 -855.347166048069
IMism 666306 8 -289.8373582597482
IMiscsm 488889 9 -1039.9805301049798
IMsc 307311 8 -305.6885220810345
IMi 296973 10 -283.53940980093563
sc12imlsm2 909978 15 -259.48097099577444
sc2i 520384 15 -279.97738698168865
IMisc2sm 359521 11 -320.40160611520014
IMiscsmB 554755 10 -374.5046900358443
sc3ieml 250683 14 -291.52599580367735
IMisc2 749198 13 -506.4321756463671
sc3iemsm 364749 12 -602.9944037028744
sc3em2 185289 13 -384.15655277430096
sc3el 107916 11 -811.0119718133229
IMisc 228148 11 -429.47604944410534
sc2ielsm2 448270 13 -285.7450319989131
sc2iesm 588344 9 -724.0807170362672
sc3ie 820521 14 -1232.0754333612476
sc2iel 678981 11 -282.0415738681802
sc3elsm 36283 10 -334.4825896268973
sc3esm 629610 10 -878.6792116286142
sc3e 777864 11 -555.912414352141
sc3emlsm 999356 10 -674.1673121614045
sc3ielsm2 89095 16 -246.70755732532027
