sc1ns 164409 2 -21083.15442875788
IMscns 768711 4 -21033.77920167365
IMns 350343 3 -21088.117845722583
sc1nm 722177 3 -2186.602834786316
sc11nm 733038 5 -2276.3247384906435
sc11sm 499725 6 -1537.499998577277
sc21nm 298191 7 -7586.78220871661
IMscnm 807605 6 -2032.6826164888216
sc1 895509 8 -1473.4105578046215
sc1sm2 106189 7 -1538.3747909511656
sc11 91469 7 -1534.5373299302846
sc1sm1 387883 7 -1473.6011207091462
sc12nm 408282 8 -7616.109343807738
sc1esm 751461 5 -1538.9540240707358
s2m 890443 5 -2198.991086282036
sc2el 176545 8 -1203.6010589841956
sc2l 804133 8 -1275.969528812832
s2msm 977638 4 -1538.3754434691273
sc2sm1 924262 9 -1186.4753695809522
sc1lsm 101338 5 -1491.1446525570655
sc1l 464591 6 -1473.399403627382
IMnm 831071 5 -2032.5133424170158
sc3ns 126558 6 -21083.318393958925
sc2 206837 10 -1188.613642159739
sc2sm2 506858 9 -1189.610505599222
sc2lsm 581552 7 -1286.0364821017201
s2mismB 701021 7 -1233.4763646369029
sc2elsm 253522 7 -1236.1068386601319
s2mi 133899 8 -1225.773821835988
sc3elsm 350544 10 -1236.1388097226268
sc3emlsm 602333 10 -1235.0713025713012
sc2ilsm 787955 9 -960.20115789487
sc3esm 465586 10 -31174.008619117507
sc1il 916119 9 -1225.704327729974
sc1iesm 423417 7 -10979.420714031508
sc1ilsm 71129 7 -3270.128907947527
sc3em 946352 11 -1475.782524995993
sc2iesm 441000 9 -7406.137226330601
sc3mlsm 720707 10 -1263.8389604510144
sc12ilsm 367479 11 -958.120950290178
sc3el2 13032 13 -2367.075602297342
sc12imlsm 825156 11 -6830.858358502629
sc3ml 239041 11 -1251.236609961933
sc3emsm 959092 10 -1243.4313410453972
sc3l 539334 11 -1257.2523600477064
sc3em2 837366 13 -1269.9711398316786
sc3lsm 658481 10 -4866.222800498492
sc12il 623379 13 -1011.9555401374256
sc3ml2 574405 13 -1621.8672274950006
sc12imsm 810052 11 -7121.802674745742
sc12im 581531 13 -5758.447981505192
sc1ielsm1 335282 11 -3308.1653250505683
sc1e 742593 6 -2024.3842177245092
sc3imsm 902904 12 -18934.253086863268
sc3msm 380561 10 -15475.176384996274
sc2ielsm2 996216 13 -920.0109200198233
sc2il 646118 11 -1298.3673326740027
sc2ns 458001 4 -21526.220348610914
sc2iel 444676 11 -4197.982698859528
sc2ielsm1 665225 13 -937.6318970692231
sc12iml 334443 13 -962.4492458426163
sc3ielsm 261361 12 -936.973727256579
sc3imlsm 362162 12 -949.4654065423236
sc3iesm 471884 12 -6785.249239710342
sc12imlsm1 387812 15 -942.8773036544775
sc3iml 850226 14 -956.5371165983624
IMsm 451278 6 -1257.8002519524257
sc3iemsm 603020 12 -3000.226826806894
sc3iel 232684 14 -976.8806929981877
sc3ie 153427 14 -12348.596664697527
sc3ilsm 996670 12 -999.0986286820136
IMsc 230996 8 -1244.5394889781041
sc3ielsm1 731252 16 -965.8143966649726
sc3imlsm2 302111 16 -916.5427923860456
sc12imlsm2 318683 15 -1031.4597102714804
IMsc2sm 648606 9 -1297.9396089252414
sc3iemsm1 515229 16 -2880.5536259844494
sc3il 133767 14 -980.6194120643399
sc3iemlsm 986091 12 -979.3213551278604
IMsc2 165488 10 -1230.3472456594377
sc3iemsm2 455918 16 -7559.287555295481
sc1ielsm2 46485 11 -1459.182281189353
sc3imlsm1 324656 16 -1148.0739364442243
IM 810725 7 -1252.1327619949182
sc2ie 942731 11 -1510.6855769628905
IMism 237915 8 -971.5792575215254
sc2i 953315 15 -1013.5922972664093
sc3ielsm2 426499 16 -1218.9932534631212
IMi 124394 10 -976.702910621332
sc2esm 855529 7 -23810.27473034914
IMisc 56910 11 -961.716412547522
sc2e 826891 8 -1618.427186260566
IMisc2sm 161901 11 -2021.7411691000207
IMisc2 424159 13 -941.585622357993
IMiscsmB 446631 10 -1284.0861149685652
sc2ielsm 632580 9 -1395.6174859387158
IMiscsm 528281 9 -948.3629682353835
sc3iem 50832 14 -1248.5948818825925
sc3e 225916 11 -15498.638010450843
sc1ie 923404 9 -8093.76306413903
sc3m 246669 11 -3402.1369466397678
sc3eml 233338 11 -1554.9372262697825
sc3im 45436 14 -4475.63172118089
IMscsm 814912 7 -3904.7788494672136
sc1i 688748 13 -3053.1897914168158
IMns 234878 3 -21032.701329268504
IMscns 387402 4 -21032.702311966423
sc1ns 160629 2 -21083.154428662103
sc1nm 47762 3 -2186.601558824511
sc2ns 378801 4 -24210.144766694855
sc11nm 562587 5 -1981.037046538257
sc21nm 124011 7 -2606.1629918708522
sc11 139588 7 -1509.8752791895881
IMscnm 267866 6 -2185.785975734636
sc1l 539467 6 -1510.8466243676016
sc1esm 627413 5 -1657.9097249029976
sc1 282105 8 -1473.6150346414472
sc11sm 193046 6 -1538.6467524230757
sc1lsm 257074 5 -1491.1445734202744
sc1sm2 122634 7 -1503.4362893536568
sc1e 367997 6 -3299.87135458758
sc2el 596228 8 -1203.6034795800692
sc12nm 766671 8 -2029.9773691034475
s2m 235690 5 -1522.3403511464317
sc2esm 989599 7 -9589.109785826651
sc2sm1 711210 9 -1278.9877946745037
sc2sm2 61248 9 -1186.8215210389178
IMnm 865230 5 -2032.5139817945696
sc2lsm 90633 7 -1286.036647314559
s2mi 30805 8 -1226.1175857729145
s2msm 409583 4 -1538.375349561832
sc3ns 122981 6 -24210.14481770144
sc2l 89501 8 -1275.968530221269
sc3l 362645 11 -1273.4945743598007
sc2elsm 210191 7 -1236.107542841928
sc1iesm 597182 7 -9931.097820162358
sc3mlsm 747030 10 -1235.4520195924547
sc3emlsm 929053 10 -1233.9039130507997
sc1il 759302 9 -1174.2099744486459
sc2iesm 86128 9 -13165.543107174575
sc3lsm 324909 10 -2091.277718036326
sc2 314862 10 -1182.4435839039784
sc3em 215606 11 -2454.5692069361967
s2mismB 479384 7 -1233.4729926209147
sc3e 216799 11 -22640.929295172384
sc3ml2 113651 13 -1181.9729658039687
sc2ilsm 569428 9 -960.975611938142
sc3ml 378276 11 -1391.9379732704838
sc3m 963458 11 -1786.1175433934604
sc2il 931224 11 -984.050179170464
sc1ilsm 612568 7 -1207.8336801441578
sc2ielsm 913155 9 -936.1050722409524
sc1sm1 583331 7 -1522.3453431695875
sc12il 701322 13 -8997.442652492919
sc3el2 292180 13 -1483.153775500945
sc2iel 409843 11 -968.4069984592459
sc1ie 70294 9 -1235.7479217086907
sc12imsm 912107 11 -9079.965283583148
sc1ielsm1 441839 11 -1209.0463058212486
sc3em2 697580 13 -16186.192339049168
sc3esm 238439 10 -1588.8208794638354
sc12ilsm 328013 11 -3481.6774982179686
sc2ielsm2 939289 13 -920.2526407196087
sc3ilsm 585426 12 -947.4314174415664
sc2ielsm1 924524 13 -931.7339812496389
sc1i 301241 13 -4296.477891062863
sc3ielsm 742290 12 -935.4706464881616
sc3emsm 898250 10 -4322.124701499505
sc3ie 23365 14 -14141.08495399814
sc12imlsm1 152362 15 -7342.482429534104
sc12iml 662436 13 -1424.6439621164511
sc3iml 653204 14 -4383.279199474324
sc3im 417932 14 -3346.0667180868595
sc2i 44689 15 -948.2828335104857
IMscsm 129793 7 -1252.5430711665804
sc3iel 989574 14 -8835.423584487917
IM 332119 7 -1252.241159216539
sc1ielsm2 850702 11 -1180.1001231692744
sc3iemlsm 527032 12 -935.2623772436842
sc3iemsm 426430 12 -2019.6351898072326
IMsc 303260 8 -1248.1880090665245
IMsc2sm 707213 9 -1242.617359220329
sc12imlsm2 643327 15 -1401.251158803892
sc3iemsm1 106993 16 -28947.268259725257
sc3imsm 851577 12 -14690.458720108585
sc3il 251723 14 -1033.427499696037
IMsc2 571670 10 -1236.6818009873564
IMsm 747002 6 -1257.8002239066454
sc3imlsm2 532643 16 -1016.6832192688194
sc3ielsm1 128282 16 -2518.7693705167976
sc12imlsm 875831 11 -974.1116501678189
sc2ie 251402 11 -7398.7737741529545
sc3ielsm2 470149 16 -957.048439879353
IMism 298719 8 -971.5792584270264
sc12im 581370 13 -5682.5777113416625
IMiscsm 104790 9 -950.231800972676
IMiscsmB 512915 10 -947.1331702808488
IMi 590314 10 -965.8694789860087
sc2e 662773 8 -10174.486608219926
sc3imlsm 446465 12 -1446.469303937614
IMisc2 686073 13 -943.2641076076317
sc3msm 509699 10 -16368.622250252169
sc3eml 16395 11 -1568.9312222951537
sc3ieml 529612 14 -1398.7707666394417
IMisc2sm 105720 11 -938.9943610412
sc3iesm 259448 12 -29931.41195001138
sc3imlsm1 697108 16 -2582.6389324634924
sc3iemsm2 428501 16 -1762.644236514518
IMisc 461941 11 -1288.1170937218403
sc3iem 494808 14 -5750.5265833689955
IMns 205456 3 -21033.716585646114
sc1ns 458063 2 -24210.144526236254
IMscns 221928 4 -21033.56177592186
sc11nm 691774 5 -2182.4707369909775
IMnm 751394 5 -2032.5139838414598
sc1nm 654294 3 -2186.602538320514
sc2ns 225931 4 -24210.144817701454
s2m 789112 5 -1522.342915489807
sc11sm 753634 6 -1527.7223067017305
sc3ns 730179 6 -21013.79025500755
sc1l 177443 6 -1473.6793140833854
sc11 926146 7 -1521.8073777775185
sc12nm 371072 8 -2031.3146311693638
IMscnm 57969 6 -2034.1037937145727
sc1 895530 8 -1487.5272283396455
sc21nm 274474 7 -2187.131448059072
sc1lsm 333012 5 -1491.1446714229787
sc1esm 579976 5 -1538.956140827416
sc2esm 714979 7 -1779.4495514627652
sc2el 717651 8 -1203.6041625013306
sc2sm2 424143 9 -1186.2490389920274
s2msm 231007 4 -1538.3765236012387
sc2 607025 10 -1186.852651222439
sc2elsm 775809 7 -1236.1070231316867
sc1e 601238 6 -1522.9779912188535
sc1sm2 731577 7 -1538.3767533745574
s2mi 998535 8 -1210.1318499549207
s2mismB 985496 7 -1291.1199140010099
sc2lsm 135245 7 -1286.0366368217838
sc3msm 590202 10 -1189.0549866690208
sc2l 177251 8 -1275.9707019385087
sc3emlsm 566189 10 -1234.1074249935377
sc1sm1 335098 7 -1473.408849356458
sc2ilsm 252869 9 -960.836198774113
sc3esm 254885 10 -2028.918682628271
sc1ie 851641 9 -33612.375884616245
sc1il 115610 9 -1203.888917879142
sc2e 592863 8 -1240.1612908360753
sc2sm1 479806 9 -1585.8358994253865
sc1iesm 28589 7 -2266.7162026355077
sc3elsm 888848 10 -1240.6808045377654
sc2il 941827 11 -1095.1834735481953
sc3eml 134356 11 -1237.5066602177058
sc2ielsm 560432 9 -936.4132940406321
sc2iesm 172844 9 -16790.555510947535
sc3ml2 539401 13 -1182.5925375368856
sc3mlsm 395031 10 -1269.514750019523
sc2iel 300379 11 -959.4466755058709
sc12il 646171 13 -980.6780994870135
sc3el2 654027 13 -3541.3112335156047
sc2ie 159761 11 -977.3847611316353
sc3m 906584 11 -2925.9792145994647
sc3em2 618576 13 -1517.6797379349155
sc3ml 384033 11 -1244.199400751506
sc2ielsm1 977171 13 -929.6959262788274
sc1ilsm 213438 7 -1207.825637551227
sc3ilsm 724037 12 -950.2730861445791
sc3ielsm 573420 12 -936.7309494904214
sc12ilsm 895909 11 -1071.3724017463683
sc2ielsm2 490160 13 -935.054489672762
sc3il 972648 14 -954.4339445435653
sc1ielsm2 289143 11 -1293.674932244375
sc12imlsm1 752525 15 -935.73472320734
sc3iemsm 406280 12 -1432.4412741613633
sc3iemlsm 288605 12 -1390.7744992636003
sc12iml 188999 13 -1100.6565538931654
sc3imlsm 139298 12 -1079.620252381945
sc12imlsm2 101207 15 -1016.9724587389182
sc3iem 840763 14 -4777.659869522655
sc3iml 91265 14 -950.3835348518651
sc12imlsm 914131 11 -937.7513657436016
sc3imlsm1 461481 16 -923.8712534405428
sc3iel 508406 14 -1126.9669272133092
IMsc2sm 769699 9 -1240.1879253359912
sc12imsm 393682 11 -3631.0832343266256
sc3ie 403338 14 -6598.164134355981
IMsm 487116 6 -1257.7999260962238
IMsc2 215703 10 -1230.3627223601097
sc3im 922617 14 -6922.499201856315
IMsc 255476 8 -1248.4304449185079
sc12im 83469 13 -1586.5546083995232
sc2i 236695 15 -1032.1812342034514
sc3iemsm1 762532 16 -13765.78703385139
sc3imlsm2 105578 16 -1055.6661207589018
IMiscsm 841175 9 -996.2806553535752
IMscsm 878686 7 -1252.5430475190492
sc3e 814741 11 -45012.4461953424
IMi 362755 10 -965.7452529495647
IMiscsmB 87783 10 -947.1130896946555
IMisc 697267 11 -952.7009030998063
sc3em 309627 11 -1518.1162093110213
IMisc2sm 387682 11 -975.2695152540973
sc3l 573440 11 -3470.1796804933365
sc3iesm 98068 12 -19230.88653141835
sc3ielsm2 813624 16 -4683.376687568833
sc3lsm 457074 10 -2793.91948280058
IMism 671264 8 -971.5792475106307
sc1ielsm1 756986 11 -2336.9738028321326
sc3emsm 332993 10 -16048.125593612975
IMisc2 656884 13 -1123.2138094508389
sc3ieml 522506 14 -1359.02479825414
sc1i 64016 13 -3138.7024675117123
sc3ielsm1 39843 16 -1089.0912696240935
sc3imsm 397179 12 -3285.830247982353
IM 303195 7 -1428.1684703181672
sc1ns 120963 2 -21083.154428757927
IMns 395985 3 -21033.69652632183
IMscns 209855 4 -21032.701642929358
sc2ns 364506 4 -21082.95637602247
sc11nm 27544 5 -1981.038526788741
sc1nm 963258 3 -2186.6028503481907
sc11sm 655284 6 -1523.5476531203176
sc21nm 627313 7 -1874.61647114279
sc1esm 511106 5 -8508.186942688524
sc12nm 485520 8 -2030.1633493943823
IMnm 746663 5 -2032.5109910614574
sc11 764552 7 -1521.0052068017994
sc1sm1 732239 7 -1521.4295558794781
sc2e 529452 8 -1240.8478406221893
sc2l 716835 8 -1275.9694455448264
sc2el 559908 8 -1203.6124319566763
sc1e 108629 6 -16678.132535519544
s2m 155863 5 -1522.3429146634996
sc1lsm 287667 5 -1491.1445785969743
sc1 569284 8 -1494.8357881320214
sc2esm 800637 7 -1243.5490460640763
s2mismB 255548 7 -4425.297701734499
s2msm 499877 4 -1538.3741533367024
sc1l 769214 6 -1473.399396239432
s2mi 817138 8 -1209.8666398282114
sc2lsm 912200 7 -1286.0366527687572
sc3esm 636058 10 -2030.8755099583545
IMscnm 614710 6 -2032.5421113884654
sc1iesm 822651 7 -13966.297953106838
sc3lsm 162637 10 -1284.7215255105627
sc3mlsm 997993 10 -1274.845681042444
sc1il 2779 9 -1191.4738056592505
sc3ns 937018 6 -24210.144817701457
sc2elsm 764161 7 -1236.1055997386488
sc2sm1 773704 9 -1843.1674251553386
sc2ilsm 654143 9 -961.9934064548295
sc1ie 875907 9 -3348.2633904754202
sc2il 827727 11 -955.4788125261497
sc1ilsm 920669 7 -1207.833862364579
sc3ml 816478 11 -1334.8638053925959
sc2ielsm 520121 9 -4220.041062332879
sc2iel 392851 11 -966.2092031474584
sc2iesm 91779 9 -1978.5381039203114
sc12ilsm 692498 11 -960.1817899416767
sc3ilsm 321938 12 -1037.908767795749
sc12imlsm 37598 11 -937.2033742404398
sc12imsm 78262 11 -1048.8669768184702
sc3ielsm 696258 12 -945.1150423144545
sc3emlsm 914093 10 -1562.529305690815
sc12im 207711 13 -19052.246130323518
sc2i 73370 15 -918.7497222255189
sc3imlsm 670723 12 -933.8323012621693
sc3imsm 891668 12 -17841.433275618343
sc3iemsm 751627 12 -1988.9053700725067
sc2ielsm1 820519 13 -2813.3197459060593
sc3ml2 836728 13 -1302.7776774108702
sc12imlsm2 652103 15 -2266.7825711759824
sc2sm2 178437 9 -1746.0112935034024
sc1i 427821 13 -1339.1980974313974
sc1ielsm2 724351 11 -1325.1840885126762
sc3ie 740453 14 -40525.59334055133
sc1sm2 83948 7 -1562.98456637892
sc3il 587369 14 -4651.563907209951
sc1ielsm1 165919 11 -1176.2889134562286
sc3iml 842692 14 -972.4591185968628
sc3ielsm1 513195 16 -955.4351577464947
sc3ielsm2 140292 16 -929.4836268959007
sc3imlsm1 823160 16 -980.4006887298519
sc3imlsm2 485775 16 -5504.4759056345
sc3iemsm1 787678 16 -10217.926401552042
IMsc2 534865 10 -1230.4327456183023
IMsm 503396 6 -1257.8002668031445
sc12imlsm1 199867 15 -983.1509788973935
IMsc 459239 8 -1357.3975419838034
sc3iel 260545 14 -1502.9822450024167
sc3ieml 388369 14 -1146.1137979918362
IMsc2sm 835570 9 -2755.995302406811
IM 749092 7 -1252.13272237707
sc3iemsm2 467204 16 -16346.933241772542
sc2ielsm2 877101 13 -1104.1680703596494
IMscsm 641177 7 -1252.5424508240926
sc3iem 480514 14 -3181.2216258217636
sc12iml 236507 13 -1183.1786633511174
sc3em2 942738 13 -22466.657399743854
sc3el2 951769 13 -3483.9523861016555
IMiscsm 764859 9 -948.3635574434052
IMism 808889 8 -1793.4526667922046
IMiscsmB 411668 10 -2803.8314337921074
IMisc 813289 11 -975.7270439355972
IMisc2sm 215889 11 -5649.858576089968
sc3m 835530 11 -3319.4549322024386
sc2ie 70468 11 -11465.6242640772
sc3e 135909 11 -1707.2228995472694
sc3msm 580629 10 -2072.8318738859352
IMisc2 820649 13 -1097.6881126443086
sc3em 660819 11 -1515.0012238977515
sc3eml 177699 11 -3770.801540855803
sc2 504256 10 -1839.2597826418187
sc3iemlsm 795827 12 -1562.6317868854758
sc3im 265940 14 -1496.6870376552818
sc3elsm 185875 10 -6430.121600920615
IMi 645796 10 -1992.680268540371
sc3iesm 116768 12 -7277.806693164504
sc12il 558867 13 -3008.555053812938
sc3l 450285 11 -2204.6839069087155
sc1ns 750816 2 -21083.154428758244
IMns 919947 3 -21032.70159677491
IMscns 26993 4 -21088.183336065013
sc1nm 19420 3 -2186.602219127084
sc2ns 611483 4 -21014.045707545847
sc11nm 639622 5 -1981.0385174032695
sc21nm 763387 7 -2021.4268994543784
sc11 64863 7 -1512.216479644633
IMscnm 125601 6 -2035.048107337797
sc2elsm 743876 7 -1244.8256247839447
sc2el 671863 8 -1203.6026664132705
s2m 449055 5 -1522.3428789567606
IMnm 364228 5 -2032.513955499773
sc1sm2 938812 7 -1588.5621947317281
sc11sm 529114 6 -1538.854252062924
sc1esm 501939 5 -2186.5662606479823
sc1lsm 353560 5 -1491.1448975345056
sc12nm 499808 8 -16043.029214875929
s2mismB 57313 7 -1237.031158619444
s2msm 681572 4 -1538.3764234382543
sc2sm2 165743 9 -1185.9928470542336
sc1l 593122 6 -1473.3993761592221
sc2lsm 797654 7 -1286.0335597519254
sc2sm1 244725 9 -1186.0728009796069
s2mi 660016 8 -1208.5702304321185
sc1ilsm 175412 7 -1239.8161155376974
sc3lsm 673899 10 -1273.027755782974
sc1ie 999861 9 -1227.0375912881075
sc3mlsm 673583 10 -1234.6169726057092
sc1il 115419 9 -1188.2149582127772
sc2l 413398 8 -1275.9704644160006
sc1sm1 340842 7 -1551.8322977932803
sc2 453070 10 -1284.54206061871
sc3emlsm 697108 10 -1353.801198224995
sc12ilsm 329508 11 -959.8004150665752
sc3e 556784 11 -2369.7479633398684
sc2ie 765390 11 -985.4133253387131
sc2il 756600 11 -965.0307376829251
sc3ml2 442390 13 -1236.0774177663006
sc3m 526148 11 -1449.472763258281
sc3elsm 129605 10 -1224.5013296892548
sc3l 71357 11 -1360.17932145744
sc1ielsm1 695694 11 -1208.6585795220305
sc12imlsm 334288 11 -944.3339682399312
sc2e 566886 8 -5048.935054166394
sc12imsm 776554 11 -12072.962312583013
sc3emsm 35993 10 -1334.1274907975085
sc2iesm 723338 9 -987.4707981940489
sc1e 879795 6 -2022.6260595707681
sc12im 530763 13 -10231.318693162437
IMsm 898596 6 -1257.800291383447
sc3ilsm 625390 12 -991.0186750613423
sc12iml 671462 13 -940.4922630352428
sc3imsm 105900 12 -6917.493150544043
sc12imlsm1 139301 15 -924.0957139851075
sc3ns 201960 6 -21305.215728456533
sc3imlsm 982352 12 -944.552397689373
sc2ielsm 567190 9 -936.081555731405
sc3il 81020 14 -950.1325667029458
sc1iesm 792237 7 -1345.773341033461
sc3ie 302506 14 -16180.132148549445
sc3im 942473 14 -6505.381208042836
sc1ielsm2 635396 11 -1239.248073477113
sc3ielsm 289104 12 -962.2517813929464
sc3iemlsm 267338 12 -956.2398588483089
sc3el2 51039 13 -1983.7881416730283
IMscsm 471168 7 -1254.4112446319232
sc3eml 581474 11 -3777.5979640821556
sc3ielsm1 940326 16 -929.1703302018731
sc3iel 874216 14 -1592.0488301949276
sc3iemsm1 20712 16 -925.3027126294472
sc1i 877943 13 -1265.9310700846245
sc3imlsm2 257978 16 -914.7347779190152
sc3imlsm1 222808 16 -920.550422209948
sc3iemsm2 917009 16 -42630.12612413719
sc3ieml 731163 14 -955.1612406909854
sc3iml 274356 14 -3648.892411922187
sc12imlsm2 760198 15 -1019.7477986166438
sc2ielsm2 597279 13 -1311.0932595555853
IMsc2 387080 10 -1230.3233195920202
sc3em 533185 11 -1547.8501987565674
sc2esm 999101 7 -5299.6891224204865
sc1 367397 8 -3770.351858515667
IMsc 107701 8 -1382.4101047700174
sc12il 767860 13 -998.5158818578071
IM 828450 7 -1252.132709233243
IMsc2sm 70525 9 -1240.125089071845
IMiscsm 494388 9 -948.3866119258669
IMi 849792 10 -7875.325652431213
sc3ielsm2 595508 16 -1032.4677560310802
IMiscsmB 572045 10 -945.593997978662
IMisc 215148 11 -975.4004457907367
sc2i 784151 15 -1155.5843382798525
IMism 533148 8 -971.5792584225079
sc3iemsm 344479 12 -1701.4823409701291
sc3em2 2953 13 -18416.072155303045
IMisc2 686986 13 -961.4172183225998
sc3esm 488783 10 -2287.8751949697116
IMisc2sm 328341 11 -988.6057652783434
sc3ml 569585 11 -1514.4308428281201
sc2ielsm1 595344 13 -1285.7452553597445
sc3iem 512679 14 -12218.160800010337
sc2ilsm 550653 9 -4683.562929620409
sc3iesm 450429 12 -32566.674279773106
sc2iel 88543 11 -1792.1805784482933
sc3msm 723244 10 -1851.6699992503065
sc3ieml 593932 14 -955.9953627252888
sc3iemsm2 136004 16 -5408.143489893796
sc3elsm 354038 10 -4866.225511870381
sc3emsm 410970 10 -17752.33422790513
