IMscns 123625 5 -17737.10714151074
sc1ns 812144 3 -17808.045009463116
sc11 757817 8 -2211.28888390827
sc2ns 580345 5 -20166.224551199055
sc3ns 382910 7 -17758.126933593187
sc1e 970293 7 -1465.8105430545766
sc1nm 421236 4 -2557.6809746468384
IMns 750116 4 -17976.44699864732
sc2lsm 326822 8 -1911.8905174640806
sc1lsm 698952 6 -1638.5857862701973
IMnm 798028 6 -2363.290255579508
sc2e 100021 9 -12063.712553371515
sc21nm 501695 8 -1679.111808183316
s2mismB 460210 8 -4761.770101123437
sc1 111186 9 -1563.0131661419941
IMscnm 134181 7 -2378.255688713167
s2msm 552802 5 -1639.0701473617864
sc12nm 410149 9 -7306.369144357334
sc1sm1 309566 8 -1412.4717221845553
sc1l 170055 7 -1412.209546007066
sc11nm 704700 6 -1731.4491309985985
sc2l 850048 9 -1537.8424038817816
sc2sm2 505964 10 -1321.4304555599028
sc2esm 906704 8 -1186.192992006313
sc1iesm 53177 8 -1298.3913455508412
sc11sm 989696 7 -1638.7298863256906
sc3nm 399512 10 -5708.7535233017925
s2m 936578 6 -1433.3891926962515
sc1ie 517272 10 -13087.832595180622
sc3el 739829 12 -1371.7455711204452
sc3l 818389 12 -1306.428795940264
sc1sm2 171171 8 -1350.8989891498954
sc3lsm 737635 11 -4566.405712232533
sc3elsm 826872 11 -1390.635739149213
s2mi 748806 9 -1176.6756095276955
sc2ilsm 745838 10 -1093.5140943071724
sc3ml 886554 12 -1234.074715860872
sc3eml 903982 12 -1442.8270136986162
sc2ie 143638 12 -14349.618092924804
sc2ielsm 543058 10 -1246.663951148466
sc1ielsm2 62756 12 -1245.7938879160322
sc3mlsm 181348 11 -1823.9599128451805
sc3em 64752 12 -1509.617226206698
sc2elsm 680721 8 -3055.1704657008067
sc3emsm 208019 11 -4433.11591462193
sc3ilsm 234017 13 -2275.455147823298
sc12imlsm 880260 12 -1066.5220462863335
sc2ielsm1 482793 14 -5685.436779407515
sc12il 606438 14 -976.6476700147041
sc12imsm 781880 12 -4344.762883951775
sc3imsm 972854 13 -17723.623816263844
sc3imlsm 574633 13 -4616.111914410465
sc1ilsm 804791 8 -1346.8297997771238
sc2iel 99174 12 -1078.9711973604192
sc1il 42316 10 -1417.0477732026345
IMsm 137835 7 -2018.0193818402713
sc12iml 938561 14 -1204.3408349783792
sc3iemsm 84372 13 -1964.2043588212473
sc12imlsm1 775625 16 -1818.4757232564912
sc2 515437 11 -1163.989457156681
sc3il 824464 15 -4042.8255614228947
sc12im 347702 14 -959.2340083003994
sc3ieml 773070 15 -3108.257884067496
sc2ielsm2 696136 14 -1489.8768304626933
sc1esm 824134 6 -13809.734739091618
IMscsm 743331 8 -1633.3554785923507
sc2il 618004 12 -1438.3397587223799
IM 158376 8 -1363.5325711483474
sc3ielsm 111189 13 -1601.2555449385204
sc3iml 874640 15 -1292.7970690059037
sc3m 834483 12 -2824.4671300570462
sc3msm 139972 11 -6878.306671695451
sc3imlsm1 128838 17 -1079.0047036885921
sc12ilsm 728247 12 -1274.3907731129686
sc1ielsm1 848782 12 -1266.6621291774272
sc3iemsm2 454296 17 -20956.431934504108
IMsc 763535 9 -1264.5086627484889
sc3ml2 589375 14 -1211.5335846269786
IMsc2 718578 11 -1383.0544014701945
IMsc2sm 420606 10 -1440.6130481030145
sc3ielsm2 827499 17 -1214.7020078498094
sc3iem 353978 15 -3166.683004691473
sc3em2 617274 14 -1236.1415599114393
sc3iemlsm 497865 13 -1255.6833125923256
IMi 947292 11 -5018.941739333281
sc3iemsm1 504479 17 -3925.1438759335906
sc2el 863797 9 -1558.2415279243023
IMism 850619 9 -1541.4542054219105
sc2iesm 443140 10 -2084.789773299937
IMiscsmB 504370 11 -1196.9924355834446
IMiscsm 269075 10 -1207.9676218702516
IMisc2sm 589519 12 -1021.1332128956686
sc12imlsm2 962156 16 -1300.373829157179
sc3ielsm1 778695 17 -868.8124427462375
sc1i 865582 14 -2279.3776275860173
IMisc 160693 12 -1054.2507642292398
sc3imlsm2 18444 17 -1108.6521233878098
sc3emlsm 253557 11 -1647.714518034237
sc3im 471131 15 -973.1429559465191
sc3ie 996697 15 -19237.961799790624
sc3iel 363953 15 -2525.6963829339593
sc3iesm 792290 13 -2419.6607626453942
sc3e 900379 12 -9121.380116805702
sc3el2 275818 14 -1280.0824918954554
sc3esm 587973 11 -9480.419338095056
sc2sm1 878620 10 -1443.7428311652484
IMisc2 750952 14 -959.4337162331412
IMns 369486 4 -17734.579626552688
sc11nm 639228 6 -1733.9082051985947
sc1ns 647901 3 -17744.383258685837
sc1l 80997 7 -1425.4777651115496
IMscns 650812 5 -17976.675455320936
s2msm 284811 5 -1638.7335300645748
sc1sm1 761977 8 -1417.1715684380836
sc2esm 53288 8 -1207.667608802777
IMnm 777857 6 -2362.779112505081
sc3ns 720377 7 -19171.650401049686
sc1lsm 875673 6 -1632.942374838045
sc11 794173 8 -2027.0285954122323
IMscnm 326723 7 -22400.968493121254
sc11sm 851057 7 -1636.7036246715395
sc1nm 628859 4 -2557.6804673404567
sc2l 312841 9 -1318.7710960013078
sc1esm 155142 6 -1719.1773236868917
s2m 988600 6 -1433.511874932051
s2mismB 346173 8 -1286.2329188502877
sc2elsm 267689 8 -1296.1271700726645
sc3nm 691283 10 -27831.060836240176
sc3e 997907 12 -2811.6604183599093
sc2lsm 950909 8 -1405.0919059424432
sc1e 826154 7 -1589.800649246191
s2mi 139865 9 -8277.468908880797
sc1iesm 295214 8 -6644.6729376295525
sc12nm 511202 9 -1375.0581810315848
sc3emlsm 464065 11 -1246.8714151393322
sc2ilsm 82036 10 -1093.3581430985014
sc3msm 564631 11 -4059.298849471618
sc3lsm 613182 11 -1431.897776717509
sc1ilsm 293773 8 -1349.957188531983
sc2el 842032 9 -1276.7682010738915
sc2ie 613953 12 -8021.636737401395
sc2 821721 11 -1468.5971950502708
sc2e 604984 9 -2488.6647032629126
sc3el 3506 12 -1629.8607627287165
sc3em 912807 12 -1347.959239415116
sc3ml 112714 12 -1189.7615464721762
sc3emsm 436157 11 -1363.1077171130914
sc1il 712969 10 -2873.254410415433
sc2iesm 364209 10 -10246.832483253365
sc3l 672085 12 -1317.9065569856384
sc3elsm 142718 11 -1367.7355315529733
sc3esm 693320 11 -17758.594871330853
sc1ie 443056 10 -4974.329395330536
sc2ielsm 542136 10 -1298.3061197635277
sc12im 307597 14 -4633.148400580964
sc3eml 968999 12 -1443.6001035863046
sc1ielsm2 252242 12 -1328.8792716370745
sc3mlsm 333067 11 -1298.6681088856371
sc12ilsm 121346 12 -1057.2291835526594
sc12il 734447 14 -1229.8788796816011
sc2ielsm2 239454 14 -2735.7367086278464
sc3iesm 608121 13 -5371.637658132203
sc12imlsm 21590 12 -1077.3126715628775
sc12iml 955087 14 -902.9062819577564
sc3iel 778722 15 -6447.661992568901
sc3ml2 476702 14 -3817.723822976911
sc12imlsm2 688378 16 -1065.3266475969288
sc3imlsm 998557 13 -1587.1940194203485
sc3im 423859 15 -12164.173163596157
sc2i 239323 16 -1205.2832546726554
sc2ielsm1 963737 14 -1146.3446674997713
sc3imsm 679389 13 -1586.2515952967217
sc3iemsm 266912 13 -2667.4856881010323
sc2iel 533461 12 -1166.5093581643168
sc3imlsm2 451159 17 -3218.733604942039
IMsm 594993 7 -2161.447275616819
sc1sm2 941187 8 -4566.455469799251
sc12imlsm1 355285 16 -979.8364539927721
IMscsm 720486 8 -1959.8796609894835
sc1ielsm1 93022 12 -1166.3938273082981
sc3ielsm1 450730 17 -5751.590190588986
sc2sm1 473707 10 -1429.5955719775714
sc3ilsm 70736 13 -1291.8188896125291
sc3iml 448637 15 -994.3112759030025
sc3el2 136840 14 -1346.6217036557935
IM 320414 8 -1328.8439050723116
IMsc2 410175 11 -3166.4943355823407
sc3iemsm1 213636 17 -6029.80778392932
sc3ielsm 802104 13 -845.4744119435053
IMsc2sm 911923 10 -1310.4258318501084
sc3m 714435 12 -2501.172408454351
sc1i 445771 14 -1367.1968015387115
sc3iemsm2 532559 17 -1125.8099378955144
sc3ie 569901 15 -2361.4715290383524
sc3il 797035 15 -2428.612632714061
IMisc2sm 376178 12 -1020.8027929064556
sc1 99200 9 -1850.5850901239896
IMi 32444 11 -2509.683214525715
IMism 173803 9 -1044.0223214925504
IMiscsm 842772 10 -1160.5433740107014
sc3ielsm2 645512 17 -4490.785161804058
sc3iem 596862 15 -1668.4334871396832
sc2il 23239 12 -2938.330907008982
IMisc2 10804 14 -1203.893262658445
IMiscsmB 70288 11 -979.5703092451663
sc2sm2 224886 10 -1762.3191468669688
sc12imsm 889450 12 -7574.5051079351115
sc3imlsm1 250070 17 -3108.9351594560862
sc3ieml 687774 15 -1334.9046789823783
sc3em2 437738 14 -13975.296583704008
IMsc 790393 9 -2328.218596820314
sc1nm 286110 4 -2557.6886559348877
IMscns 70310 5 -17733.60940683211
sc1ns 656337 3 -17740.220200487664
IMns 931667 4 -17736.026032792226
sc1esm 429428 6 -1841.5784342134398
s2m 592616 6 -1577.9333791678744
sc2el 213010 9 -1419.5617078143232
IMnm 355966 6 -2448.4213696524803
sc11 969010 8 -2257.7662458515306
sc11nm 382395 6 -1731.3310581015344
s2msm 716044 5 -1638.8563266478104
sc2esm 477538 8 -1644.8501806209506
sc1 688100 9 -1359.0670188700112
sc21nm 251362 8 -2134.655994191935
sc2l 843370 9 -1325.1445478383362
IMscnm 118878 7 -2394.3984918748147
sc12nm 182626 9 -1809.0401126866377
sc2lsm 565401 8 -1421.6234046864265
sc1sm1 534821 8 -1417.4259715274568
sc11sm 966851 7 -1640.3819147307152
sc1lsm 347183 6 -1632.6368654520375
sc2 6987 11 -1420.4106103467172
sc3emsm 224913 11 -1263.4713094369629
sc3esm 786455 11 -7041.0452603539015
sc1l 107130 7 -1412.033053333302
s2mi 82132 9 -1265.6987801702862
sc3nm 524660 10 -26576.09152588261
sc3em 981105 12 -1458.0799238765376
s2mismB 786649 8 -1193.8153759591828
sc3lsm 477145 11 -1383.2606311654777
sc1iesm 883507 8 -15965.740655516121
sc1e 483411 7 -3301.8087106300527
sc12iml 811480 14 -4293.697151046161
sc1ilsm 425245 8 -2356.134219377963
sc2sm1 919270 10 -1429.0593880143217
sc3eml 74957 12 -1809.7918536953177
sc12ilsm 343248 12 -3325.074067482831
sc12imlsm 789392 12 -1157.9417718554691
sc2iel 199289 12 -3829.464082264818
sc2ilsm 641797 10 -1093.6988456793474
sc1il 522369 10 -4128.9666848500365
sc1sm2 331524 8 -1348.0782085399146
sc3elsm 429681 11 -1573.881969849155
sc3ielsm 376276 13 -1094.4457267542766
sc12imsm 451526 12 -1151.9244962178136
sc12im 938157 14 -6008.954366927361
sc2ie 211407 12 -8499.659348066292
sc12il 743275 14 -1011.7601688199043
sc3el 787383 12 -1319.4345236923905
sc3el2 799641 14 -3086.0163843917494
sc3ml2 718865 14 -1425.9138553033727
sc3ilsm 444829 13 -1075.9315729162126
sc2ielsm2 686519 14 -1199.8069083740497
sc2ns 835755 5 -20166.21174074296
sc3ml 396009 12 -1419.1915173696111
sc3l 207206 12 -3794.69120526591
sc2ielsm 207169 10 -1261.1341449828674
IMsm 922324 7 -2058.0567132505553
sc3ie 330546 15 -17243.25569823949
sc2il 293089 12 -931.7517939011991
sc2ielsm1 202315 14 -1097.6126976929545
sc3imsm 839252 13 -2498.989666629069
sc1ielsm1 645363 12 -1152.013334884922
sc3imlsm 218580 13 -1772.8702891085459
sc3im 560996 15 -46345.988092315565
sc3ielsm2 981304 17 -2359.3209366658407
sc3iem 12400 15 -20493.372502183112
sc3iemsm 824668 13 -39910.007251165116
sc3iemsm1 24930 17 -5125.3030336949005
sc3mlsm 120301 11 -1925.550575914127
sc3m 578283 12 -5785.201681111939
sc2iesm 873398 10 -1833.8984092200772
sc3il 750945 15 -1521.3710867407704
sc12imlsm1 107179 16 -995.0763804919841
sc3iemsm2 213763 17 -3658.8525103241363
sc1ie 294153 10 -1709.9868979764942
sc2elsm 787475 8 -1817.8412031227722
sc3ieml 292579 15 -1209.987677272164
IMscsm 740533 8 -1331.452884447183
IMsc 362211 9 -1262.6522500178598
sc2i 901418 16 -1136.3747048267778
sc3e 453415 12 -1314.7360672226878
IMsc2sm 981545 10 -1323.2039439351834
sc3iemlsm 727292 13 -1271.9387348747582
sc1ielsm2 414059 12 -2028.1822769340115
sc2e 674118 9 -1896.199415287745
IMsc2 347415 11 -1319.7392974799934
sc3iel 928694 15 -1361.6025758803203
IMiscsmB 338470 11 -6109.348226335877
IMism 900971 9 -1057.0106541434966
sc3ielsm1 986875 17 -1464.974218651687
sc3iml 326935 15 -1151.0615781119461
sc3imlsm1 331252 17 -1137.968538730551
IMiscsm 939715 10 -1028.153232272296
IMisc2sm 779086 12 -2659.7568475099006
sc3msm 807742 11 -29917.660982359102
IMisc 311883 12 -901.0059206419764
sc3iesm 726513 13 -11643.029783135586
IMisc2 751516 14 -1102.4835223341056
sc3em2 71663 14 -1218.6599423933808
sc3emlsm 612507 11 -1382.6184690969492
sc1i 795825 14 -1271.42291193631
IM 912942 8 -1983.42753879648
sc3imlsm2 463092 17 -1169.4575909320113
sc12imlsm2 902846 16 -4484.679243357556
IMi 204219 11 -1476.4211029598896
sc2sm2 912880 10 -1626.2827641474737
sc1ns 57839 3 -17764.13685879064
IMns 827577 4 -17737.1547076515
sc11sm 245854 7 -1609.8388634626326
sc1l 712269 7 -1455.04381831094
IMscnm 841380 7 -2384.4250062885594
sc1 860471 9 -1431.969023959344
sc2ns 81069 5 -17745.112172929435
sc11nm 638939 6 -1731.9341760823431
sc1lsm 833939 6 -1634.4987938548425
sc2elsm 171451 8 -1299.917360057003
IMnm 524103 6 -2368.398231600168
sc2esm 964546 8 -1190.626080002014
sc2el 476447 9 -2609.605951784978
sc2 927399 11 -1793.8768148269683
sc11 56725 8 -3806.5935852112752
s2msm 431648 5 -1638.6898004577756
sc2e 504217 9 -2312.8803720489873
sc2lsm 265695 8 -1389.4961873286031
s2mismB 585724 8 -1286.8153358534535
s2mi 687185 9 -1179.555420453791
sc2sm1 110316 10 -1220.5856037268234
sc1ilsm 356703 8 -1528.702136407077
sc1sm2 332058 8 -1371.622247388092
sc3em 589776 12 -1227.1324473000036
sc1il 541846 10 -1167.5992342599407
sc2il 193318 12 -3466.5814487865036
sc2l 865289 9 -1318.820096649943
s2m 375408 6 -1433.5642234288703
sc2ilsm 757157 10 -1227.1665758521813
sc3nm 721120 10 -19933.784419706215
sc3mlsm 827522 11 -1331.2008166245262
sc1esm 690738 6 -1704.481317803139
sc3emsm 163683 11 -1856.4428677149172
sc3elsm 678687 11 -1432.0809063393972
sc12il 725630 14 -3032.413077431561
sc12nm 420490 9 -1385.874491748485
sc3l 832566 12 -1430.2329536950178
sc12imsm 525049 12 -2545.4593749223022
sc3msm 313 11 -1171.9218110581699
sc3esm 867991 11 -6137.050648517687
sc3el 595691 12 -1451.127118011273
sc3eml 811523 12 -1470.031564135719
sc1sm1 296138 8 -2206.031372525831
sc1ie 372352 10 -7835.942068774153
sc2ielsm 350323 10 -1003.0283705518102
sc12iml 644067 14 -945.4864604422048
sc3emlsm 385998 11 -1879.005298021065
sc12ilsm 593166 12 -1973.0844143948445
sc12im 254989 14 -6220.060572437471
sc1ielsm1 137867 12 -1187.5316032031697
sc3iesm 57477 13 -13296.050108455122
sc2ie 367198 12 -2661.6461147596874
sc3ielsm 673761 13 -1093.7156972084147
sc2iel 704705 12 -1091.6252818532864
sc2sm2 436320 10 -1637.024448435296
sc3ie 317768 15 -20521.63098244835
sc3el2 116709 14 -1341.9803283244755
sc3iml 979784 15 -3148.558061949811
sc12imlsm 250781 12 -1197.895081947082
sc3ilsm 123561 13 -1145.4735061288623
IMsm 365108 7 -1656.5049780538516
sc12imlsm2 647007 16 -1132.6641605896416
sc3ml 197311 12 -1541.7626853090737
sc3iemlsm 805658 13 -1226.78692538484
sc3ieml 748831 15 -6542.868800904236
sc2i 940177 16 -1172.1712047351684
sc2iesm 672724 10 -17180.53512476356
sc3ielsm1 1424 17 -8947.753585205843
sc3ml2 580382 14 -1433.0031091590915
sc3iem 196640 15 -2975.7232886863426
sc1nm 164663 4 -2557.6796935641887
sc3il 810510 15 -968.0923308639839
sc3im 586278 15 -3116.7260436806096
sc3iemsm2 211862 17 -4808.125259686078
sc3lsm 886473 11 -1593.0143240238092
sc3iemsm 325247 13 -3108.454981301161
IM 844334 8 -2025.2386847334162
sc3e 463501 12 -5687.307268803941
sc3iel 509864 15 -1257.3198723946375
sc3iemsm1 547194 17 -2663.7344120366724
sc3ielsm2 411621 17 -3383.191285561334
sc3imlsm2 690673 17 -1245.5583706608468
sc2ielsm1 22512 14 -3408.214783519319
sc2ielsm2 528219 14 -1266.0169990785482
IMscsm 421836 8 -1315.430839843138
IMsc 503855 9 -2079.124196159357
sc12imlsm1 118960 16 -1031.0185734102774
IMsc2sm 738991 10 -2424.9706051587714
sc3imlsm1 54170 17 -1066.5989602373686
IMsc2 747442 11 -1276.0193177070482
sc1iesm 300109 8 -11315.845304686842
sc1i 18054 14 -1227.3600896482644
IMism 685201 9 -1069.5157276497273
IMisc 379796 12 -2972.973303395266
sc3imsm 189976 13 -2236.740282941012
sc3m 120362 12 -1674.895614496097
IMiscsmB 492171 11 -2065.0945865593326
sc1ielsm2 198373 12 -1374.223428866388
IMisc2sm 19644 12 -1112.333704190838
IMi 752466 11 -995.5320805410777
IMisc2 647261 14 -930.9102276977585
IMiscsm 851287 10 -1076.9106380321462
sc3em2 988998 14 -1447.8730091413622
sc3imlsm 79460 13 -1223.6767112902253
sc1e 725661 7 -1666.8373485421862
sc2ns 326577 5 -17749.62150970148
IMns 271999 4 -17976.339522954306
IMscns 810385 5 -17976.97435262186
sc1esm 12423 6 -1569.5387284124422
sc1ns 597533 3 -17749.453953016287
sc11nm 489088 6 -3607.403919341114
sc21nm 264837 8 -29568.136745454052
sc11sm 658706 7 -1659.3550476086043
sc2 987579 11 -1162.2321819133163
sc2elsm 957814 8 -1970.5239204131335
s2msm 431140 5 -1638.9662689333727
sc11 643258 8 -1436.2977076040693
sc1l 106459 7 -1411.9767461052895
sc2lsm 634774 8 -1391.3643822308436
sc1nm 281449 4 -2557.6837805822906
IMnm 630979 6 -2364.6731501179784
sc12nm 10402 9 -46180.33496360428
sc2l 284642 9 -2002.7203234888398
sc1il 228515 10 -1164.722385136166
sc1sm2 375318 8 -1503.891101855337
s2m 174989 6 -1447.2707438349562
sc1e 413610 7 -1421.9282486827005
sc1 14894 9 -1411.7200639500015
IMscnm 950808 7 -2376.9840989950535
sc1lsm 203832 6 -1632.6105429781671
sc2el 134836 9 -1367.620324907185
sc3lsm 224153 11 -1983.984596602646
sc2iesm 902776 10 -17944.618418257633
sc3emlsm 689618 11 -1305.1896775293394
sc3elsm 298035 11 -1301.1044078538935
sc3emsm 23096 11 -1363.9431814321215
sc2sm2 937201 10 -1548.2352978769213
sc3nm 164069 10 -2426.1074251681384
sc1sm1 547103 8 -1564.6191008420185
sc3mlsm 83315 11 -1999.0484999856014
sc1ilsm 975976 8 -1346.8491123000035
sc2sm1 147777 10 -1192.6883700474052
sc3el 665650 12 -3147.4766686316398
sc1ielsm2 430092 12 -2510.8178672978356
sc12imsm 907295 12 -7614.124413686663
sc1ie 739061 10 -1136.0216843944136
sc3l 12250 12 -1395.1659767724761
sc2il 986374 12 -3358.398778638286
sc3msm 774313 11 -13602.565596516615
s2mi 507174 9 -1166.0088079973505
sc3ml 165087 12 -1459.8235091583228
sc2ielsm 307149 10 -1006.440136447397
sc2ilsm 560822 10 -1094.7072234886302
sc12imlsm2 397383 16 -3412.060235781387
sc1i 126232 14 -1149.3920227909712
sc12imlsm 754982 12 -1365.0622449247094
sc1iesm 651391 8 -6009.394999427939
sc12ilsm 941045 12 -1104.9237355623952
sc3el2 656390 14 -1419.7609642827078
sc3iemsm 309472 13 -19251.31886543334
sc12il 996443 14 -1107.6867297961203
sc2iel 930874 12 -931.0118883144414
sc3ml2 311890 14 -1473.4381966379588
sc1ielsm1 728720 12 -1167.3364173742016
sc3ielsm 842874 13 -1094.8181665498485
sc12imlsm1 836742 16 -984.8522009940358
IMsm 108559 7 -1365.1671335020255
s2mismB 867594 8 -3890.193064481022
sc3il 383395 15 -3769.051031836997
sc3im 378165 15 -839.6894555615139
sc3iemlsm 897107 13 -1043.287175693022
sc3iesm 501823 13 -23747.147095072294
sc3imlsm 748150 13 -1041.336732527815
sc3m 583563 12 -1546.1246244828912
sc3imsm 231026 13 -1617.7871552807023
sc2ielsm1 805509 14 -1182.4188799755943
sc3ilsm 712541 13 -1252.0869763703029
sc3em2 944936 14 -4472.571498591224
sc2ielsm2 798287 14 -1309.2129248390315
sc3iml 5936 15 -1074.828785913971
sc3iemsm1 314435 17 -829.4218614902884
sc12iml 645545 14 -981.7705027885485
sc3ie 890585 15 -10796.155218738339
sc3ielsm2 102949 17 -4490.732664048913
IM 846642 8 -1340.7825071209622
IMsc2sm 216907 10 -1302.1496158771279
sc3em 702952 12 -2164.601361705516
IMsc 538607 9 -1260.635413991119
IMscsm 778609 8 -1353.6695513462842
sc2esm 711991 8 -1639.161689039111
sc3ieml 118357 15 -1026.2909371361566
sc3imlsm1 865648 17 -1212.728981883096
sc3iemsm2 738298 17 -7180.339466831302
sc3iem 936808 15 -11358.13441336831
sc3imlsm2 672599 17 -942.9773265698802
IMism 193275 9 -1051.4674769935332
IMisc 673048 12 -975.3744360686874
sc3iel 905526 15 -1241.8087125133502
sc3esm 272350 11 -3465.0585071847977
sc2ie 277540 12 -8293.405917169772
IMiscsmB 493308 11 -934.3039561278106
sc3ielsm1 369145 17 -1054.1738884120168
IMi 362655 11 -1026.2632199007367
IMisc2sm 70607 12 -3634.408083869487
IMsc2 34205 11 -1499.3183737274474
IMisc2 713446 14 -1275.8126254068306
sc3e 503498 12 -7349.761377829063
sc3eml 335853 12 -3518.827549655073
sc2e 559742 9 -1721.8072712367107
IMiscsm 214570 10 -1310.3310136464843
sc12im 514563 14 -6817.20873485542
sc2i 621892 16 -1114.7068566324374
sc3ns 816379 7 -17721.242979707422
sc2ns 674102 5 -17807.227085905568
sc21nm 800229 8 -2962.331381861297
sc21nm 849347 8 -1735.317387172182
sc3ns 725181 7 -20166.21112153665
sc3ns 89510 7 -20168.05295044503
IMscns 799270 5 -17979.527938275594
sc3iemlsm 866359 13 -1424.3813682844564
IMisc 736466 12 -990.3429299511076
sc2i 953808 16 -913.4092466348355
