sc1ns 696155 2 -15014.843075917845
IMns 484789 3 -14809.569599885624
sc1nm 337437 3 -5847.102061817683
IMscns 117116 4 -14703.063886755528
sc11nm 233773 5 -26187.184729845998
sc2ns 995427 4 -15014.984841321391
sc3ns 916637 6 -14702.30972711043
sc21nm 109336 7 -51856.78698663039
IMscnm 637060 6 -5836.459156554024
s2msm 888881 4 -3857.342130599312
sc1l 656870 6 -3539.9667456876623
sc11 950039 7 -3901.0300580450075
sc12nm 179330 8 -27029.960672657635
IMnm 861201 5 -5834.760798038803
s2m 853797 5 -3853.8479717943483
sc1lsm 405876 5 -3545.379375822383
sc11sm 425183 6 -3711.3820408865645
sc1sm1 640201 7 -6800.249197804858
sc2sm1 707899 9 -3145.2436990859874
sc1 990863 8 -7344.119269844881
sc2 538552 10 -3373.0662360558235
sc1ilsm 776811 7 -3365.544894573618
sc3elsm 369543 10 -3186.070993283288
sc2elsm 18516 7 -3682.801412086799
sc2ilsm 246694 9 -9380.26636486972
sc2e 912325 8 -10386.612052487355
sc2sm2 218325 9 -8242.65820988496
sc1sm2 280273 7 -8986.510835535346
sc1iesm 567943 7 -12981.505939673641
sc12ilsm 647259 11 -12305.2920915026
sc3l 719165 11 -8793.849940117141
sc2esm 783743 7 -23300.29350792227
sc2el 413812 8 -9556.13724191151
sc2il 858546 11 -2697.016656068083
sc2iesm 17598 9 -11154.083413715043
sc1il 87257 9 -3173.944267428673
s2mismB 15306 7 -3267.9466562556754
sc12im 375913 13 -51160.60749804436
sc3lsm 475075 10 -3210.265344972344
sc12il 315905 13 -2673.563262917604
sc3imsm 515532 12 -98175.98676253151
sc1esm 295936 5 -54188.30404010463
sc3em2 960717 13 -28779.03975337059
s2mi 439682 8 -6798.685026533857
sc3ml 993687 11 -4745.512872706289
sc1e 859300 6 -21066.097065545928
sc12imsm 572860 11 -62566.95215153405
sc3ilsm 507187 12 -8900.071648802454
sc1ielsm1 361821 11 -3107.2118320742147
sc3iemsm 221621 12 -50885.9845685115
sc3mlsm 222 10 -6990.07557265595
sc2ielsm1 370106 13 -2777.1183829414067
sc1ielsm2 126455 11 -5099.0615875866
sc3ie 502256 14 -56253.39438672532
sc2iel 633878 11 -2808.656083912726
sc3imlsm 220341 12 -26966.46999026023
sc3ielsm 657444 12 -3258.8628388359084
sc12iml 793722 13 -2768.7524790594257
sc3em 116970 11 -3562.8787554841524
sc12imlsm1 992475 15 -29906.059924927897
sc3imlsm1 112701 16 -17871.205230612984
sc3il 272558 14 -2888.7718749844444
sc12imlsm2 941261 15 -2913.81309960094
sc3imlsm2 915059 16 -2671.9113004077344
sc1i 793549 13 -3294.2295834855636
sc2ie 435765 11 -5917.87427579172
sc3el2 802411 13 -6931.206096196336
sc3emsm 341241 10 -11436.52839802773
sc3iemsm2 868347 16 -73658.32450246983
sc3esm 796408 10 -91976.50721985016
sc3iel 199307 14 -3538.0560911637667
sc3ielsm1 738191 16 -3199.5055369587826
sc3msm 949995 10 -58441.800177345576
IMsm 420831 6 -3441.0103664644257
sc3im 277013 14 -4919.101452844485
sc3iml 450188 14 -4123.727746478209
IMsc2sm 6227 9 -5584.120775510854
sc2i 836629 15 -2928.904775276205
sc3m 707165 11 -5746.402745161048
sc1ie 267389 9 -7579.441729036844
IMism 834572 8 -3042.230900064755
IMiscsm 204070 9 -2687.9490623997285
IMscsm 117103 7 -8017.047464366083
IMisc 829666 11 -3124.2053861517797
sc3iemlsm 492917 12 -5267.203806462698
sc2lsm 317 7 -10621.004522379788
sc3ml2 548725 13 -7116.423215262513
IMisc2 974101 13 -14770.409596862124
IMisc2sm 144077 11 -2793.691153260017
IM 450087 7 -4127.013975969916
sc3emlsm 157491 10 -6445.309533583558
sc3iemsm1 126241 16 -17145.25435521948
IMi 745521 10 -2808.1083850353352
sc3iesm 96794 12 -34775.05295234128
sc2ielsm 803518 9 -3973.9697422944428
IMsc2 670255 10 -3749.031341922828
sc12imlsm 629498 11 -3376.359981104329
sc1ns 547988 2 -15014.843212414995
IMns 393462 3 -14802.789181061838
sc2ns 129866 4 -14703.65257540513
IMscns 81212 4 -15014.992683520173
sc11nm 733068 5 -7328.226077346656
sc1nm 792309 3 -5847.100217342606
sc21nm 437602 7 -38642.07303081581
IMnm 416750 5 -18814.678924337022
sc12nm 823188 8 -18632.22993925389
sc1esm 155488 5 -196764.61910624304
s2m 250746 5 -3853.8478364152033
IMscnm 64063 6 -14434.525745054532
sc11sm 567340 6 -8866.676791371452
sc1l 330812 6 -4532.033724369449
sc11 643245 7 -3946.8005520915576
sc1lsm 897192 5 -3545.3795752503165
s2msm 87723 4 -3857.3420538519854
sc3ns 194642 6 -14938.420749904446
sc2l 170646 8 -4303.7135865240625
sc3lsm 316818 10 -3204.967359180244
sc2sm2 196069 9 -7500.430763526933
sc2lsm 167737 7 -3263.0248414215057
sc1iesm 650591 7 -85022.71309770393
s2mismB 526547 7 -3270.363173908483
sc2sm1 75605 9 -3246.6492120126795
sc1ilsm 141945 7 -3102.8775145878553
s2mi 360304 8 -3206.076713613429
sc1 394018 8 -8456.983335215635
sc2ilsm 451580 9 -2708.37101819528
sc1sm2 54481 7 -8647.035107568083
sc3mlsm 857074 10 -3159.313575293911
sc1ie 666683 9 -63969.16398112604
sc1il 573912 9 -3180.65484616947
sc3msm 845588 10 -31412.416652682503
sc2il 879099 11 -15757.441705548656
sc12ilsm 475362 11 -7264.594045278948
sc2iesm 830507 9 -14823.247822179987
sc1sm1 633955 7 -3993.910261150497
sc2 221596 10 -3128.2201766944436
sc12im 230035 13 -116295.39263627688
sc3ilsm 651711 12 -3037.694363658674
sc12imlsm 61670 11 -8284.7162556469
sc2iel 984745 11 -2697.628006452619
sc2el 508691 8 -3661.563579344185
sc3emsm 403716 10 -7741.195336973754
sc12il 823351 13 -4432.77223017392
sc3im 682779 14 -64887.69163131468
sc3em 310844 11 -4027.771511158849
sc3emlsm 885341 10 -8423.33617779925
sc1ielsm1 965272 11 -3205.905722047406
sc3ie 551519 14 -160336.7068342365
sc12iml 950292 13 -2726.438924007666
sc1i 980255 13 -23502.98957739949
sc3imsm 985950 12 -8115.885254104436
sc3l 6558 11 -8320.437034635355
sc2ielsm2 141659 13 -12184.141962157504
sc3iml 832911 14 -9682.950405835061
sc12imlsm2 923604 15 -16846.976706430207
sc2i 812288 15 -2649.1261756909844
sc1ielsm2 348347 11 -4496.867611960882
sc3imlsm 457667 12 -6485.478794753196
sc2ielsm1 119554 13 -2914.909908191342
sc3il 369701 14 -8722.862985686856
sc3el2 884454 13 -6313.827478265897
sc3ielsm2 943268 16 -2755.6608730207854
sc3ielsm 39235 12 -3645.4991909251667
sc3imlsm2 154016 16 -5650.884382496077
sc12imlsm1 449720 15 -2872.4728834732714
IMsm 414771 6 -5184.653833120147
sc3ieml 313839 14 -2747.051077002976
IMsc2 786903 10 -3127.884379897704
sc3m 476564 11 -70344.23085670373
sc2ielsm 414831 9 -6773.1148076274485
IMscsm 324932 7 -20701.699807990444
sc3iemsm1 595593 16 -33396.573106958655
sc3imlsm1 891664 16 -2707.497752161281
IMsc2sm 535677 9 -3404.618353291174
sc3iemsm 330566 12 -34939.37314108652
sc3ielsm1 953276 16 -4335.667270944011
IMsc 692451 8 -7146.5606505087035
sc3iel 971941 14 -3455.287333584104
sc2esm 238895 7 -30907.012401345604
IMism 981372 8 -2843.6131262125464
IMiscsm 255159 9 -2866.8300357047724
sc2elsm 431144 7 -3701.998153448714
IMisc 803058 11 -2749.4742529409295
IM 157821 7 -5923.729681143519
IMiscsmB 517572 10 -2826.0731691057367
IMisc2sm 329310 11 -3017.448038909142
sc3iemlsm 956012 12 -4626.959297159876
sc3iemsm2 438853 16 -17060.92572672732
sc2e 396902 8 -44773.80389427205
IMisc2 469554 13 -6591.5202688151985
sc12imsm 367404 11 -29017.014654285966
sc3elsm 487320 10 -4988.988669730886
sc3ml2 52106 13 -4825.595269372678
sc1e 915207 6 -4507.299648695545
sc3iem 200219 14 -28928.284062808496
sc3e 58766 11 -69922.80968083785
sc3esm 759179 10 -55013.68679230551
IMns 558100 3 -14802.789181065325
sc1ns 239959 2 -21656.167066169186
IMscns 875697 4 -14703.065861240948
sc11nm 613597 5 -28467.245312546387
sc1nm 645779 3 -5847.100868528134
sc3ns 317748 6 -14713.764511625533
IMscnm 210172 6 -5834.873468134366
sc2ns 2891 4 -16152.623139137111
s2m 137170 5 -10310.774381637097
sc11 526331 7 -3708.28973701655
IMnm 762018 5 -5834.758536216487
sc12nm 211724 8 -47633.23825045932
s2msm 576053 4 -3857.342130120143
sc11sm 858837 6 -3712.640411817679
sc1l 113158 6 -3853.9978095193414
sc2esm 775180 7 -46581.40856657746
sc1lsm 379413 5 -3545.3803344663884
sc21nm 63097 7 -10686.570398988035
sc1sm1 13822 7 -3543.757447201974
sc2lsm 732194 7 -3263.0248365190682
sc1 683100 8 -3647.474711643272
sc3l 620926 11 -3295.8321444129106
sc2 603049 10 -3270.045926991967
sc1ilsm 519768 7 -3089.270394315241
sc2sm2 50376 9 -3238.468460830525
sc2el 753604 8 -3150.669762312598
sc3esm 118303 10 -55743.58846200579
sc1ie 451577 9 -88650.01235670579
sc1il 135683 9 -3031.7049592607855
sc2elsm 432143 7 -3682.823777299962
sc2ilsm 62749 9 -6772.170444987214
sc2iesm 3853 9 -26078.19275787974
s2mismB 861381 7 -3267.947039489232
sc3elsm 590527 10 -3349.2257908892925
sc2ie 567771 11 -49230.23179486797
sc1esm 948549 5 -5073.269530815589
sc2il 569689 11 -9970.77184751485
sc2sm1 101558 9 -6664.671162635878
sc1ielsm1 536657 11 -3135.4864128392915
sc2ielsm 117134 9 -7550.834166065211
sc3imsm 134015 12 -6953.498620964112
s2mi 243915 8 -3834.61501900649
sc12il 906880 13 -2713.7840729980007
sc3em 885700 11 -3589.2346865115205
sc1iesm 474950 7 -6549.521980177584
sc12ilsm 532719 11 -6047.531744863065
sc3eml 686118 11 -4899.757253070311
sc3imlsm 689864 12 -2686.4491918113595
sc2iel 268124 11 -2815.9514936847186
sc12iml 304542 13 -2718.590872228454
sc2i 909668 15 -19003.076526590645
sc1sm2 174285 7 -3855.868143751489
sc3iel 879329 14 -9652.075586920391
sc2ielsm1 716716 13 -2674.372779394911
sc12imlsm2 226189 15 -5649.869051603901
sc2ielsm2 760399 13 -5903.7662148791815
sc3imlsm2 703937 16 -13759.584648426948
sc3iml 8914 14 -2742.9671009872077
sc3iemlsm 880844 12 -2710.8440506586267
sc3ielsm1 856813 16 -2676.3058871281187
sc3iemsm 244519 12 -29422.269420890483
sc3im 684696 14 -14055.42933399099
sc12imlsm1 207298 15 -2752.1255372061514
sc3msm 441475 10 -57302.28099313227
sc3mlsm 36703 10 -6617.247693663134
sc1i 477655 13 -3230.0221539132667
sc3imlsm1 482967 16 -8266.308265196663
sc3iemsm1 723267 16 -22303.156855696056
sc1ielsm2 890615 11 -2994.3177776785788
IMsc 6537 8 -3181.6131728085566
IMsc2sm 181672 9 -3463.7258355257786
sc3ielsm2 317209 16 -7079.862404534986
sc3lsm 592703 10 -6123.329948450803
sc3iemsm2 894791 16 -23092.950705054805
IMsc2 520496 10 -5839.707832802775
sc3ie 801508 14 -47063.55224076508
IMsm 664147 6 -3558.346672557914
sc3ieml 158924 14 -3528.014837423362
sc1e 396837 6 -34320.926123642865
IMscsm 136150 7 -3200.513655241909
sc3ilsm 314247 12 -7352.689335627896
sc3emsm 362107 10 -40263.264426801645
sc2l 284750 8 -6136.742863736463
sc3el2 540372 13 -7316.745972750585
IM 901295 7 -6882.811633073122
IMism 534766 8 -8513.588711659597
sc3iem 414868 14 -23315.719707712335
sc3iesm 807021 12 -96412.35956057433
sc3m 210808 11 -34882.859846074985
sc3em2 314871 13 -62729.670850632494
sc12imlsm 408785 11 -4552.7634534577855
IMi 729495 10 -2817.3149434437646
sc3ml 346048 11 -7512.991347827336
sc3ielsm 991279 12 -3237.074088345792
sc12im 182373 13 -30196.767153344575
sc2e 670327 8 -56331.765265860115
IMiscsm 894248 9 -2887.7517015330236
IMiscsmB 84197 10 -4699.759563925856
sc12imsm 805994 11 -55830.42091144348
sc3e 527869 11 -113896.59304227681
sc1ns 89759 2 -15014.843212094012
IMns 354740 3 -14955.441267950066
sc2ns 572736 4 -15451.750839604876
IMscns 952368 4 -14703.065759609955
sc11nm 935015 5 -4270.421912660168
sc3ns 719623 6 -15015.026263769914
sc1nm 580946 3 -5847.101997631295
IMnm 744825 5 -5834.760860710859
sc21nm 715732 7 -53646.72654645051
sc1lsm 392924 5 -3545.3802055880906
sc12nm 97123 8 -11699.926512884816
sc2l 52131 8 -3250.796796120709
sc2lsm 119649 7 -3263.0253970219833
IMscnm 791497 6 -12404.13045445416
sc1l 902207 6 -4549.813462928714
s2m 40666 5 -3853.847000809412
sc1sm1 598803 7 -3539.1884961123424
sc2e 8206 8 -18230.2063388401
sc2esm 371419 7 -6658.817613148678
sc11sm 577658 6 -3712.1650847839405
sc11 442811 7 -3922.427391177858
sc1esm 204236 5 -51565.428353059266
sc1ilsm 710427 7 -25051.610774529
sc3esm 314292 10 -335248.2893932725
s2mi 300422 8 -3232.1151581644453
sc1 113853 8 -9346.652653799902
sc2sm2 637116 9 -4518.469714038888
sc1iesm 346408 7 -22002.4667387683
sc1il 83531 9 -15955.706668658611
sc2ilsm 58110 9 -3060.2848935364223
sc3el2 872704 13 -4494.54470093883
sc3e 928284 11 -68384.63477983038
sc3mlsm 390883 10 -3176.8210861273774
s2mismB 925273 7 -3267.9459506773337
sc2il 737159 11 -4462.351288799627
sc12ilsm 768011 11 -41262.74083170476
sc2el 537344 8 -3150.6697248560654
sc2ie 459706 11 -81464.84916829143
sc12il 29962 13 -12819.12961340405
sc3ilsm 858006 12 -14881.793902802474
sc12imlsm 690128 11 -10686.756340945838
sc3eml 896923 11 -3311.4194326605493
sc1ie 777152 9 -33263.34456327901
sc2ielsm2 850344 13 -2814.2797170475096
sc3ml 169981 11 -4236.132426764813
sc3iesm 407403 12 -70508.05355687007
sc1ielsm1 362299 11 -3098.591185311352
sc3ie 503407 14 -36781.87654595703
sc3imlsm 572519 12 -18839.13659767065
sc3lsm 546924 10 -10705.099893756846
sc3msm 133456 10 -14140.149799627092
sc3imsm 213217 12 -10317.687486845207
sc12imlsm1 447882 15 -2657.561364267314
sc2i 580661 15 -17913.830536156947
sc12iml 209181 13 -12072.977837372642
sc3iel 238531 14 -4409.47299234729
sc3ml2 828987 13 -3463.3666122145687
sc3iem 714696 14 -32026.766487654175
sc3iml 924831 14 -2657.4376739472054
sc2iel 622297 11 -2695.310672462935
sc3imlsm2 283880 16 -2739.2400295018742
sc3l 743208 11 -4728.455342092647
sc1ielsm2 539707 11 -3270.483310168056
IMsm 613594 6 -3447.6702838644055
sc3ielsm1 302589 16 -13946.611462401097
sc3imlsm1 720911 16 -4065.7391715389285
sc12imlsm2 472681 15 -4925.139715489004
sc3il 151543 14 -7176.749232074471
sc2 753136 10 -5933.0597792383
IM 645286 7 -3447.23017955866
sc3iemlsm 449838 12 -5627.2905766377335
IMscsm 145698 7 -3201.935589297309
sc3ielsm2 393107 16 -8860.42233902808
sc3ieml 760414 14 -3577.211932674612
sc1i 490860 13 -3163.601575235767
sc3ielsm 568834 12 -2893.449462469501
sc2iesm 232782 9 -24021.313289106558
sc3emsm 719781 10 -17786.1251589492
sc2elsm 304102 7 -4740.780971752449
sc3im 322131 14 -29138.077099012688
IMiscsm 438901 9 -2683.234474383376
IMsc2 587605 10 -6575.926702964758
sc3emlsm 52179 10 -7704.359970271231
IMism 719519 8 -2850.1017553629545
sc2ielsm1 786440 13 -7308.200925136779
IMisc2sm 278922 11 -2707.2753107155095
sc3iemsm2 286947 16 -4199.95151717303
sc2ielsm 824828 9 -4792.827759097674
sc3iemsm 132724 12 -27484.20017820239
IMisc2 291213 13 -6573.248265951949
sc1e 520267 6 -4470.934115278437
sc1sm2 493533 7 -15349.426608763404
IMsc 658580 8 -3793.278214934929
sc3elsm 614291 10 -4823.267230785183
sc2sm1 361656 9 -4591.441813078894
sc3em 97674 11 -5112.703289541643
sc12imsm 698337 11 -37148.86277576687
s2msm 879139 4 -14717.268965159734
sc3em2 492370 13 -22770.902103521108
IMiscsmB 276727 10 -3070.196394605947
sc1ns 689421 2 -15014.843212113483
sc2ns 953955 4 -14701.864076250116
IMscns 620236 4 -15015.558548507282
IMns 448515 3 -14802.789064945442
sc1nm 803821 3 -5847.103222886959
sc3ns 874308 6 -21640.096657898073
sc11nm 180323 5 -4270.448890574372
IMnm 125305 5 -7359.355447832036
IMscnm 840715 6 -5834.992344322367
sc11 152138 7 -3710.153588789964
sc2lsm 72405 7 -11616.17624351257
sc1esm 863550 5 -13463.610546410771
sc12nm 448466 8 -81268.1715417154
s2msm 478531 4 -3857.3421008417163
s2m 764853 5 -3853.847993000431
sc1l 843778 6 -12484.779256431859
sc2e 573051 8 -49287.18980557476
sc11sm 233984 6 -3857.3562152123095
sc2l 305560 8 -5374.095186471663
sc1e 91220 6 -50458.66076860124
sc1 209155 8 -9809.137828938572
sc3l 359854 11 -3190.0086808789756
s2mismB 320108 7 -3243.18052317458
sc1iesm 661799 7 -55336.225930825174
sc3esm 480060 10 -5850.733763321054
sc3msm 394557 10 -35643.44622355732
sc1ilsm 116259 7 -3138.6677210626913
sc3lsm 719637 10 -3558.27433282843
sc3e 621649 11 -58212.54657326487
sc2ilsm 40606 9 -2702.8891845398407
sc1il 899020 9 -3044.142000526264
sc3ml 594941 11 -5557.592671709717
sc2 470577 10 -8841.826783222683
s2mi 390516 8 -3852.8932832696646
sc1sm2 311899 7 -3545.4690571491215
sc2elsm 554981 7 -3682.802334302193
sc3mlsm 580371 10 -3704.7039876201316
sc3m 928130 11 -38938.02380906556
sc1ie 68928 9 -44315.16614728063
sc12imsm 392410 11 -22327.246352478105
sc2el 393162 8 -3150.6683060984396
sc2il 144683 11 -15964.687778815445
sc1sm1 452210 7 -6149.143881864469
sc12imlsm 736316 11 -9209.2902191469
sc3imsm 660378 12 -103922.05774938109
sc2esm 638218 7 -57869.5484744958
sc12il 121107 13 -5560.762633194299
sc2sm2 405663 9 -3434.6390975300774
sc3el2 319165 13 -3684.9684173915475
sc2iel 960016 11 -8090.226109649175
sc3ie 518227 14 -47490.72176152248
sc2ielsm1 237332 13 -18613.76711250868
sc3il 529124 14 -13267.19415986772
sc2ielsm2 652034 13 -2702.0635849696555
sc3iesm 397030 12 -54755.44448289614
sc1ielsm2 728653 11 -4597.7014708883125
sc3ml2 813226 13 -6057.5875113115535
sc1ielsm1 789854 11 -5706.21730595451
sc3imlsm 961095 12 -2680.3983303255127
sc12imlsm1 109893 15 -2682.5625025962922
sc3iem 495472 14 -15064.675488178913
sc1i 731673 13 -3941.110732468716
sc12iml 714404 13 -4039.6022441155474
sc3ielsm2 307650 16 -2682.887810292141
sc3iml 867279 14 -2761.803163224657
sc3iemlsm 880910 12 -5615.8946087114955
sc2sm1 356055 9 -8713.231516308508
sc2i 796838 15 -2840.018033602685
sc12imlsm2 846303 15 -2717.354963622744
IMsm 472903 6 -3441.1414370849443
sc2ie 200350 11 -6431.637888503944
sc3imlsm1 908616 16 -8574.705151707612
sc3iemsm2 540642 16 -18531.087954008734
sc3imlsm2 898079 16 -2929.5442789597582
sc12im 284041 13 -6019.97085614444
IMsc2sm 882356 9 -3161.2066522246214
sc3elsm 376731 10 -8271.438357222794
sc21nm 989259 7 -4362.16840891926
IMscsm 135726 7 -3434.7922391038737
sc3em2 280836 13 -8527.659413435089
sc3iemsm 829710 12 -47485.52517681553
sc3ieml 99558 14 -3047.461225474231
sc3iel 995391 14 -4105.76303399781
sc2ielsm 64380 9 -3369.5186915796316
sc3iemsm1 249363 16 -6667.599925184371
sc3em 644017 11 -4955.388479166772
IMism 387538 8 -2842.8510633764326
sc3emlsm 863362 10 -14444.534871862743
IMsc2 734001 10 -3127.8838836380164
IM 419700 7 -3332.5007850369875
IMiscsmB 795681 10 -5236.688414540559
sc3eml 889225 11 -3900.9096087978414
IMisc 171230 11 -4452.214470891477
IMi 309801 10 -2817.5336015975217
IMisc2 525041 13 -2656.4703017208913
IMiscsm 194067 9 -2683.233937105093
sc1lsm 919956 5 -10508.838957899316
IMisc2sm 281187 11 -4998.272534482903
sc2iesm 459970 9 -64478.36978937405
sc12im 126635 13 -120809.29238732472
sc3em2 665750 13 -5995.398802300178
IMi 41444 10 -2837.8503419126096
sc3m 892171 11 -5165.425037334733
sc2l 11484 8 -5883.774158965907
sc3e 157355 11 -101208.26458222442
sc3emlsm 7999 10 -3199.049010053193
sc3ml 310490 11 -8913.596012971817
sc12ilsm 935867 11 -3195.5839309681996
sc3eml 629752 11 -3466.3452848982915
sc2ie 617756 11 -56370.931023037956
sc2ielsm2 844476 13 -5925.3431674351195
sc3ilsm 347009 12 -3525.57882711098
sc3ielsm 435251 12 -3541.4927731447815
sc3ieml 836099 14 -11090.737522554717
sc3iemsm1 218304 16 -88820.46546236955
sc3im 306957 14 -23096.065589506285
sc3eml 359730 11 -3370.9167875294806
sc3ielsm2 17549 16 -3404.7614552321907
sc3iesm 516535 12 -50429.159114502865
IMsc2sm 970400 9 -3157.9493663578214
sc3il 522623 14 -9336.914430389157
sc3ml2 123351 13 -3615.7803849672905
sc3ielsm1 515823 16 -3146.287266057913
sc3emsm 569466 10 -5252.88707815265
IMsc 853662 8 -4979.157827181318
IMisc2sm 361365 11 -2674.3023472742066
IMisc 482225 11 -9420.82311326984
IMi 43601 10 -4894.573730250604
IMisc2 400385 13 -17729.45991840823
IMiscsmB 827869 10 -3920.8345670771578
sc3iem 92003 14 -3592.3679919186297
IMsc 264927 8 -4284.399672437644
