sc1ns 917021 3 -17028.14479854295
IMscns 543825 5 -15884.932308533294
IMns 730642 4 -15883.988810995414
sc2ns 339088 5 -15619.22195975969
sc11nm 293654 6 -68273.55990380039
IMnm 211323 6 -7359.267490380603
sc1nm 54398 4 -7374.931253935312
sc21nm 519082 8 -36640.930132822104
sc11sm 253205 7 -5083.466026397253
sc3ns 424584 7 -16353.461204959849
IMscnm 598878 7 -18309.229084859948
sc12nm 325534 9 -27431.076526605248
sc11 126779 8 -10185.104574590696
sc2lsm 233488 8 -4326.318527624642
sc1lsm 35863 6 -4807.193387515962
sc3nm 185639 10 -14301.355680056613
sc1l 899659 7 -7363.931546926861
sc2l 134425 9 -8859.978016230947
sc2el 710865 9 -4039.3060910404756
s2m 37635 6 -5083.22934971354
sc1sm1 878417 8 -6459.662406534365
sc1iesm 43583 8 -86307.2210606236
s2msm 721204 5 -5083.321598567292
sc1sm2 664937 8 -11005.029632550337
sc3l 898872 12 -4261.253535543681
s2mi 796275 9 -16697.61996843108
sc1 349713 9 -4790.056863099013
sc2elsm 366355 8 -5698.823231631553
sc3lsm 47459 11 -5666.329341506645
sc2ilsm 50647 10 -3680.6281499254196
sc2sm2 894086 10 -6305.76127495185
sc1ie 811851 10 -13193.070543084126
sc3el2 757476 14 -8175.769340040388
sc2ielsm 355708 10 -52922.21100466437
sc1ilsm 113794 8 -4381.620583966321
s2mismB 937511 8 -8939.579545102255
sc2iesm 901078 10 -60014.37449060817
sc12il 54650 14 -32198.799687241226
sc2sm1 535106 10 -5592.135536171236
sc3mlsm 981576 11 -4250.969069159933
sc2esm 76747 8 -27591.653865153654
sc2 506415 11 -5468.767012060007
sc2ie 160231 12 -23261.340579176398
sc1ielsm2 755046 12 -34605.20698361102
sc12ilsm 280541 12 -4049.1533283832932
sc2ielsm1 109251 14 -5358.375764444058
sc3em 402264 12 -5323.304549280589
sc3esm 149632 11 -78277.37014252582
sc3emlsm 866586 11 -4596.5462896907175
sc3iemsm 250159 13 -56055.769639957936
sc3ml 889692 12 -11366.207454340314
sc2iel 594036 12 -6190.333750259932
sc12imlsm 841460 12 -11222.725381138142
sc3ilsm 8095 13 -4064.0537525797954
sc3ie 867224 15 -82700.13105987011
sc1i 932517 14 -4727.234885367461
sc2i 915602 16 -23306.22927624956
sc2il 162083 12 -6866.072508889705
sc3em2 919954 14 -29502.897872393387
sc1ielsm1 308610 12 -8453.955790667713
sc12imlsm1 369681 16 -16231.31849104649
sc3il 133534 15 -5518.876140112014
sc3msm 913164 11 -8045.380393009029
sc3imlsm 232791 13 -11523.099242616976
sc3iemlsm 506151 13 -4162.894422358217
sc12iml 721171 14 -3710.2016406299135
sc3ieml 328396 15 -29769.641032607058
sc3elsm 397574 11 -5717.058391842224
sc3imlsm1 952986 17 -28070.263287498416
sc12imsm 698643 12 -16482.44722502988
sc12imlsm2 78889 16 -4157.223618346032
sc3imlsm2 384218 17 -8893.479347514105
IMscsm 690786 8 -4126.475358438708
IMsc 350815 9 -4109.478007516156
IMsm 765236 7 -8160.669514348527
IM 855225 8 -7780.744499019698
sc3iel 357091 15 -6441.323989895154
sc1il 342771 10 -8904.157795896073
sc3ielsm1 92174 17 -5311.175250949501
sc3ml2 532910 14 -4092.4443265334103
sc3iemsm2 887266 17 -35107.31878489649
sc1e 972112 7 -12156.730373579665
sc3ielsm 212418 13 -5067.457972985178
sc2ielsm2 821489 14 -4854.621296609877
sc1esm 918766 6 -11913.133370691625
IMisc 421104 12 -28460.20334847433
sc3iml 525087 15 -4212.086101045352
sc3m 632690 12 -51834.44584838503
IMiscsm 472694 10 -4811.913253332596
IMiscsmB 518349 11 -9169.353929367151
sc2e 646759 9 -13842.611929632789
sc3e 240437 12 -73123.05385107205
IMisc2 57003 14 -3960.3775871042217
sc3emsm 56260 11 -45226.55023107171
IMism 961336 9 -3874.366864714948
sc3imsm 442970 13 -161904.8941838664
sc12im 781032 14 -52257.32207728696
sc3im 14436 15 -25993.368315905464
sc3iem 193596 15 -85042.75490155631
IMns 892718 4 -15884.159498688055
sc1ns 81783 3 -23478.16577599201
sc2ns 765247 5 -15662.276773744194
IMscns 393624 5 -15891.577296268177
sc11nm 608580 6 -52001.50847881361
sc3ns 643209 7 -15733.116017384906
sc1nm 833510 4 -7374.93428680501
sc21nm 769664 8 -40866.000465175945
sc11sm 70453 7 -4624.426870496027
sc12nm 342135 9 -62665.178634114185
IMscnm 623806 7 -7360.929215947046
IMnm 101899 6 -7360.4840455322865
s2m 994103 6 -7799.400294241095
s2msm 467038 5 -7027.07675176798
sc1esm 225890 6 -26851.61083758112
sc1l 278963 7 -5419.41388094627
sc2l 713990 9 -4326.098663441489
sc2esm 844380 8 -62144.71880036004
sc3nm 436432 10 -51439.29415074614
sc2lsm 428289 8 -4326.318152128288
sc11 217514 8 -4615.069517873675
sc2 387838 11 -4041.096970200085
sc2el 652632 9 -5456.647101496714
sc2e 504475 9 -26196.642204831558
sc1lsm 30796 6 -9815.754242176079
sc3esm 441115 11 -128740.45376953873
sc1ilsm 623138 8 -8617.193200767964
s2mismB 789524 8 -4517.466782392241
sc1iesm 854478 8 -30009.79714229983
sc2elsm 647236 8 -4089.690305656304
sc3msm 318064 11 -7249.335139596347
sc2sm1 32464 10 -7132.712442445338
sc3lsm 822392 11 -4320.923208294587
s2mi 545834 9 -4327.556239858875
sc2ilsm 67376 10 -3680.2034708353335
sc3ml2 481465 14 -4003.6507483175637
sc3em 728896 12 -4909.766580797968
sc3el2 775035 14 -9059.527343661302
sc1ie 226393 10 -56832.65458160064
sc12ilsm 404463 12 -3683.4497068285023
sc3l 513105 12 -5767.22787986004
sc2iesm 286291 10 -60717.07813401678
sc1sm1 834197 8 -5293.084052449507
sc3eml 117799 12 -4160.661442188086
sc3elsm 590950 11 -4726.644300799184
sc1e 491712 7 -40325.5784837993
sc1il 706318 10 -4459.956541973695
sc2il 494890 12 -4027.025550020523
sc12iml 740668 14 -6156.810376161865
sc1ielsm2 404952 12 -4555.806217842676
sc1ielsm1 653745 12 -4250.808387990608
sc2ielsm2 428400 14 -15546.9366011943
sc2sm2 12831 10 -5693.538997571344
sc2ielsm1 187055 14 -3825.934567257381
sc3ie 11010 15 -38719.61822819691
sc3ilsm 93358 13 -3664.4086007639808
sc3iemsm 900634 13 -45250.11054539562
sc3il 919532 15 -6730.37963262302
sc3imsm 682675 13 -8637.5895993621
sc12il 605633 14 -3922.2821568369905
sc2i 85798 16 -4332.5513949539945
sc3iml 191622 15 -7070.38781292897
sc3ielsm2 303103 17 -23270.964624116226
sc3imlsm2 526099 17 -3542.8220354176983
sc1 676510 9 -10411.400260261635
sc3iemlsm 246496 13 -3734.303941282803
sc1i 320954 14 -7372.830489884811
sc3iem 234894 15 -76826.13503594926
sc3iel 545897 15 -4117.470098318229
sc3imlsm1 702970 17 -18916.410275887363
sc3iemsm1 377664 17 -18474.873278239982
sc12imlsm1 908333 16 -3871.7297394600237
sc12imlsm2 738334 16 -4920.184056571301
sc3emsm 416994 11 -10863.474092828214
sc3ielsm 661580 13 -8231.01098036119
sc3e 808208 12 -35966.97659853564
sc1sm2 723250 8 -4752.283572136181
IMsm 502211 7 -6266.746974414693
sc3ieml 810794 15 -4125.042099688569
sc2iel 205039 12 -5549.848632364477
sc3iemsm2 229297 17 -36853.564821871405
sc3imlsm 351712 13 -3665.6625376066504
sc12imsm 362450 12 -5221.722394306404
IMism 679243 9 -13517.443690296557
sc3ml 390988 12 -5068.195867221958
IMi 946741 11 -19473.005446462485
sc3ielsm1 692477 17 -5367.814855481438
IMisc 301456 12 -22513.699290087803
sc12im 421327 14 -62840.00980576172
IM 179977 8 -4374.622253708487
sc2ielsm 552526 10 -7092.376198389005
sc3m 789830 12 -57867.60371244354
IMscsm 442913 8 -10153.761425238108
sc3iesm 168540 13 -47030.864474554444
sc12imlsm 471759 12 -9349.187439134446
sc2ie 124872 12 -12333.092205828178
IMns 442504 4 -15885.895377097582
sc1ns 361407 3 -16320.056583238651
IMscns 68648 5 -15892.157431256062
sc2ns 734801 5 -15619.34535882183
sc1nm 996304 4 -53111.570560597465
sc21nm 328397 8 -19073.87496294889
IMnm 523885 6 -18471.422536008875
sc11nm 389265 6 -5228.668418017912
sc3ns 775791 7 -15652.21829295225
sc12nm 493756 9 -21220.314413306027
IMscnm 14154 7 -7375.205322985307
sc11 805098 8 -11322.946799865324
sc11sm 951328 7 -5219.381192610589
sc1l 330224 7 -5263.826344154289
sc2lsm 211488 8 -4326.316448974219
s2m 796336 6 -5514.635176770174
s2msm 649089 5 -5083.328186601759
sc3nm 336864 10 -23197.772565065876
sc1sm1 517659 8 -4898.096774821048
sc2l 301917 9 -4326.087727980512
sc1lsm 761876 6 -4807.210488449078
sc1esm 950527 6 -23306.221677526213
sc2sm1 772296 10 -4039.3213296256185
sc2elsm 99669 8 -11003.638427503009
s2mismB 193959 8 -4506.321886748014
sc1sm2 131525 8 -7956.811505254978
s2mi 282911 9 -11025.027457755707
sc2ilsm 219374 10 -3680.205785398217
sc2el 354617 9 -8230.0545063792
sc2 372155 11 -4099.653633021828
sc3ml 181614 12 -4030.4380700928045
sc3emlsm 327140 11 -4089.7035371261177
sc1il 609354 10 -11448.090175764892
sc1e 791478 7 -37286.71993103706
sc1ilsm 17320 8 -4446.246404898951
sc2sm2 76584 10 -15193.767785098073
sc12imsm 195161 12 -75696.74835085857
sc2ie 671509 12 -157565.6683173258
sc3mlsm 749129 11 -5445.056403375983
sc2ielsm 561248 10 -3603.641079285967
sc12im 333583 14 -102884.48667503173
sc12ilsm 604494 12 -15340.104618508245
sc3l 950101 12 -5239.962038907507
sc1ielsm2 391902 12 -28380.953486753464
sc3eml 361554 12 -9329.76261220557
sc3im 807493 15 -93775.12568917032
sc3esm 766239 11 -38785.15637209616
sc3imsm 724717 13 -18111.617381452805
sc3il 839238 15 -3660.937262389606
sc3el2 782853 14 -11770.460860843128
sc2e 51431 9 -36505.000574567595
sc2iel 703253 12 -5927.9102823036665
sc3ilsm 133174 13 -4670.234793494932
sc2ielsm1 423353 14 -3567.1271453448617
sc1ielsm1 111279 12 -10195.48489255988
sc3ielsm 653563 13 -20635.0813342554
sc1iesm 580127 8 -4530.432538233643
sc2il 908140 12 -3860.7429638144386
sc3imlsm 286391 13 -25164.387803681093
sc2esm 921126 8 -42889.718038552324
sc3em 700625 12 -7910.683300828685
sc1i 271887 14 -6477.244187517663
sc12imlsm1 220458 16 -3918.982012089822
sc12iml 190340 14 -3673.8666851344688
sc12il 256749 14 -5298.816366835983
sc3imlsm2 117670 17 -36545.34387936312
sc3iem 924275 15 -153731.3126148731
sc3ie 262127 15 -51965.02968813301
sc3ielsm2 88498 17 -12010.53898139473
sc3emsm 816080 11 -11418.077143856914
sc1ie 704461 10 -32403.165416516877
sc12imlsm2 796082 16 -4207.709700950608
sc3msm 734489 11 -25734.265484226762
sc3iml 606031 15 -4095.304138108372
sc3iemsm2 254430 17 -28857.623375576815
sc3iemsm 548222 13 -12356.855987278166
sc2iesm 473563 10 -24377.963629960163
sc3ielsm1 242330 17 -5362.196467638174
IMsm 448863 7 -6286.099445362621
sc3ml2 614983 14 -6579.450376477103
sc3ieml 491135 15 -3644.6068493671232
IMsc 520841 9 -4110.765071010214
sc3iel 321759 15 -4258.258158457663
IMsc2 955136 11 -4506.6547049727615
sc12imlsm 543076 12 -4648.637161612289
sc3iesm 741611 13 -109569.56756031403
IMiscsm 589791 10 -3598.9223369532738
IM 429591 8 -4518.021358416771
IMi 6661 11 -13555.295561489598
sc1 444591 9 -4696.119419476916
IMisc 442768 12 -18241.514063968534
IMisc2sm 974154 12 -16637.201406372926
IMism 678772 9 -3875.3861749470652
IMsc2sm 522831 10 -11181.863787069475
IMiscsmB 902913 11 -3719.7625946620938
IMisc2 22581 14 -15408.493958316849
sc3lsm 499281 11 -13791.544624833914
IMscsm 804472 8 -9222.71998718914
sc3iemsm1 226193 17 -17449.189756974847
sc3m 964359 12 -24218.58391585821
sc3e 747922 12 -86095.1909069637
IMns 936973 4 -16652.08218040389
IMscns 736449 5 -16336.757229231587
sc1ns 499324 3 -16320.05764539911
sc2ns 204411 5 -16615.778168184337
sc3ns 370346 7 -16615.06393209584
sc11nm 218422 6 -16006.474307730201
sc1nm 854776 4 -7374.969377349991
sc21nm 296734 8 -7181.248832908643
IMnm 58247 6 -7361.669071002615
sc12nm 147008 9 -29926.436995236847
sc11sm 448655 7 -5187.148724910712
IMscnm 109808 7 -17738.030428685066
sc11 697929 8 -7429.007183347662
s2msm 366771 5 -7328.450770157555
sc3nm 426406 10 -68040.92474271361
sc1l 571262 7 -12402.080693054093
sc2elsm 241935 8 -4089.69096364795
sc2lsm 712774 8 -4739.206491410108
sc1sm2 986131 8 -7081.513008747048
s2m 659266 6 -5083.208259797453
sc2sm2 242116 10 -4063.5421293174586
s2mismB 431410 8 -18396.103897533736
sc1ilsm 280355 8 -4338.140160584657
sc1lsm 388458 6 -4807.193175161731
sc3esm 79754 11 -34315.45090704462
sc3mlsm 615065 11 -8984.87509590662
sc2 353316 11 -7479.659050518974
s2mi 450074 9 -9593.877562852218
sc1il 322434 10 -4236.572621910586
sc3lsm 286670 11 -4273.682680576322
sc1sm1 528050 8 -6581.056608080705
sc2l 71511 9 -7702.272652938731
sc2el 586394 9 -7585.732134730801
sc12ilsm 219185 12 -4123.646134765755
sc3elsm 39998 11 -4820.319252386036
sc2ilsm 656051 10 -3941.2761934699915
sc3el2 98401 14 -4983.172247607449
sc3ml 615127 12 -4240.246755709149
sc12imsm 640782 12 -33677.96751495022
sc3ml2 727713 14 -6490.899370488058
sc2il 883023 12 -5297.347901966105
sc1 573046 9 -4695.637798973401
sc12iml 715100 14 -17789.689854092027
sc3iel 175395 15 -6331.178907333948
sc12imlsm 248728 12 -12290.734610746245
sc3il 516455 15 -3659.3667997161824
sc1ielsm1 269995 12 -4238.498431425977
sc3emlsm 206409 11 -4173.5865456141255
sc3imlsm 691843 13 -24933.869690495307
sc3ilsm 22239 13 -7865.128398303776
sc3ie 782275 15 -76431.73341585281
sc1i 538986 14 -4811.7871064581195
sc1esm 593664 6 -8750.582401111189
sc2ielsm2 150735 14 -3607.3852228651695
sc3im 690405 15 -25161.26490520753
sc1ielsm2 426805 12 -6454.882613221023
sc2iel 666524 12 -6154.160453450097
sc3iemsm2 6966 17 -20778.28495678348
sc3iem 403795 15 -46507.25363614142
sc2i 820606 16 -3774.788546020309
sc3ieml 837153 15 -22123.655687505237
sc2iesm 225345 10 -13133.254304807233
sc2ielsm1 521571 14 -3633.154436699857
sc3msm 469899 11 -37234.935732588
sc2esm 576226 8 -28874.577541555867
sc3ielsm1 85787 17 -3616.004842559206
sc3imlsm1 355651 17 -4707.61190310876
sc3iml 429644 15 -3810.797789360617
sc3ielsm 265178 13 -6559.933938166698
sc3imlsm2 958030 17 -3639.252136046126
IMscsm 204372 8 -4487.922238560649
sc12imlsm2 93759 16 -5775.300549722455
sc3m 158894 12 -49043.9665948747
sc1iesm 400006 8 -21286.750154561545
sc3em2 104238 14 -39900.69037913232
IMsm 419228 7 -4500.014822600473
sc1e 342865 7 -48605.152208469546
sc2e 246862 9 -32378.628912792494
IMsc2sm 117768 10 -6980.144215647479
sc12imlsm1 964805 16 -3630.677151307465
sc3imsm 494369 13 -9983.219661155712
IMism 225045 9 -22105.846809423052
sc3iemsm 496148 13 -6925.746556228563
IMsc 940584 9 -10135.37259890627
sc3iemlsm 805989 13 -3619.5956877028266
IMiscsmB 440296 11 -3595.192260430183
sc3emsm 837932 11 -9904.735203728955
IM 401563 8 -4337.5979821256415
sc12im 285549 14 -26257.980755969973
IMisc 986391 12 -4520.9668677525815
sc3em 654498 12 -8739.864592209802
IMsc2 673724 11 -12190.885409208344
sc3ielsm2 898243 17 -4635.385758194892
sc1ie 983388 10 -67371.0711805549
sc3e 181656 12 -73611.58372856541
sc3iesm 669621 13 -56728.92594595659
IMisc2sm 363657 12 -3780.6865752185295
sc3l 825047 12 -5604.058671683523
sc2ie 519287 12 -14483.64202511615
sc12il 379257 14 -4899.674154140841
IMscns 495421 5 -15886.219038533882
IMns 738052 4 -15883.951404646388
sc1ns 669995 3 -16320.056476450394
sc1nm 313176 4 -36960.515711282475
sc11nm 564748 6 -63244.97346273761
IMnm 493347 6 -7360.162536244048
sc21nm 324737 8 -7379.0483538591
IMscnm 957437 7 -7361.43708407707
sc12nm 426288 9 -88009.72176313413
sc11 40187 8 -4980.429571300992
sc1e 268499 7 -79066.67835765245
sc3nm 845933 10 -59605.96482533504
sc1l 498260 7 -4805.231318835367
sc3ns 8722 7 -16519.64870698007
s2msm 612132 5 -5335.133581860099
sc2ns 115670 5 -16343.41967921723
sc1lsm 480820 6 -4807.198731525619
sc1sm2 70261 8 -5080.0377860391745
sc2sm2 423873 10 -4066.1104180902344
sc1 481498 9 -4797.9795775514485
sc1iesm 510419 8 -45353.11580015682
sc11sm 761876 7 -5084.179822340954
sc1sm1 657438 8 -5008.089463344697
sc1ilsm 506076 8 -33051.71852320425
sc2elsm 664641 8 -5123.536399230098
sc2sm1 932844 10 -6724.230061698164
sc3esm 564483 11 -73002.10860589708
sc2 559637 11 -4050.625269797768
s2mismB 689765 8 -4533.205397907029
s2m 443779 6 -5083.204438202505
sc3elsm 72662 11 -5664.828147148331
sc2iesm 951556 10 -37539.103117544175
sc2ilsm 135218 10 -7643.318467033724
sc3lsm 402275 11 -4344.899919898595
sc2il 938851 12 -3673.323499497954
s2mi 843746 9 -4359.403634428407
sc1ie 424008 10 -47106.03656710347
sc2el 754819 9 -4039.299495188867
sc12il 827939 14 -30887.93242739398
sc12ilsm 772952 12 -6785.677993335357
sc2ie 218146 12 -61157.509854764234
sc3em 92349 12 -7620.489315416019
sc3eml 595192 12 -5560.424810416858
sc1il 350353 10 -4351.129272241411
sc3ml2 157929 14 -4122.784252791798
sc1ielsm2 546247 12 -25451.323458149625
sc3el2 823693 14 -4226.289800045388
sc3ilsm 708988 13 -3663.086992783423
sc3ml 336027 12 -10380.76288660876
sc3msm 769887 11 -5902.774548298748
sc1ielsm1 454823 12 -4392.430443970522
sc12im 717599 14 -54174.83466153327
sc3imlsm 894376 13 -44577.25300637882
sc2ielsm 847994 10 -6923.603094228036
sc3il 199014 15 -35572.415842606395
sc3em2 651281 14 -7821.954099609247
sc3im 643500 15 -33150.112747458836
sc3emlsm 570923 11 -12788.639047597382
sc12imlsm 354138 12 -3611.9367462243104
sc3ie 312141 15 -49566.870729589915
sc2ielsm1 127970 14 -19384.54015720506
sc2esm 722252 8 -55217.01843636687
sc12iml 194693 14 -4335.990959083134
sc2e 265767 9 -10124.65941031355
sc3iel 508092 15 -13557.793892900581
sc1i 79334 14 -4097.341999570642
sc3imlsm1 872534 17 -28679.63436634809
sc2ielsm2 27012 14 -3595.156755997796
sc2l 473026 9 -8908.957225341936
sc3iem 671131 15 -38205.086052092534
sc12imlsm2 929803 16 -3662.348523403855
sc3iemlsm 163935 13 -3767.4369601754756
sc12imlsm1 246000 16 -9031.015323227752
sc1esm 392799 6 -68733.04726143174
sc3ielsm1 108928 17 -9885.200692038543
sc2iel 849777 12 -4238.88913830074
sc2i 371489 16 -4039.9949534117113
sc3ielsm2 149802 17 -4392.226570084315
sc3imlsm2 779543 17 -4085.647831321402
sc3ieml 370348 15 -7341.916144737403
sc3iesm 986266 13 -81795.62650407905
IMsc 203425 9 -4765.793089538085
IMsc2 378650 11 -6367.524473976178
IMscsm 483262 8 -4126.475627569043
sc12imsm 481133 12 -29656.681102457573
IMism 324719 9 -27213.804793157662
IMsc2sm 27105 10 -5700.382549448135
IM 999104 8 -6398.342319934653
sc3imsm 861326 13 -20454.312093870216
sc2lsm 563599 8 -4935.494573697012
sc3m 360306 12 -40440.37602386993
IMisc2sm 688679 12 -3609.3605345378455
IMisc 997375 12 -7796.377256646445
sc3e 736074 12 -54588.19869892662
sc3iemsm1 575213 17 -7337.6465728039275
IMsm 921898 7 -10271.50365845423
sc3mlsm 723499 11 -5716.644247990424
sc3emsm 231861 11 -40091.398124418796
IMiscsmB 132089 11 -3594.509206201566
IMi 265019 11 -7170.311683359367
sc3iemsm 840805 13 -57404.564750954276
sc3ielsm2 434461 17 -7767.086427255704
IMiscsm 866343 10 -3600.209436873115
sc3elsm 310357 11 -4063.5409784524436
sc3l 543372 12 -11523.893459494728
sc3emlsm 730876 11 -9195.599050064742
sc2ielsm 941122 10 -3602.952830808965
sc3em2 930765 14 -54340.728340231406
sc2sm1 275267 10 -5102.935472819525
sc3im 188137 15 -29448.680912991265
sc2ielsm2 30640 14 -26752.415513769538
sc3iesm 509206 13 -60347.739811018364
sc3iemlsm 747330 13 -25523.53305451794
sc3iemsm1 350307 17 -77691.07502048965
sc2i 215494 16 -13636.072583643667
sc3imlsm1 72688 17 -17950.274281562095
sc3iemsm1 118787 17 -59359.33018014736
sc3eml 359330 12 -5464.296286362615
sc3ielsm 850916 13 -3681.3665580093602
IMsc2 659579 11 -4060.4035676757912
sc3eml 395448 12 -5285.7165151227355
IMsc2sm 608414 10 -4083.8089392329707
sc3iml 55166 15 -5608.992820199821
IMsc 533082 9 -5271.614698674074
IMsc2sm 501217 10 -4388.3663806155355
sc3mlsm 198303 11 -11271.480108118216
IMiscsm 373453 10 -3677.900603065923
IMiscsmB 39717 11 -16472.54253700462
IMiscsm 434858 10 -5215.782111290702
IMisc2 982505 14 -28870.56560218976
sc3em2 443934 14 -6153.737110248797
sc3iemsm2 130754 17 -19659.25514949288
IMisc2sm 245350 12 -4819.603328986943
IMisc2 572698 14 -3590.885141673025
IMsc2 414916 11 -8206.979018528482
IMisc2sm 923358 12 -3868.2202221573084
IMisc2 743223 14 -5722.327446475457
IMi 143181 11 -5789.846481306089
