IMscns 750088 5 -21352.43058285202
sc2ns 324826 5 -21413.442058940193
IMns 902931 4 -21315.64263916568
sc1ns 742598 3 -21413.080000270846
sc21nm 854023 8 -3712.445299252524
sc1sm2 84742 8 -2158.2469387128135
sc1lsm 916507 6 -2164.639722100199
sc1sm1 687886 8 -2052.65430915002
sc1esm 912035 6 -2268.3767815980573
sc11nm 756915 6 -2717.029482526549
sc1nm 590028 4 -3702.8104697100753
sc11 146446 8 -2077.2923678546636
IMscnm 74004 7 -3598.6430670563686
s2msm 310203 5 -2182.939880126716
sc1l 803361 7 -2052.6487714698624
sc2elsm 161489 8 -2022.5094144758186
sc3ns 209363 7 -21268.00656399962
sc12nm 870515 9 -3341.341559061437
s2m 955916 6 -2077.3058515122134
sc11sm 509788 7 -2183.366415571539
sc2el 321967 9 -1914.7485413472232
sc3emsm 541373 11 -2439.3245656957542
sc2sm2 541180 10 -2083.8494801818524
IMnm 302725 6 -3596.136513245686
sc2e 431852 9 -26591.29477945694
sc2l 669178 9 -2021.9691880525706
sc1iesm 481463 8 -34787.10398629858
sc1e 875754 7 -2860.1106455238933
s2mi 981939 9 -1641.091698392779
sc2lsm 971937 8 -2072.7247568863368
sc12ilsm 675237 12 -1618.0709882639155
sc3e 482581 12 -83933.63164047511
sc1ilsm 991776 8 -1793.062568176686
sc3lsm 156465 11 -2055.540896205713
s2mismB 169519 8 -1769.8085019057153
sc2iel 256988 12 -17259.27023700783
sc2sm1 799181 10 -1901.4680359674187
sc3elsm 169195 11 -7103.939131516403
sc3el 259821 12 -2109.1134242414073
sc3nm 169238 10 -12234.044871243252
sc3mlsm 18319 11 -4019.464743542344
sc2ielsm 186519 10 -1623.193338937734
sc1il 360620 10 -1652.0488657313554
sc1ie 917606 10 -17838.61299519711
sc2ie 426123 12 -1564.6243218500026
sc12il 853869 14 -1597.2992992417471
sc3imsm 722102 13 -7372.75362066472
sc3el2 123344 14 -1926.8705967494357
sc3em 666333 12 -3110.796677495443
sc2 480901 11 -2057.1598540410987
sc3ilsm 179221 13 -1794.3628499815372
sc12imlsm 947784 12 -1610.300194981557
sc3emlsm 755382 11 -2035.8133346245356
sc12imsm 798614 12 -1791.0839397310797
sc12iml 441245 14 -1870.382555986192
sc3ielsm 668307 13 -1616.304038779149
sc1ielsm1 849462 12 -1712.878897446873
sc2ielsm2 694648 14 -2125.5154596613793
sc3ie 186283 15 -20454.601421480103
sc3imlsm 110989 13 -1739.2991601977387
sc3iml 336415 15 -1579.9748153502665
sc3em2 799412 14 -5790.3857442101435
sc1ielsm2 173534 12 -1902.799689994827
sc3iel 909428 15 -1545.1870502193856
sc3iem 79114 15 -5434.905983528795
IMscsm 727263 8 -2028.6493176648078
sc3esm 184553 11 -5782.728837404617
sc2ilsm 585697 10 -1713.4286316153768
sc3iemsm 162121 13 -9715.098427518069
sc3iemsm2 918260 17 -39523.370847219405
IMsc2sm 762882 10 -2022.8506862354943
sc3imlsm1 891371 17 -7211.26822240807
sc3im 170822 15 -13612.924166431068
sc12imlsm2 626940 16 -1567.7405087653133
sc3il 982724 15 -1610.3932987735382
sc12imlsm1 600716 16 -1583.7867736323635
sc12im 831731 14 -3615.605587575701
IMsm 427340 7 -2041.8466652937072
sc3imlsm2 59346 17 -1788.3960294535814
sc2iesm 649357 10 -3017.344654732423
sc3iemsm1 7168 17 -1724.7657774487247
IMsc 717143 9 -1896.3067972575243
sc2ielsm1 231497 14 -1519.874715324237
IM 602144 8 -1897.6690131892542
sc3l 82387 12 -1901.3848223591751
sc2i 303361 16 -1830.3954968000855
sc3msm 744109 11 -2668.76653517141
IMi 973618 11 -1547.0082767409135
sc1i 531638 14 -1650.6393526596255
IMiscsmB 162336 11 -1558.561267108449
IMisc2sm 376838 12 -1616.3417246587633
sc3eml 184164 12 -4761.753877200936
sc1 396403 9 -2037.1958588104953
sc3ielsm1 803507 17 -1592.1243484626518
IMisc2 805003 14 -1528.333687393565
IMisc 938408 12 -1549.1638099161462
sc3iesm 645113 13 -30508.40525405407
IMism 592258 9 -2475.052601176999
sc3ielsm2 888546 17 -1680.9953356413744
IMsc2 129987 11 -5083.725309989312
sc2esm 952126 8 -14062.070591925423
sc3iemlsm 212094 13 -1794.6627416487288
sc3ml 288886 12 -2284.090278672529
sc3m 911637 12 -32485.077719063396
sc3ieml 602275 15 -1633.619254672424
sc3ml2 226796 14 -3168.101585918862
IMscns 691941 5 -21292.12416053308
IMns 27934 4 -21349.76003912956
sc11nm 427561 6 -3814.716538881611
sc1nm 679369 4 -3702.764038557417
IMnm 76357 6 -3596.070250832575
sc2ns 864877 5 -21413.068580813797
sc2sm1 102980 10 -1872.3977462765988
sc2el 484667 9 -1892.909202169252
sc2elsm 508539 8 -5420.587142124451
IMscnm 470966 7 -12798.210116221375
s2m 227484 6 -2077.2098208332327
sc11sm 379660 7 -2151.70657360655
sc11 17254 8 -2079.6676761712747
sc21nm 435528 8 -2600.6494529225524
sc2esm 593950 8 -2081.4562693594344
sc1l 437058 7 -2052.64938242717
s2msm 150743 5 -2182.9463156811917
sc2sm2 101685 10 -2409.821448309109
sc2 408851 11 -1904.8312366380983
sc12nm 306378 9 -29946.484084850723
sc3emsm 103032 11 -2307.1756481101306
sc1ns 78856 3 -23966.317570658408
sc2lsm 879295 8 -2072.7867078906374
sc1ie 495053 10 -6267.516125600401
sc1lsm 412429 6 -2164.644383429273
sc1ilsm 595356 8 -1798.4028761071204
sc3emlsm 42318 11 -2122.897337053977
sc3mlsm 434422 11 -2069.743537885703
sc2l 772486 9 -2191.8837814633766
sc3ml2 46089 14 -1827.0093606232608
sc3nm 534541 10 -3605.5313915730467
sc1esm 370884 6 -3702.7125457894654
sc3elsm 504508 11 -2067.0031655866824
sc1il 555635 10 -1645.67395092237
sc2ielsm 833167 10 -1615.5451900766998
sc3ml 454972 12 -1919.1252241363204
sc3em 154496 12 -2171.5529344229126
sc3eml 40079 12 -1935.1402578365232
sc2iel 879728 12 -1985.7888224055819
sc1iesm 171134 8 -2111.0391230970663
s2mismB 427316 8 -1706.5938330735999
sc2il 158650 12 -4524.591060531423
sc2ielsm1 809302 14 -1529.625393723258
sc12ilsm 676116 12 -1677.3986839540826
s2mi 328549 9 -1669.2860287327467
sc12imlsm 535854 12 -2060.0483821875755
sc12imsm 148774 12 -14202.15333554518
sc3iemlsm 266995 13 -5092.005740138427
sc2ilsm 931362 10 -1672.0830374580785
sc3iemsm 121266 13 -12135.481899623956
sc3esm 18589 11 -2672.450239048352
sc1ielsm2 151847 12 -1771.3046297227702
sc2ielsm2 16867 14 -1678.1025197250804
sc12il 296906 14 -1650.0348072308775
sc3em2 613950 14 -6250.20932520841
sc3ie 409514 15 -21505.42233253589
IMsm 679676 7 -2044.2651822609698
sc12imlsm2 522905 16 -2450.7477679467547
sc2iesm 482156 10 -1699.194727392321
sc3ilsm 855788 13 -1670.5385381562633
sc3il 435019 15 -1620.444073352329
IMscsm 99754 8 -2028.8921585497856
sc3e 607175 12 -23402.56505643316
sc1sm1 283438 8 -3874.394126596866
sc3iemsm2 978821 17 -7889.016255890086
sc3imsm 108340 13 -1845.052880022728
sc12iml 910398 14 -1758.6568280851504
sc3iemsm1 387127 17 -18969.514731492458
sc12imlsm1 11973 16 -1587.5926545426046
sc3iel 183319 15 -1579.8254036997484
sc3imlsm2 957012 17 -1736.7443344713906
IMsc2sm 593786 10 -2043.126861170996
sc3iml 956574 15 -1626.6298546783812
IM 995162 8 -1898.5674638897735
sc3l 97946 12 -1968.7489303423795
sc3ielsm1 430091 17 -1537.8282613943336
IMsc2 149968 11 -1870.3644010055261
sc3msm 940505 11 -9961.731377805532
sc1sm2 563395 8 -2155.998072427612
sc3lsm 515569 11 -3358.622400685281
IMiscsm 351248 10 -1632.497597788552
IMsc 365600 9 -2063.5633369323477
IMiscsmB 305195 11 -1935.6813747336405
sc3ieml 74966 15 -1573.9893659405502
IMi 967218 11 -4431.538077638779
IMisc2sm 143281 12 -1616.0922526401973
sc3im 732468 15 -2609.5235126448097
IMism 682781 9 -1708.4230548248252
sc1ielsm1 337123 12 -1712.5291724325457
sc2ie 621105 12 -13700.46868783393
sc3m 290787 12 -42615.32812243911
sc2e 872157 9 -27948.161592479424
sc1i 974494 14 -1681.3577095540686
IMisc 879503 12 -1545.0676237065084
sc3ielsm 222787 13 -1897.1425354416856
sc3ielsm2 23438 17 -1603.7590127641683
sc3imlsm 569058 13 -1676.796485742039
sc1 521458 9 -2034.6346858143593
IMisc2 287401 14 -1705.45058469485
sc3iesm 731319 13 -13052.182435298328
sc1e 135445 7 -12018.27543088378
sc3el 921264 12 -2088.9392253566502
sc3el2 282700 14 -2097.2957341032416
sc3iem 441902 15 -22470.246473749074
sc12im 528072 14 -3127.4079038486434
sc1ns 931708 3 -21413.07035817237
IMns 906420 4 -21315.807346420792
sc11 738448 8 -2077.784267517155
sc1nm 342101 4 -3702.759356359178
IMnm 387512 6 -3596.0936417598414
sc11nm 633367 6 -3748.2802373566788
s2msm 964134 5 -2182.936422176251
sc1l 881925 7 -2052.6494113636827
sc1lsm 375357 6 -2164.6299046720765
s2m 412318 6 -2077.2063951700534
sc12nm 365654 9 -6052.266464285894
sc2 401501 11 -1893.6567387434698
sc2sm2 241032 10 -1930.1135196008008
sc21nm 870403 8 -2608.683839885563
sc3nm 998383 10 -22124.008030799458
sc1 846970 9 -2048.5825589492006
sc2ns 555481 5 -23967.417494504814
sc1sm1 695299 8 -2077.2634392782356
sc2elsm 731131 8 -2022.3379336434934
sc11sm 916200 7 -2183.0983338017772
sc2sm1 144099 10 -1871.9653200064108
sc1esm 965526 6 -2180.5159668275146
s2mismB 112539 8 -1701.0828657912814
sc1ie 132959 10 -22132.856109579192
sc2l 654973 9 -2453.499771000917
IMscnm 704871 7 -3599.392935844696
sc1iesm 917762 8 -1797.5540195276444
sc1ilsm 862573 8 -1793.3221081031547
sc3eml 319635 12 -1876.7388216764427
sc2lsm 887938 8 -2072.716200262832
sc2el 902559 9 -1891.9691115679127
sc3mlsm 682023 11 -2022.4426349838857
sc2ilsm 183941 10 -1672.6781544379241
IMscns 489505 5 -21351.10231415938
sc3m 433906 12 -1854.3132082850111
sc2esm 416391 8 -21223.037661729635
sc12imsm 2555 12 -41686.4370657362
sc3elsm 802613 11 -2094.6149568042492
sc12ilsm 560146 12 -1607.8949637742608
sc3ml2 381941 14 -2077.335840107072
sc2ielsm 211118 10 -1613.060237878684
sc3esm 66233 11 -21091.94010134209
sc3em2 368917 14 -52021.49112252942
s2mi 468207 9 -1644.8400122108437
sc12il 37091 14 -1579.719223477599
sc3emlsm 997098 11 -2056.10535767033
sc3el2 185002 14 -1869.8856653274875
sc1ielsm2 53261 12 -12362.388793608116
sc1e 972316 7 -2800.240386396614
sc2iel 186681 12 -1519.1015511936557
sc3ns 56867 7 -21414.69779664042
sc1ielsm1 289174 12 -1617.1893042059328
sc3lsm 782512 11 -3167.144723839023
sc2ie 674522 12 -10290.467516920071
sc1sm2 415008 8 -2182.6059264930873
sc3iemsm 196401 13 -6564.609198944127
sc3ilsm 20156 13 -1626.344468097784
sc2i 204000 16 -1593.2138957825832
sc3iesm 944785 13 -6933.330162948216
sc2iesm 446087 10 -1671.1088729773544
IMsm 473594 7 -2042.2114805431136
sc3ielsm 280304 13 -1708.2520350304214
sc3l 345484 12 -1880.9340846745677
sc1il 248633 10 -1638.8137935812792
sc2ielsm2 252251 14 -1638.1020728228568
sc2il 294922 12 -1584.1310542968376
sc2ielsm1 364179 14 -1805.0797583391882
sc12imlsm1 124394 16 -1517.5183388977543
IMsc 951438 9 -2090.9490384748897
sc3em 555772 12 -1914.8917123336066
sc3iemlsm 241149 13 -1666.0742439901173
sc3iml 860859 15 -1672.0842762678099
sc3imlsm2 940138 17 -1542.3102878418165
sc3iel 854605 15 -1598.428858433402
sc3ie 190588 15 -13726.549634808589
sc3iem 903645 15 -6051.215468914164
IM 515773 8 -1904.6012043694968
sc3emsm 187087 11 -13776.92376301244
IMscsm 773576 8 -2028.6230997410069
IMsc2 829814 11 -1904.2192562775454
sc12iml 488881 14 -1632.9038367286826
sc3el 84988 12 -1890.5127491875592
sc1i 469540 14 -1843.285140129487
sc3iemsm1 974393 17 -26277.88903734635
sc3ielsm1 972971 17 -1573.1123365723047
sc12imlsm 667584 12 -1641.061160473679
sc3iemsm2 66626 17 -1632.6988288275593
sc3ieml 332005 15 -1630.4978601480211
sc3ml 16389 12 -3546.218441506512
IMism 448315 9 -2216.537277219686
IMsc2sm 958723 10 -2021.6455362179938
sc3imsm 358329 13 -17757.238850068563
IMiscsmB 301357 11 -1606.803553545798
IMiscsm 770523 10 -1641.8344116321416
sc12imlsm2 68416 16 -1875.636710232853
IMi 931464 11 -5554.5056141285695
sc3ielsm2 904425 17 -1669.2464198986927
sc2e 781264 9 -2409.9038243055093
IMisc 621354 12 -1587.454541060343
IMisc2sm 703739 12 -1631.464196524631
sc3imlsm1 311509 17 -1603.7875515625212
IMisc2 848114 14 -1543.6337490029644
sc3e 83439 12 -66747.59998084953
sc3im 936721 15 -3164.7737387856087
sc3il 615911 15 -1636.1511781432291
sc12im 389466 14 -5575.984523373657
sc3msm 481493 11 -6480.442193744393
sc3imlsm 34524 13 -5159.8739940508185
sc2ns 821403 5 -21268.188575239637
IMns 293428 4 -21349.86849199088
sc1esm 990082 6 -2180.2885644274556
IMnm 966210 6 -3596.133337623873
sc1ns 593718 3 -21413.08382070996
sc1nm 720434 4 -3702.762750310846
sc1l 414651 7 -2052.652511253619
sc2elsm 164745 8 -2024.724027187695
sc1sm1 287103 8 -2052.5367145857535
sc11nm 180617 6 -2716.993021851401
sc11sm 696720 7 -2200.1510868532414
sc2el 632269 9 -1987.6361421311892
sc12nm 661669 9 -4573.595264470406
sc3ns 273333 7 -21375.143766161214
IMscnm 850597 7 -3600.0496734938565
sc2lsm 277536 8 -2159.215719878145
sc11 812529 8 -2034.5188255083465
sc1iesm 841426 8 -7422.48096202809
sc21nm 529222 8 -2716.8008427417035
s2m 150551 6 -2077.2143090029253
sc2e 713779 9 -12966.567221723211
s2mi 59712 9 -1669.3165948612302
sc2sm1 66916 10 -1891.6853164954796
sc3el 614454 12 -2003.7275333061298
sc1ilsm 663758 8 -7392.381304536784
sc2sm2 36446 10 -2151.5835921569396
sc1lsm 154645 6 -2164.644839695568
sc2iesm 619968 10 -11123.268170241616
sc3mlsm 879334 11 -2973.973822341652
sc2ilsm 533724 10 -9512.212920552376
s2mismB 711076 8 -1698.4689964590395
sc3lsm 865073 11 -2132.624136228088
sc1ie 2309 10 -8744.935047863548
sc3msm 998715 11 -8450.029675989634
sc1 635965 9 -2066.854051581738
sc3emlsm 880282 11 -2154.5766570250807
sc2ie 780982 12 -9424.562339670692
sc3ml 654895 12 -2003.5837018798056
sc2ielsm 760317 10 -1620.9639275837121
sc2 174977 11 -2086.7353068594493
sc3nm 539203 10 -3590.414821991526
sc3emsm 703724 11 -2639.4806175189246
sc3eml 862798 12 -2326.439350632102
sc12il 919120 14 -1581.1018403045557
sc3em2 956903 14 -13274.15914567685
sc3m 450781 12 -6097.848740090818
sc2il 520852 12 -1590.8598108357876
sc1il 883896 10 -1630.8768847797626
s2msm 957197 5 -2182.954372469141
sc2iel 82452 12 -1575.4267995053553
IMscns 356478 5 -21350.02038497412
sc3ml2 487080 14 -2047.3567893905945
sc3elsm 39162 11 -2222.661029179606
sc2ielsm2 355821 14 -7337.377173106478
sc12im 653404 14 -1607.2602075178038
sc12ilsm 389235 12 -1878.1513863245716
sc3ielsm 487463 13 -4990.240569487423
sc3imsm 442754 13 -27348.32676549477
sc3ie 600763 15 -35932.5229140898
sc3iml 809765 15 -8298.391697512916
sc3em 52471 12 -1878.2787782029309
sc3iesm 186492 13 -22672.237634964687
sc12iml 420824 14 -1579.6998311037562
sc3iem 319250 15 -15699.552139767593
sc3ielsm2 1553 17 -1656.9648891808258
sc3iel 181236 15 -1662.1484315740245
IMsm 640371 7 -2041.8536587061744
sc3ilsm 249557 13 -1636.3209066747872
sc12imlsm 193576 12 -1808.578354995505
sc3imlsm 52646 13 -1782.4319467295018
sc3imlsm2 153827 17 -1601.4605722514855
sc1ielsm2 826690 12 -1813.8518706524014
IM 691872 8 -1998.0296055249462
sc12imlsm1 609997 16 -3264.7634742499667
sc3ielsm1 966121 17 -1519.8153869719863
sc3ieml 154832 15 -1634.1443908407982
IMsc2 371603 11 -1859.3721499610142
sc3imlsm1 701798 17 -1639.8820412777586
IMsc2sm 333321 10 -2043.5550404490796
sc2ielsm1 511508 14 -1515.5928704615321
IMscsm 863444 8 -2028.6465112542223
sc12imlsm2 916685 16 -1699.6370931850083
IMsc 519039 9 -2069.1550570939894
sc1sm2 256357 8 -2157.045187151853
IMi 503294 11 -1556.1950507100764
sc3esm 729733 11 -32742.36174353595
sc1i 870510 14 -1661.538075006109
sc2l 709392 9 -1901.4028689295576
IMisc2 277941 14 -1527.3739251160355
IMisc 397489 12 -1579.8640384639843
IMiscsmB 466394 11 -1602.970004981231
IMiscsm 99297 10 -1638.5222869090826
IMism 316539 9 -1727.9702537282938
sc1ielsm1 248955 12 -1987.0454508754724
sc12imsm 174637 12 -12251.398999925865
IMisc2sm 293723 12 -1646.8368782155344
sc3iemsm2 25012 17 -9580.792694143118
sc3il 969278 15 -1572.3437344857657
sc2esm 902019 8 -38357.91479472227
sc1e 356613 7 -16348.868577677606
sc3iemsm 903344 13 -9330.119327660876
sc3l 500651 12 -2256.654276995623
sc3im 944509 15 -4646.306847800215
sc3iemlsm 255918 13 -2025.0121087371958
sc2i 568386 16 -1629.4607987723564
sc3iemsm1 114473 17 -5338.753727510086
IMscns 469444 5 -21363.068648509816
sc11 57799 8 -2034.6525511478908
sc1ns 677032 3 -21413.083233843612
IMns 868121 4 -21315.834227155596
sc2e 437699 9 -23066.704023072085
sc1lsm 509241 6 -2164.645749431671
sc2elsm 912587 8 -3954.8734205070223
s2msm 695231 5 -2182.9426687137734
sc1sm1 271679 8 -2077.017056998991
sc2sm2 501578 10 -2248.176256421334
sc1nm 252518 4 -3702.7632051237997
sc1 208787 9 -2070.159245128939
s2m 382196 6 -2077.2141618424403
sc11nm 776158 6 -2717.0270230841907
sc1esm 528366 6 -2181.2314384817582
sc11sm 733521 7 -2362.0773634850293
sc1e 797308 7 -2076.3446629306573
IMnm 41952 6 -3596.0851336236606
sc1l 11397 7 -2052.6487412729894
sc2lsm 412186 8 -2273.8764363287773
sc3ns 348105 7 -21387.16232505503
sc12nm 652695 9 -26542.13691673563
IMscnm 59283 7 -3643.558353789933
sc2l 287530 9 -2151.1831203959973
sc1sm2 830393 8 -2085.363207655073
sc2 942670 11 -2349.0664421479414
sc2sm1 264618 10 -1870.7927790739654
sc3nm 722024 10 -26421.54932227744
s2mi 972105 9 -1627.1062149061377
sc3msm 76462 11 -2040.698850976653
sc2el 152938 9 -2213.199267323559
sc3elsm 765534 11 -2041.3370760497319
sc1ie 969832 10 -6741.905472872148
sc1iesm 706229 8 -25726.681949960795
sc3emlsm 40324 11 -2841.785112415275
s2mismB 158859 8 -3656.6491581520377
sc2ie 447703 12 -31315.69245985917
sc2ilsm 854854 10 -1680.5088561736716
sc1ilsm 527074 8 -3097.3119560149544
sc1il 944093 10 -1612.484523771213
sc2ns 567062 5 -21414.24348468718
sc3m 150515 12 -43202.974727465116
sc12ilsm 889801 12 -1672.532186940339
sc21nm 975692 8 -14355.785090848689
sc2iesm 633418 10 -2708.212022774877
sc3el2 952650 14 -1879.7917543721794
sc2ielsm 435594 10 -1633.1332441329378
sc12il 544240 14 -3772.094963104642
sc2il 106757 12 -1593.6882270958345
sc3ml 655390 12 -2083.204561384535
sc3el 418927 12 -2551.364903707079
sc3em 526676 12 -1874.8060147661272
sc3ie 233298 15 -13892.91069503523
sc12im 857946 14 -6647.528453419949
sc12iml 872803 14 -1590.4500800448677
sc3im 627518 15 -24329.358471513326
sc3imsm 447733 13 -5818.61261620187
sc3iml 338506 15 -1579.3080659321135
sc1ielsm1 116949 12 -1630.2032131651918
sc12imlsm 822028 12 -1660.5597092969979
sc2iel 34201 12 -3281.3523109360913
IM 243754 8 -2494.87034052895
sc3ml2 63701 14 -2057.7162501875196
sc12imlsm2 152828 16 -1565.6889590341311
IMscsm 7291 8 -2028.7331978404668
sc3ilsm 776578 13 -1725.3454540101259
sc3il 377130 15 -1548.6845980751054
sc12imlsm1 447169 16 -1624.7180685529233
sc3em2 69954 14 -2629.7850642480876
sc3iesm 372246 13 -20178.138127411967
sc3ielsm 28498 13 -1689.0205294391094
sc3emsm 753043 11 -2669.6002436489534
sc3iemsm 185878 13 -13239.529793562198
sc3ielsm1 482184 17 -1581.2438995141106
sc3iemsm1 224069 17 -14644.557502602065
sc3iel 99482 15 -1778.015956248952
sc1ielsm2 585863 12 -3154.1810507124264
IMsc2sm 270974 10 -3316.075007673415
IMsm 764063 7 -2043.092312382932
sc2ielsm1 788913 14 -1516.5666569119176
sc3esm 626561 11 -19229.792909163818
sc3iemlsm 335629 13 -1618.5851369690424
sc3iemsm2 830590 17 -2746.655477532514
IMsc 402929 9 -1887.7087032251775
sc2i 107129 16 -1628.1367470330522
IMsc2 938205 11 -1858.8022792826105
sc3mlsm 154845 11 -2171.6261928634967
IMisc 391128 12 -1554.7162804586599
sc1i 353614 14 -1669.3414538204556
sc2ielsm2 344753 14 -1661.1515927981623
sc3ielsm2 337480 17 -1625.66658690151
IMisc2sm 462101 12 -1621.9533115953227
IMism 31327 9 -1638.5775671716403
IMiscsmB 53835 11 -1659.5974573417454
IMiscsm 658062 10 -1632.516876662255
IMisc2 876264 14 -1747.7163200457614
IMi 966151 11 -1545.9095687840768
sc12imsm 272693 12 -21565.920869065172
sc3imlsm 912077 13 -1747.4943366249342
sc3imlsm2 575205 17 -1738.9353482427114
sc2esm 44581 8 -4272.235543402936
sc3imlsm1 856595 17 -1589.0240181249696
sc3eml 556629 12 -2035.6722393195018
sc3e 877214 12 -22169.028965177713
sc3l 499744 12 -1959.8153889532828
sc3lsm 304766 11 -7194.718256565057
sc3iem 470772 15 -2617.9655963412906
sc3ieml 904625 15 -1986.6591796496193
sc3ns 182520 7 -21415.81942046631
sc2il 457051 12 -1586.3967863469145
sc3el2 54869 14 -2029.367681838236
sc2i 305770 16 -1529.502778110381
sc3imlsm1 532491 17 -15337.892610280274
sc3e 409495 12 -21819.76137948464
IMiscsm 279248 10 -1633.7613431469729
