sc1ns 189223 3 -86107.3574050846
sc1nm 739011 4 -14758.64109182897
IMns 838921 4 -80366.7277505719
sc2ns 236271 5 -80765.55253183149
IMscnm 533883 7 -9452.390419693449
sc11nm 90767 6 -9339.721859003434
sc1l 751610 7 -6782.7906904230485
sc21nm 838599 8 -8717.978938258118
sc11sm 168145 7 -7743.3866086817825
IMnm 593644 6 -9447.801585237454
sc3ns 944934 7 -86102.88159347221
sc11 626132 8 -6792.011306302689
sc3nm 846543 10 -24567.86848598661
sc12nm 806186 9 -11672.604586366455
sc1esm 841873 6 -9102.558281828004
sc2l 835957 9 -7859.45459813914
sc3m 847941 12 -5731.195182293357
sc3lsm 213256 11 -7324.901287682417
s2m 389777 6 -6786.650190014756
sc1sm2 280445 8 -7735.022755693716
sc2lsm 393021 8 -7591.938884725236
sc1il 195672 10 -5976.986972795443
sc1lsm 500621 6 -7729.2857733097335
sc3esm 744498 11 -30567.578011318863
sc2el 108090 9 -6083.024212592743
sc2sm2 395053 10 -6969.386206107489
sc3l 239654 12 -6085.141494554647
s2mi 313065 9 -6018.808582005206
IMscns 493825 5 -86010.6216296238
s2msm 519799 5 -7742.954720944324
sc2ie 311392 12 -60619.02994314476
sc3mlsm 124002 11 -6736.9095914091595
sc2 965836 11 -6742.4121253642425
sc2esm 24994 8 -7101.207010930116
sc2sm1 107864 10 -6768.628452852798
sc2ielsm 575365 10 -5196.596849569642
sc3ml 514970 12 -7738.9468245732205
sc1 654929 9 -6867.369351390196
sc12imsm 208608 12 -23225.1655320329
sc3emsm 976015 11 -6221.939615445972
sc3el 754946 12 -6481.29739400153
sc3elsm 275745 11 -7430.490287630038
sc1ilsm 354605 8 -6363.596971698892
sc2elsm 952709 8 -9464.110517045874
sc2ilsm 251869 10 -5639.975703509851
sc1ie 794141 10 -12532.84138166367
s2mismB 816539 8 -6122.34044306617
sc3el2 10711 14 -8566.404408794326
sc1sm1 650379 8 -6630.174640856378
sc2il 251018 12 -5719.905676533559
sc3eml 924240 12 -6336.711161295992
sc12ilsm 818571 12 -5445.662943539564
sc3ilsm 897050 13 -10186.38450186227
sc12iml 730937 14 -12451.269984984745
sc2iel 483759 12 -6049.072036332409
sc3iemsm 738596 13 -43948.332671063596
sc3ie 696190 15 -67439.86088007726
sc12imlsm 230750 12 -5442.691961403367
sc3emlsm 595851 11 -7644.509557408066
sc3imsm 680950 13 -12726.640789495104
sc2ielsm2 152328 14 -5464.0438637670795
sc2i 269329 16 -4911.819411318484
sc3iesm 141726 13 -36670.10926076106
sc3em 435410 12 -10066.117256663874
sc3ml2 312019 14 -6171.513919376628
sc12imlsm2 514303 16 -4890.548004324854
sc1i 708179 14 -6208.927125724369
IMsm 903696 7 -7070.620102554618
IMscsm 491947 8 -6981.625304064519
sc3imlsm2 820145 17 -4826.845520008515
sc3iemsm1 679712 17 -56339.659868774055
sc3il 576479 15 -6682.444709976253
sc3em2 235077 14 -11532.657200874708
sc12imlsm1 50867 16 -5758.604951287205
sc3ielsm2 902802 17 -4912.08927566494
sc3imlsm 361792 13 -7864.729929730569
sc1ielsm1 99247 12 -6018.9236284020735
sc3ieml 27726 15 -4904.522202992305
IMsc2sm 113756 10 -6862.741913491574
sc1ielsm2 661553 12 -6154.681956179886
sc3iemlsm 321217 13 -5561.64050261241
sc3iel 450794 15 -5264.902066727348
sc2ielsm1 690654 14 -6089.701085925118
sc3imlsm1 669833 17 -4970.544644023237
IMsc2 658890 11 -5733.355989086777
IMsc 905611 9 -5983.077856569039
IM 702116 8 -6533.34970795488
sc3iem 950486 15 -42086.743417254576
sc3iemsm2 471287 17 -15254.664623785982
sc1e 225742 7 -9143.905462707982
sc2iesm 442630 10 -9209.872969423668
sc1iesm 821703 8 -11125.921400144176
sc3ielsm1 373043 17 -5232.887547490565
sc12il 134550 14 -9174.525792530263
sc3im 83471 15 -22357.786355713048
sc12im 193571 14 -9989.452779123505
IMisc 912928 12 -5135.292915157839
IMisc2sm 296974 12 -19939.510184303526
IMisc2 290863 14 -4943.099779899927
sc3msm 641260 11 -25498.0516368201
sc2e 523285 9 -6382.237949899518
sc3e 271258 12 -31072.087949831403
IMiscsmB 539044 11 -5456.712902391235
IMiscsm 439458 10 -5711.952503732721
IMi 47653 11 -5598.942640309881
sc3ielsm 227472 13 -7422.351502066769
IMism 838736 9 -6070.920252787335
sc3iml 532754 15 -5883.205194525577
sc1ns 695866 3 -80764.7754032055
sc1nm 444382 4 -10204.668919651152
IMns 488591 4 -80367.42865345915
IMscns 101144 5 -80069.3706649389
sc2ns 202986 5 -80069.7938632946
sc12nm 71073 9 -7396.545754533017
sc11nm 957610 6 -8819.924103055328
sc2l 7469 9 -6256.332971790407
s2mismB 386480 8 -6221.843200700116
sc3nm 3193 10 -9438.041296933821
IMnm 80642 6 -9447.849043970604
sc3ns 650339 7 -80074.32923914731
sc11sm 225467 7 -7512.499889898133
sc2lsm 777136 8 -7920.78497398677
sc1lsm 236874 6 -7729.294438101329
s2m 228814 6 -6786.6436386481455
sc1e 499535 7 -7406.547529503655
sc1ilsm 963900 8 -17272.485851401907
s2msm 882777 5 -7742.955615883113
sc1sm1 146739 8 -7518.62058338474
sc2e 790324 9 -5927.259768033908
sc1sm2 697160 8 -7239.136145657449
sc3lsm 802382 11 -7249.752524369795
sc1 71474 9 -6786.621652935546
IMscnm 188505 7 -9447.836993047367
sc1il 311663 10 -5968.1710379549095
sc2sm1 215475 10 -5701.941505549829
sc2sm2 501457 10 -6608.681146603742
sc1iesm 479278 8 -17494.286205979348
sc2iesm 445955 10 -47426.723045140905
sc2 950399 11 -5660.12268944013
sc11 228796 8 -6787.576096671799
sc3elsm 616366 11 -10906.179805175288
sc2esm 335067 8 -14825.077248504162
s2mi 570930 9 -6018.794557956765
sc3msm 870513 11 -12596.073099298039
sc3mlsm 446686 11 -12523.132104830609
sc2ilsm 295810 10 -12467.630544082442
sc12imsm 283611 12 -15496.57175402102
sc3emlsm 118356 11 -6537.223511230754
sc1esm 675751 6 -7714.4658013853605
sc3ml 59556 12 -6036.485842268945
sc3el2 53556 14 -6108.860438348737
sc2ie 672882 12 -82787.25250266449
sc2il 673415 12 -5277.6715276115965
sc12im 419996 14 -14174.764797740134
sc3ml2 768318 14 -5716.596453266908
sc12ilsm 941927 12 -6351.194124432739
sc3l 290919 12 -7997.043558489553
sc2elsm 402576 8 -7715.752011537822
sc3imsm 866714 13 -45936.76842296303
sc3iemsm 292454 13 -36767.174745639524
sc2ielsm 874841 10 -5209.009843102664
sc3ilsm 694635 13 -7157.995327238976
sc3ie 623390 15 -37836.83412020575
sc1ielsm1 854825 12 -7641.144329101144
sc3m 790162 12 -14644.995648467833
sc12imlsm 792929 12 -6673.150728492861
sc2ielsm1 679574 14 -5488.805253225005
sc12il 955088 14 -5771.250985243847
sc3imlsm 97785 13 -5688.48155075557
sc3eml 345169 12 -6842.001034721741
sc3ielsm 645604 13 -7601.600266558301
sc3iemlsm 877562 13 -5193.198279136231
sc12imlsm1 139315 16 -5261.028534052051
sc3iel 474124 15 -4887.835246720651
sc2iel 433920 12 -5450.499521107021
sc12imlsm2 972534 16 -8238.367760908062
sc12iml 618573 14 -5052.880399231336
sc3emsm 819383 11 -13365.461672471432
IMsm 726111 7 -7127.498488574642
sc3iem 907028 15 -6942.724514908945
IMsc2sm 198373 10 -6865.361357947038
IM 762492 8 -6124.724175709396
sc3iemsm2 529586 17 -20366.531677465653
sc3em 225164 12 -9846.80751115503
IMscsm 325764 8 -12463.634108966784
sc2el 467748 9 -6731.7764983094285
IMsc2 568339 11 -5735.6866033478655
sc3iml 752527 15 -5054.434504480966
sc1ie 114855 10 -9252.440976066184
sc2i 665000 16 -5168.664849021716
sc3ielsm1 835013 17 -5336.202338223414
sc2ielsm2 509199 14 -5433.3041974563175
sc3imlsm1 62675 17 -5658.803344392742
IMsc 109875 9 -6048.372236032779
sc3iesm 782578 13 -42223.761204570255
sc3ielsm2 421850 17 -5117.401853730596
sc3il 403489 15 -9145.630364839471
sc1ielsm2 249860 12 -6365.81626631344
IMism 71039 9 -5693.21766128857
sc3iemsm1 384012 17 -42338.03838729941
sc3el 832841 12 -12796.763809065551
IMiscsm 734115 10 -5457.616173880648
IMisc 455977 12 -5134.874892039662
sc21nm 488956 8 -25208.3125094025
IMisc2 682410 14 -24175.13943259052
sc1l 393303 7 -10154.314541851385
IMisc2sm 250853 12 -5844.610716104029
sc3esm 82032 11 -73268.94700179764
sc3ieml 706939 15 -5462.838342788144
IMi 429861 11 -5422.7821524490055
sc3im 975785 15 -40463.89862309363
IMiscsmB 215654 11 -5145.7937216591945
sc1i 655950 14 -6509.633208649439
sc3em2 979190 14 -30654.748164640972
IMscns 812002 5 -80406.4982145378
IMns 661359 4 -80366.74733641354
sc1ns 56286 3 -80764.77351555109
sc2ns 208535 5 -80069.83979394275
sc12nm 944851 9 -7472.669071154101
sc3ns 108521 7 -86138.39093995988
sc11nm 901739 6 -10867.201902735816
IMnm 599531 6 -40196.696968326614
sc1nm 379702 4 -10204.667808948274
sc21nm 416959 8 -33489.113265354375
sc1e 224223 7 -7227.064959653457
sc11 971009 8 -6726.676265160437
sc2lsm 597902 8 -9352.917178116015
IMscnm 509127 7 -9642.31901881636
sc1esm 873280 6 -7714.609291698433
s2mi 817649 9 -6037.805157848943
sc1l 343967 7 -6630.160554801263
s2msm 175322 5 -7742.953312692651
sc2sm1 851766 10 -5702.062367597526
s2mismB 590590 8 -6205.704801154735
sc3nm 101765 10 -9445.170287356745
sc1sm1 255022 8 -6631.576117324181
sc2e 532591 9 -36597.49004999916
sc3msm 337250 11 -13216.72769944852
s2m 108838 6 -6786.649360429943
sc1sm2 260885 8 -7941.044596813042
sc1iesm 439838 8 -32405.883609155328
sc3l 627345 12 -6213.71691970145
sc3elsm 676575 11 -6702.768079857638
sc3lsm 173897 11 -7231.066548667342
sc2ilsm 961915 10 -6248.58727245577
sc2ie 853725 12 -49044.51922515942
sc12imsm 489419 12 -30259.71537790948
sc3ml 680354 12 -5612.6666460459455
sc1ilsm 771750 8 -6460.990691088575
sc12ilsm 592203 12 -6037.713904030277
sc2 709577 11 -10013.333562614445
sc3eml 42503 12 -5651.362142471076
sc2el 635057 9 -6083.015340056749
sc12imlsm 935001 12 -5144.368222849149
sc3emlsm 30565 11 -6545.998603142775
sc2il 11437 12 -5277.4589397318
sc2iesm 260739 10 -9697.45703210196
sc3el 953900 12 -5984.1194250747
sc3imsm 337853 13 -10993.680834999112
sc3ml2 462848 14 -5598.210844188052
sc2ielsm2 853559 14 -4885.884106995153
sc1lsm 195943 6 -7729.282894073772
sc3el2 361260 14 -5714.808760325073
sc3iesm 617331 13 -44226.442420497704
sc12im 499211 14 -52712.37945260369
sc1il 190619 10 -5770.920646262244
sc12il 706255 14 -5788.320398423613
sc2elsm 360189 8 -7708.311373216868
sc1ielsm1 334983 12 -5984.754277256434
sc2i 448184 16 -4837.0755309344095
sc1 726659 9 -6630.158703865842
sc11sm 150337 7 -7743.325454948752
sc3ilsm 816867 13 -5537.95475309953
sc3imlsm 690572 13 -5188.074590649563
sc3iemsm 237324 13 -7899.204171949611
sc3il 584429 15 -5567.210375412178
sc2ielsm 518840 10 -6356.547662980992
sc3iem 296181 15 -12376.981701679084
sc12iml 666319 14 -6271.576067464793
sc3iml 471998 15 -5125.335201652097
IMscsm 88622 8 -6982.652950711114
sc3ielsm1 549771 17 -4928.631919434031
IM 469644 8 -6125.50318371283
sc2esm 752864 8 -16485.478513444643
sc3iemsm1 776829 17 -8470.447225607812
sc1ielsm2 157476 12 -6751.5969067949245
sc1i 838489 14 -5899.399935864563
sc3iemsm2 723450 17 -12657.627877401701
sc3ielsm 104867 13 -5760.366865002246
sc12imlsm2 972054 16 -8016.695730638608
sc3iemlsm 612784 13 -6567.094972715226
sc3em 39614 12 -6216.166669686131
sc3emsm 737723 11 -21085.65255798646
sc3ie 853834 15 -34308.22056013684
sc3ieml 979544 15 -5053.814005369535
sc3imlsm2 303531 17 -5272.83904015557
sc2sm2 604747 10 -7363.434976888417
IMsm 708150 7 -7002.531730675287
IMsc2sm 531733 10 -7000.266350704552
sc3imlsm1 484284 17 -7933.048496796078
IMiscsm 842432 10 -5457.621780854301
sc3esm 142878 11 -67566.38034122408
sc2ielsm1 428404 14 -5852.525800709685
IMsc2 342621 11 -6312.019025092444
IMsc 749771 9 -5983.078361433517
sc2l 280731 9 -6637.490873104214
IMiscsmB 404606 11 -5145.927752798994
IMisc 493947 12 -5134.932504470438
IMisc2sm 419535 12 -5259.5342154018
IMisc2 477176 14 -4939.630809485567
sc3mlsm 103861 11 -7734.867706314474
IMism 971969 9 -5693.0715525333
sc3em2 428259 14 -7320.260643968763
sc3ielsm2 951778 17 -5183.541968146992
sc3im 332499 15 -29183.567516259187
sc3iel 520896 15 -9142.21252419153
sc2iel 605807 12 -5943.574153917697
sc1ie 297798 10 -43983.96863167461
sc1ns 299415 3 -80764.82422058065
IMscns 354542 5 -80367.74377420594
sc3ns 964404 7 -80931.34196140492
IMns 407686 4 -80366.72057650951
sc2ns 915153 5 -80765.09593440816
sc21nm 707832 8 -8828.586180713712
sc11nm 683472 6 -8820.181950651448
s2m 950680 6 -6786.655573912032
sc1nm 174654 4 -10204.662869055866
s2msm 300383 5 -7742.954069666794
IMnm 438749 6 -9447.847727290058
sc1esm 831607 6 -8648.958981714552
sc1lsm 957712 6 -7729.2921079721
sc1l 568964 7 -6783.094647498842
sc2e 647551 9 -12468.219544460737
sc11 72173 8 -7763.6604429449935
sc12nm 385298 9 -9214.189347026264
IMscnm 529889 7 -35041.652066754
sc11sm 453626 7 -8178.715641099423
sc2el 924288 9 -6083.0217556445805
sc1ilsm 842217 8 -6457.037955496495
sc2elsm 20013 8 -6707.47747483272
sc3msm 585406 11 -16242.102824856178
sc2lsm 828991 8 -7361.607836621111
sc1sm2 595769 8 -6781.841152971794
sc2l 828536 9 -6256.217192096671
s2mismB 376764 8 -6222.232162651486
sc3nm 727297 10 -9468.262779063574
sc2sm2 784417 10 -6694.791846499496
sc2sm1 749379 10 -5713.551362184775
sc2iesm 859879 10 -16441.534821508034
sc2ilsm 213467 10 -5619.29246971677
sc3el 385187 12 -5823.2922290341285
sc3lsm 176989 11 -7367.831802225736
sc2 769813 11 -5689.321737154263
sc3el2 87681 14 -5662.103612827359
sc3emlsm 325834 11 -7043.9222288700275
sc3esm 930659 11 -36967.127023303285
sc1 213617 9 -6790.106204373319
sc1sm1 260125 8 -10775.452398874324
sc3l 499055 12 -6688.535847929154
sc3mlsm 122074 11 -6845.644025137648
sc1ie 225835 10 -42462.83629547709
sc12ilsm 850400 12 -5160.981678264064
sc1iesm 617802 8 -7989.4571591857675
sc1il 861797 10 -6018.432593653726
sc12imlsm 254066 12 -5082.033764022044
sc3ml2 668067 14 -5875.667526729026
sc3imsm 151085 13 -5146.935566248688
sc3eml 443524 12 -7099.079542675519
s2mi 289304 9 -7111.954942388091
sc12il 469155 14 -4933.873134138939
sc3ielsm 286407 13 -5204.231214719084
sc3em2 762950 14 -9977.465505192798
sc3im 759685 15 -13340.703430537269
sc2ielsm1 534953 14 -4836.391235693078
sc3iemlsm 96737 13 -5184.221008004401
sc3iel 342593 15 -4881.310617393496
sc3ilsm 634721 13 -5460.72893378524
sc3iemsm 545173 13 -107156.02144127406
sc12im 935324 14 -12881.019712094007
sc3il 554339 15 -5270.071429179028
sc1ielsm2 725619 12 -6473.259380259818
sc12iml 908682 14 -5844.175897946279
sc2i 595532 16 -6069.336722017439
sc3em 662154 12 -10991.988844345662
sc3ie 596562 15 -43568.84694156012
sc1i 718976 14 -6205.462034842915
sc1ielsm1 535774 12 -5879.239422362044
sc3imlsm 77142 13 -5783.098070217136
sc3ieml 91530 15 -4883.133540908034
sc3imlsm2 237391 17 -6486.646032860337
sc3ml 249178 12 -6829.912422534258
IMsc 307834 9 -5983.234130499717
sc12imlsm1 284773 16 -5787.801761066673
IM 857007 8 -6124.3080722209925
sc3elsm 275274 11 -7554.507359498288
sc3imlsm1 183501 17 -5885.829538631795
sc3iml 423056 15 -6288.922084568743
IMscsm 839905 8 -10068.788383208308
sc2il 295904 12 -7499.893266481815
IMsm 487563 7 -7005.496368236547
IMism 790223 9 -5693.173569668616
sc3emsm 952200 11 -8883.762613362975
sc2ielsm 303141 10 -6802.999717380377
IMiscsm 416484 10 -5457.622237582893
IMsc2 51467 11 -5793.195819801857
sc3ielsm2 845846 17 -5068.4559284665065
IMiscsmB 861292 11 -5145.801919249003
IMisc2sm 769031 12 -5256.790738773676
sc1e 667715 7 -17643.627275608247
IMisc2 475894 14 -4939.5485734790345
IMi 7875 11 -7484.212720422081
IMisc 593549 12 -5393.900323845378
sc2ielsm2 916978 14 -7214.334982817542
sc12imlsm2 838062 16 -5644.437050306082
sc2esm 757691 8 -28837.389228893215
sc3iem 569302 15 -5042.344807599023
sc3ielsm1 190977 17 -7965.625918569304
sc3e 955414 12 -18902.293864607786
sc3iemsm2 979670 17 -24360.841184890327
sc2ie 385383 12 -8867.820114488157
IMns 588749 4 -80366.75667596639
sc2ns 120510 5 -86165.50297927279
sc21nm 972242 8 -29978.37528445258
sc1nm 944060 4 -10204.687163770794
sc1ns 307978 3 -86103.00211102697
s2msm 278449 5 -7742.971321304838
sc11nm 967140 6 -8819.822560608402
IMscnm 352129 7 -9452.198746677514
sc1lsm 418086 6 -7732.313540038238
sc12nm 154533 9 -49836.84107764837
sc2l 299410 9 -6293.925636737737
sc1l 582055 7 -9276.260222642757
sc11sm 914743 7 -7511.343011982341
s2m 310404 6 -6786.651906940703
IMnm 813929 6 -9447.899873310273
sc1sm2 756899 8 -6767.829618645512
s2mismB 520011 8 -6205.532785735618
sc11 174633 8 -6726.531652544927
sc3ns 412495 7 -86166.60858959617
sc3nm 802517 10 -9434.190309353078
sc3elsm 385593 11 -8306.246620890619
sc1e 696045 7 -8657.462464737928
sc2il 96667 12 -5277.5295876897135
sc1ilsm 326641 8 -6835.14147707214
sc3em 403534 12 -6785.454053626494
sc1iesm 958048 8 -87498.29321650327
sc3lsm 165745 11 -9026.835033336502
sc3emlsm 99734 11 -7980.508164800633
sc3e 342963 12 -21261.65396003531
sc1ie 515032 10 -62160.786864882466
sc2e 682967 9 -5889.564591444623
sc3ml2 693921 14 -5599.86798681462
sc2lsm 168904 8 -7361.618012178221
sc3ml 414820 12 -5611.919442568151
sc3el 684970 12 -6445.9536740886615
sc2 166197 11 -5883.027869703887
sc3mlsm 453109 11 -6848.679572564748
sc3l 766574 12 -6968.656282662243
sc2sm1 804881 10 -5702.027660081771
sc3emsm 724240 11 -6224.392386123293
sc1il 280105 10 -5865.78742177814
sc12im 639909 14 -79454.08774640427
sc2ilsm 226040 10 -5631.366238817748
sc2ielsm 687402 10 -9997.58532318829
sc2ie 342215 12 -85747.85108326125
sc2sm2 82648 10 -6067.028171074538
sc3esm 275576 11 -26766.954882126753
s2mi 242378 9 -5865.4919658944655
sc3el2 787819 14 -6269.129716627317
sc3ilsm 874485 13 -5469.312416258338
sc2esm 434002 8 -8147.155149334486
sc12imlsm 606882 12 -5082.606579798673
sc1 210932 9 -6630.187469726925
sc1i 593915 14 -10158.584611247046
sc3eml 399727 12 -5700.229292824652
sc12ilsm 177670 12 -5539.71465201942
sc3il 382267 15 -5346.822871753333
sc1ielsm1 345192 12 -5865.382922162294
sc3im 125656 15 -47769.17412800013
sc12imlsm2 970959 16 -4891.821017009463
sc1esm 189024 6 -33099.9707204299
sc3ieml 601961 15 -12649.047506891508
sc3iemsm2 637559 17 -57752.31329396358
sc3ielsm1 20107 17 -4929.23123531833
sc2elsm 823040 8 -7741.619829527679
sc1sm1 81969 8 -6786.665633976276
sc2ielsm1 769605 14 -5071.341585536742
sc2iel 72173 12 -5366.882468174053
sc2ielsm2 885882 14 -5823.558805101224
sc3imsm 167079 13 -28358.81379550029
sc3ie 223595 15 -48451.01308601209
sc2i 113970 16 -7252.927638374042
sc3iemlsm 685181 13 -5695.109649817521
sc3imlsm 525314 13 -7905.671666274117
sc12iml 444488 14 -5059.676877062464
sc12imlsm1 632372 16 -5458.276881752519
IM 2680 8 -6124.896009133829
IMsc 36972 9 -5983.082634419483
sc3imlsm2 741427 17 -5303.773477443427
sc3ielsm 542885 13 -5198.3279397873375
sc3iemsm1 715606 17 -21583.140981738547
sc3em2 914429 14 -11362.347894334038
sc3ielsm2 973463 17 -5166.7671535505215
sc12imsm 443324 12 -6928.574011727025
sc3imlsm1 99525 17 -5072.254139875854
sc3iesm 23467 13 -80253.32779452283
IMscns 540231 5 -80368.07285495436
IMsc2sm 929518 10 -6871.5918127311015
IMscsm 746520 8 -6995.843225153111
IMsc2 247806 11 -6114.122865744821
sc3iml 93316 15 -5483.406795022942
IMsm 89488 7 -7004.1166062233115
sc1ielsm2 104177 12 -6430.624125350975
IMism 287696 9 -10169.35960648958
IMiscsm 920886 10 -5457.64564695425
sc3msm 132832 11 -11920.247988057701
IMisc2sm 731924 12 -5258.812682380983
IMiscsmB 968498 11 -5437.24426743225
sc3iemsm 710951 13 -44691.741879578
sc3m 121802 12 -7451.992792703526
sc2iesm 447151 10 -34347.26927349018
sc3iel 162452 15 -7003.246693636959
IMisc 456474 12 -5315.168581829975
IMi 487902 11 -5515.70835217167
sc2el 140085 9 -7036.442449473068
sc3e 938067 12 -56271.357966541575
sc3m 617708 12 -22562.713914305365
sc12imsm 932880 12 -34491.00607933923
sc2iel 99945 12 -5199.55072805923
sc12il 293622 14 -5383.160168754568
sc3iesm 463664 13 -43289.96131419439
sc3iem 653300 15 -19049.033719668805
sc3iemsm1 917833 17 -60100.86607008276
sc3m 993996 12 -12624.132523500411
sc12imlsm1 21875 16 -7202.770724079787
sc3imlsm2 677139 17 -6953.083909547311
IMsc2sm 939728 10 -7244.28437321361
sc3e 712603 12 -30880.7888152027
IMi 541505 11 -5425.17308488068
IMisc2 727525 14 -5210.754117027315
