IMns 747402 4 -36247.198880492666
IMscns 344002 5 -36247.18475538716
sc1ns 732687 3 -43260.46752175293
sc11nm 199904 6 -7302.084187602932
sc2ns 887962 5 -37408.382456174004
sc3ns 322617 7 -36114.583182709226
sc1nm 413328 4 -7294.043497081863
IMnm 919802 6 -7111.914164110564
sc21nm 814751 8 -6922.546193408352
IMscnm 716135 7 -14511.362979503805
sc11sm 888695 7 -4951.619163210311
sc1lsm 928621 6 -4820.229904692651
sc12nm 447256 9 -7230.956270983816
sc2l 526142 9 -4184.815965749131
sc3nm 822445 10 -56483.81474362951
s2msm 945501 5 -4951.566416691207
sc1sm1 524380 8 -5387.141456753281
s2m 125605 6 -4881.757449771654
sc2lsm 82502 8 -6515.558542033329
sc2e 185867 9 -4288.442884758891
sc1 775043 9 -4708.975454835847
sc2el 481514 9 -5543.656551019936
sc2sm2 388789 10 -3852.187309481687
sc1ilsm 455460 8 -4074.7629633685237
sc2 203863 11 -3793.8812722772927
sc2elsm 627661 8 -4027.5476639619083
sc11 351816 8 -4881.442462333909
sc1l 984612 7 -4704.0496257102795
s2mismB 960384 8 -4175.352878454183
sc3lsm 650327 11 -4258.769856242599
sc2sm1 150401 10 -4740.422562799686
sc2ilsm 41011 10 -12798.030003692693
sc3l 88505 12 -6075.065875242416
sc2esm 57208 8 -5607.343167759815
s2mi 517588 9 -4365.6261241343045
sc1esm 154739 6 -18716.848428160905
sc1sm2 33489 8 -4950.475964194685
sc12imsm 26089 12 -51076.40893188723
sc1il 353894 10 -3980.9093245740023
sc2iesm 251350 10 -40004.09328900844
sc3eml 825734 12 -6103.49523736147
sc1ie 875293 10 -10008.04235028135
sc3ml 394435 12 -3910.2333398512815
sc12il 6108 14 -3215.4568511126654
sc3esm 56224 11 -42496.691267545335
sc12ilsm 698642 12 -13242.49899140123
sc2iel 537590 12 -3234.228444236165
sc1iesm 143551 8 -25477.397070812123
sc2ie 296471 12 -15067.893755100486
sc3imsm 844354 13 -33581.32694776395
sc2ielsm 654691 10 -3713.23852017925
sc12imlsm 630487 12 -14207.923570870073
sc2ielsm1 370615 14 -3191.202936535905
sc2il 87158 12 -3570.446163081293
sc2ielsm2 142667 14 -3200.1715419188313
sc3ilsm 918595 13 -3383.759004975288
sc1ielsm1 729607 12 -3982.0971036681476
sc2i 570249 16 -3189.1509456461545
sc3iel 380394 15 -19869.25332497941
sc3im 714543 15 -30042.008693411124
sc3emlsm 967131 11 -8427.762853218483
sc3iemsm 906735 13 -21566.58351720745
sc3ie 613935 15 -26715.81925463701
sc3il 208724 15 -4054.4808207492088
sc3ielsm 437247 13 -4965.093572544826
sc3imlsm1 922039 17 -3191.645463462951
sc3emsm 800881 11 -11340.063220172031
sc3msm 364904 11 -6223.783940459804
sc3imlsm 224844 13 -3761.7699392943086
sc3ieml 701086 15 -4320.574565576181
IMscsm 294525 8 -4114.627616088442
sc3iemsm2 47096 17 -144699.7890018322
sc12imlsm2 526470 16 -4033.769498704933
sc3em 740049 12 -5089.449093884746
sc3iml 302986 15 -5973.502972538878
sc12imlsm1 177892 16 -3275.6522396908854
sc1ielsm2 538341 12 -5697.360370807619
sc3iemlsm 867149 13 -3568.7073427128526
IMsc2 827799 11 -3837.060607783477
sc3ielsm1 806437 17 -3374.8739062087775
IMsc 835753 9 -4039.9726474366735
sc3m 552641 12 -16294.296677690094
sc1i 887467 14 -4142.438586040211
sc12iml 570721 14 -4057.092360690829
sc3ml2 890740 14 -4543.316961752474
IMsm 592388 7 -4184.841445236068
IM 436177 8 -3930.197869087923
sc1e 116481 7 -26811.502272786925
sc3mlsm 338814 11 -13593.081815603087
sc3iesm 886909 13 -17326.87538454995
IMisc 34188 12 -3280.8476961853266
sc3elsm 404005 11 -8293.08447670624
sc3ielsm2 245353 17 -3900.5920750763557
IMiscsmB 690296 11 -3280.619325029231
IMisc2sm 660877 12 -3799.2572049272876
IMism 286989 9 -3472.292016239568
sc3iemsm1 921210 17 -7706.552706036282
IMsc2sm 833883 10 -4372.758096682175
IMisc2 449174 14 -3609.226319331342
sc12im 322648 14 -5453.195561971167
IMiscsm 43640 10 -3624.0946569248217
sc3e 214575 12 -40045.44695850502
sc3el2 520419 14 -5049.613664216795
sc3em2 201582 14 -17212.84585248745
IMns 812969 4 -36246.73802489062
sc2ns 593048 5 -36889.77390855759
sc1ns 629294 3 -43201.72725735781
sc1nm 328317 4 -7618.358920899343
sc3ns 782966 7 -36215.563663415574
IMnm 150667 6 -7050.71140244884
sc11nm 281981 6 -5754.6384928665775
sc21nm 500373 8 -28533.102167651265
sc1lsm 934307 6 -4815.7970124506155
sc11 557937 8 -4672.691981912025
IMscnm 791692 7 -7051.88697739981
sc12nm 622645 9 -33759.83113283722
sc3nm 836685 10 -7048.480918858486
s2msm 371475 5 -4951.607547169662
sc2l 389617 9 -4184.652059713881
sc11sm 797862 7 -4718.833259113084
s2m 659870 6 -4881.758372546861
sc1sm1 697213 8 -5139.814127347838
sc2elsm 262977 8 -6396.500145631756
sc1sm2 426569 8 -4901.985595534032
IMscns 506284 5 -36320.36465558216
sc1l 589368 7 -4704.035240620506
sc1ilsm 910297 8 -4073.111705031302
sc2el 745687 9 -4949.8560941936885
s2mi 244559 9 -4103.712157649264
sc1iesm 522556 8 -25644.203107327052
sc2ilsm 251850 10 -3436.30836489428
sc2esm 584516 8 -19185.694837642895
s2mismB 589309 8 -4071.6350580093163
sc3l 784715 12 -4078.3869767936126
sc1esm 579485 6 -6116.3542843876985
sc3mlsm 975977 11 -4867.838971549643
sc2il 310341 12 -14046.113304953335
sc2sm2 658471 10 -5969.847519299593
sc3ml2 545020 14 -3758.441239110097
sc3m 729423 12 -4291.68438375035
sc3ml 478060 12 -4133.8841212816715
sc2 897405 11 -4825.7023459801985
sc2iesm 543901 10 -25948.34770141589
sc3eml 125073 12 -4066.431935454958
sc3elsm 409633 11 -4954.902552900012
sc2ie 852178 12 -10143.806238953835
sc1il 196748 10 -3993.8577950901054
sc3emlsm 709153 11 -5156.231465384285
sc12il 227158 14 -3215.52950843664
sc2lsm 666777 8 -8124.503616353699
sc3msm 23252 11 -17942.146482138716
sc1ielsm1 263719 12 -4012.736816528876
sc12iml 738240 14 -11935.267807208038
sc1ielsm2 741855 12 -4356.398729426482
sc12imlsm1 623501 16 -3195.6887039562826
sc3iemsm 208511 13 -16187.40309872393
sc12ilsm 221354 12 -3472.7876193752268
sc2iel 153974 12 -3566.773370394888
sc3ie 133802 15 -21598.983780468232
sc3il 536908 15 -3951.2892944174896
sc1i 363705 14 -4310.184673776759
sc2ielsm 5665 10 -3273.1125785113054
sc2ielsm1 125140 14 -7674.312101079243
sc3ielsm 243051 13 -3287.783807859366
sc3iemlsm 257248 13 -3270.4694010851563
sc12imlsm2 21699 16 -3206.1371307600366
sc2sm1 516000 10 -4665.6617973559105
sc3iem 727298 15 -8357.234182290938
sc3ieml 382675 15 -3233.9185742414884
sc3imlsm 613323 13 -6789.300442340396
sc2i 470160 16 -9067.504816574681
sc12imsm 840383 12 -6182.952177162568
sc3ielsm2 992926 17 -3277.874262304901
sc3iemsm2 995585 17 -16825.488003562707
sc1ie 733830 10 -5972.998377820332
sc3imlsm2 646451 17 -3481.469774876611
sc3iel 333869 15 -3446.491920897246
sc3ielsm1 371841 17 -3638.0404944320153
IMsc2 531230 11 -3836.993925433012
sc1e 266496 7 -8271.935288031822
sc12imlsm 646692 12 -3784.612948061492
sc3lsm 480232 11 -4563.774784769554
IMscsm 891580 8 -4110.44635712188
IMsc 747715 9 -3973.342878389339
IMsm 206065 7 -4184.839434372084
sc2e 731023 9 -21136.539209167444
IMsc2sm 681569 10 -4611.260231106753
sc3em 855812 12 -9391.4833868061
sc3im 586316 15 -39309.02060412318
sc3e 997922 12 -23044.843638424023
sc3esm 837727 11 -52699.46848750405
sc3emsm 160378 11 -40554.61721530678
IM 702949 8 -3944.0077513036704
IMism 141283 9 -3471.937899987749
sc3imsm 664010 13 -21094.400362000983
sc3iml 74586 15 -11327.698486871228
sc2ielsm2 247832 14 -4544.820268905112
sc3el2 533894 14 -4973.814804203884
sc1 244252 9 -4661.550055040474
IMiscsm 74901 10 -3484.059876925453
IMisc2sm 723310 12 -5012.442081273956
IMisc 117081 12 -3343.4100687339333
IMiscsmB 101443 11 -3687.3780495230794
sc3iemsm1 546558 17 -9962.162341114208
sc3imlsm1 867187 17 -3267.6849168311983
IMisc2 637163 14 -3305.3236144190487
sc3em2 852768 14 -8939.24723960196
IMi 304555 11 -3406.2517018362873
sc3iesm 804194 13 -13077.589891324553
IMns 607287 4 -36246.63054345917
IMscns 987085 5 -36246.734619619056
sc1ns 151065 3 -36689.00989726633
sc2ns 665185 5 -36021.4726914993
sc1nm 230089 4 -7294.0530627624885
sc11nm 8879 6 -5754.327037271702
sc1lsm 366512 6 -4815.582807270101
sc12nm 463140 9 -5023.384884415815
sc11sm 700801 7 -4718.808265223332
sc11 325311 8 -4913.933650907504
IMnm 912766 6 -7050.5072004150925
s2m 360457 6 -4881.7586732946775
sc2lsm 103148 8 -4419.008446009475
sc1l 198190 7 -4704.069039126938
IMscnm 961995 7 -7050.1835356936135
sc3nm 158948 10 -47762.03189254575
sc1 144464 9 -5243.438149237327
sc2l 739392 9 -4184.498283584609
s2msm 788413 5 -4951.567751241755
sc1esm 652512 6 -5182.225880099508
sc21nm 133663 8 -5765.982680969837
sc2sm1 815496 10 -3867.5271596618795
sc1sm2 316436 8 -6953.930999905316
sc3lsm 635389 11 -12397.789715670362
sc2el 467406 9 -3977.8673641577057
sc3ns 400409 7 -36623.142575745536
sc2elsm 125652 8 -4027.547292074095
sc3l 406686 12 -4129.800124914094
sc2 647642 11 -3834.8135776116324
sc12ilsm 872744 12 -3252.3099856256677
sc2sm2 769702 10 -4791.776268364698
sc3mlsm 800903 11 -4563.239089539984
sc2ie 835360 12 -38344.164751915865
s2mismB 319804 8 -4069.8159058126944
sc3m 72652 12 -47771.06472841129
sc1iesm 651900 8 -4227.712818605698
sc2iesm 132006 10 -40358.40387471837
sc2ielsm 633662 10 -3271.2871355509947
sc1il 507755 10 -4708.167262224673
sc3emsm 240637 11 -5272.958447237504
s2mi 575372 9 -4067.9271168564974
sc2iel 235071 12 -3233.40478055451
sc3el2 460897 14 -5941.34224238398
sc2il 366192 12 -3731.45299201318
sc12imlsm 471469 12 -3269.955625435161
sc3imsm 918016 13 -18751.4514631723
sc3em 76601 12 -4644.128448802703
sc12im 376327 14 -26624.596137063832
sc2esm 452028 8 -9502.689417783906
sc2ielsm2 353237 14 -3204.029949730798
sc2ielsm1 100607 14 -21701.934039568812
sc3il 531060 15 -3325.184866665132
sc2ilsm 16300 10 -3436.3068792376785
sc3ml2 788248 14 -5344.13214251341
sc3ielsm 366338 13 -3307.3338662207984
sc3ilsm 847262 13 -3358.264423971084
sc1ilsm 976442 8 -4187.072617172189
sc3iesm 548287 13 -46539.80877297107
sc12il 422774 14 -3419.708043005103
sc3imlsm 398266 13 -5268.74176097708
sc3iemsm1 125330 17 -44636.000024264205
sc3iemlsm 572772 13 -13189.667163276976
IMsm 545705 7 -4185.0009696221705
sc2i 950284 16 -5516.033902177445
sc12iml 611146 14 -4369.2673263070565
sc3iem 471435 15 -17901.93500219512
sc1ielsm1 174949 12 -5324.383854010901
sc3em2 365962 14 -11762.009420707729
sc3iemsm2 364457 17 -60567.02135893491
sc1sm1 596739 8 -9034.797073407497
sc3iel 80207 15 -3368.555042219394
IMscsm 564770 8 -4110.824082991965
sc3iml 800389 15 -3381.2445834242917
IMsc 670978 9 -3886.932414802257
sc3iemsm 49776 13 -9762.212319821749
sc3imlsm1 114589 17 -3206.9518162419745
sc3ielsm2 714781 17 -3642.3895644759828
sc3ielsm1 225761 17 -3368.766066623902
sc1i 342216 14 -4412.422347027049
IMsc2sm 339911 10 -8075.906221403562
IMsc2 919740 11 -7460.108970801783
sc3msm 342260 11 -20981.86912438998
IMiscsm 704468 10 -3471.98216192124
IMism 14079 9 -5898.179135044686
sc3eml 179772 12 -5449.220032405067
sc2e 871516 9 -9185.60805820643
IMisc2 332005 14 -3235.266367696675
IM 359482 8 -3933.7228346834836
sc12imsm 528010 12 -7191.7927893474
sc1ielsm2 832038 12 -3844.6582068607486
IMisc2sm 355172 12 -6236.5790403713545
IMisc 828813 12 -3311.3238558927596
IMiscsmB 447973 11 -3315.1106307916557
sc3imlsm2 20680 17 -3809.8706377118415
sc1ie 369002 10 -42713.62584396306
sc1e 176369 7 -12231.13810224431
sc3im 634465 15 -7943.383827806954
IMi 97092 11 -3352.9352518685378
sc3e 871182 12 -22980.98480108998
sc3ie 238736 15 -24999.661905965208
sc3ml 442150 12 -4875.892748817865
sc12imlsm1 319374 16 -4471.160862453205
IMscns 717359 5 -36698.110784508266
sc2ns 555511 5 -36689.10702238887
IMns 74713 4 -36246.63938909563
sc1ns 281131 3 -36689.01432583225
IMnm 78193 6 -7051.062239137653
sc11nm 342517 6 -17399.02150973922
sc1nm 982347 4 -7294.046086913164
sc21nm 343919 8 -7339.721086192913
sc11sm 240300 7 -4719.647136178915
sc11 796235 8 -4877.539890095736
sc1lsm 166019 6 -4815.564944150223
sc1esm 568655 6 -6054.337689115361
sc12nm 348554 9 -38750.332307556986
IMscnm 121228 7 -26020.359153630918
sc3ns 473635 7 -36000.715817723445
s2m 531744 6 -4881.772299770935
sc3nm 461888 10 -7068.655257367196
sc1e 212757 7 -4886.1884565222135
sc1sm2 856593 8 -4818.344453688847
sc1sm1 761423 8 -4880.062844277174
s2msm 277987 5 -4951.587578592166
sc2sm2 486659 10 -3852.620795639111
sc2sm1 783263 10 -12984.907585496638
sc1l 627200 7 -4704.045678214998
sc1 462599 9 -4750.240610507332
sc2l 198331 9 -4184.636958671064
sc1ilsm 503476 8 -4073.180684137262
sc2lsm 568454 8 -4417.307047808434
sc2iesm 166125 10 -48996.99661251309
sc3lsm 235642 11 -4967.346498639604
sc2el 471921 9 -8297.434097904199
sc3emlsm 629909 11 -4025.864710773008
sc2 982514 11 -6253.72650581673
sc3msm 954362 11 -6149.841800251072
sc3ml 361487 12 -4706.472967861506
sc3ml2 635630 14 -3792.886302499558
s2mismB 366264 8 -4175.332178903342
sc2elsm 12880 8 -4027.5312228721214
sc3em 275848 12 -5836.921480037745
sc2ilsm 354405 10 -8273.667193037627
sc1iesm 28151 8 -10389.36805279737
sc12il 315031 14 -12046.474075168244
s2mi 903220 9 -4067.8821108143907
sc2ielsm 648861 10 -3271.307363137278
sc3emsm 709130 11 -11606.252922507501
sc3em2 723885 14 -12950.465646160757
sc1il 446191 10 -4324.197774881511
sc3eml 199876 12 -4516.024888280697
sc12ilsm 386039 12 -4207.54947663842
sc1ielsm1 134494 12 -4051.4663715473307
sc1ie 597873 10 -6710.070357272038
sc1ielsm2 641710 12 -4133.605915744374
sc3ilsm 910291 13 -3355.8483438971352
sc12iml 511682 14 -3218.2031700398907
sc12im 415807 14 -10540.809224023888
sc2iel 308727 12 -3481.5350238965075
sc2il 770930 12 -3409.681959657438
sc3im 505523 15 -23251.961854243662
sc3ielsm 73159 13 -4414.806134931754
sc3imsm 462139 13 -20161.038023962894
sc2ielsm2 855016 14 -3231.1063356764407
sc3il 86202 15 -3413.533427107473
sc12imlsm 220227 12 -3271.5440983507206
IMsm 500481 7 -4186.779633275096
sc3imlsm 730251 13 -3337.808288935894
IMscsm 558058 8 -4111.595800450429
sc3imlsm2 278497 17 -13392.868036295098
sc2ielsm1 706672 14 -3488.224306992906
sc12imlsm1 608371 16 -3257.922527947105
sc3iemlsm 547954 13 -3387.868707242114
sc3iemsm1 831474 17 -22586.810097049103
sc3el2 983081 14 -4324.864131202907
sc2esm 349134 8 -29041.931772365013
sc1i 106178 14 -3982.3864901342504
sc3l 318690 12 -4120.011794215504
sc2ie 752312 12 -7478.245397219151
sc3iemsm 333011 13 -38634.08340670322
sc12imsm 985550 12 -18606.46052618834
IMsc2sm 339416 10 -9445.296056302313
sc3elsm 136478 11 -5235.012269735533
sc3m 690460 12 -6894.926675116494
IMsc2 543283 11 -4070.177175501146
sc2e 868011 9 -35083.174133926485
sc3iml 599626 15 -7707.727371487713
IMiscsm 741110 10 -6949.615847193273
IMism 788135 9 -3483.7752849533645
sc3iesm 733614 13 -37123.485508081525
IM 64929 8 -3938.5209564924935
sc3ielsm2 732129 17 -3395.170058645222
sc3iemsm2 946714 17 -10599.252368028538
IMsc 441030 9 -16463.26364137592
sc3ieml 60395 15 -3731.4352652556427
sc3imlsm1 613403 17 -3924.3077125161326
sc3esm 906944 11 -34334.86454699954
IMisc2sm 752628 12 -3266.684408294185
IMiscsmB 277841 11 -5597.542922864424
IMisc2 13821 14 -3429.274173462558
IMi 38754 11 -3319.4461522711617
sc3ie 84428 15 -18144.152279834798
sc2i 768865 16 -4621.994603756675
sc3mlsm 491802 11 -4883.979165743556
sc3e 932407 12 -15798.245944936656
IMns 140713 4 -36246.777088453506
IMscns 906 5 -37760.522911837244
sc2ns 206630 5 -36707.59936966366
sc1ns 325747 3 -36689.00859338596
sc1nm 861567 4 -7294.0984127159945
IMscnm 276714 7 -7130.85413096649
sc21nm 74891 8 -5753.94955044414
sc3ns 738556 7 -37503.03624139345
sc1l 59835 7 -8806.619915811214
s2m 704321 6 -4881.773566526599
IMnm 160750 6 -7050.509777040652
sc12nm 304005 9 -31037.01035700342
sc3nm 881555 10 -7066.3530689290255
sc2l 397866 9 -6934.318597850705
sc2elsm 375674 8 -4027.5514529009697
sc11sm 678181 7 -4724.440925792154
sc11 23070 8 -5005.710256749148
s2msm 640830 5 -4951.602865548835
sc11nm 909758 6 -9095.666862251926
sc2sm2 956712 10 -3867.731433150111
sc1 500285 9 -4704.79975126328
sc1ilsm 575262 8 -4073.19440229624
sc2el 214731 9 -4369.384859401068
s2mi 562076 9 -4068.05824461274
sc2lsm 383483 8 -4417.378630934387
sc1iesm 37457 8 -4289.301023616832
s2mismB 801184 8 -4601.997267743642
sc2 309895 11 -3827.258450072453
sc3mlsm 525180 11 -4027.6811880482114
sc1sm2 590376 8 -5181.128490935773
sc1lsm 751006 6 -4815.555658702377
sc3esm 280546 11 -22884.186667814916
sc3em 549806 12 -3855.1362341557588
sc2sm1 381869 10 -3996.8633249955087
sc1il 502324 10 -4089.204923136629
sc3e 341723 12 -39496.04175525929
sc1ie 522118 10 -16825.299243331123
sc3emlsm 333624 11 -5189.828343895278
sc3elsm 12182 11 -4903.980497515997
sc1esm 437335 6 -10265.862705981082
sc3ml2 47217 14 -3793.49982786687
sc3l 407168 12 -4068.192075346245
sc2il 991125 12 -3409.750763341621
sc2iesm 585178 10 -3683.52504485396
sc3emsm 53998 11 -5421.708126392588
sc3eml 232221 12 -4658.037600751838
sc3el2 843544 14 -4010.826199179056
sc12imsm 578996 12 -9380.82360928937
sc1sm1 893407 8 -4801.214861014223
sc3ilsm 128976 13 -3347.994142967703
sc2ie 884290 12 -8324.341471155305
sc1ielsm2 58600 12 -4257.789613453519
sc12imlsm 512633 12 -3368.42887268423
sc12il 516648 14 -3591.1842746165735
sc1ielsm1 798470 12 -4099.181127442947
sc2ielsm2 36011 14 -3202.117794964572
sc2ilsm 659388 10 -3436.313148795632
sc3im 606879 15 -17860.586435937417
sc1i 67273 14 -4149.690769761647
sc3iesm 80640 13 -36038.43158684665
sc3il 38164 15 -3377.9285316460446
sc3ielsm 944812 13 -3342.0504609211403
sc2ielsm 653049 10 -3271.8796708967084
sc3iemlsm 330719 13 -25880.478164765835
sc3msm 60623 11 -41949.04650706684
sc12iml 748768 14 -3258.456397708933
sc3imlsm1 892439 17 -3211.834784165959
sc3imsm 356151 13 -7126.131528272955
sc3ieml 11817 15 -18438.736763469606
sc3ielsm2 647256 17 -11662.56365438302
sc12imlsm1 384592 16 -3333.5595139425523
sc2iel 918837 12 -3233.2700164967555
sc3ielsm1 683189 17 -3750.649600977651
sc2esm 84620 8 -43595.79666437409
sc3iemsm1 594190 17 -17059.015998226558
IM 272000 8 -4111.2687617379415
sc12imlsm2 101435 16 -3340.3115931112798
sc3imlsm2 340779 17 -3256.4659934774945
sc2e 426671 9 -5487.079408083422
sc2ielsm1 713551 14 -3580.5458385068046
sc3iemsm 436410 13 -35322.8818953956
IMscsm 137386 8 -4114.4236094312055
sc3iel 777518 15 -5271.721428812408
sc1e 987728 7 -19052.26849482335
IMsc2sm 322618 10 -12569.108735566373
sc3iml 317028 15 -4431.612063186807
sc12ilsm 15750 12 -4241.71446705705
sc3imlsm 74287 13 -4234.784355633807
IMsm 232159 7 -4228.870732856318
IMiscsm 612406 10 -3315.184624794147
sc2i 923710 16 -3734.9313611881635
sc3m 994150 12 -20956.139083004487
IMisc2sm 891834 12 -3269.086085011757
IMi 327363 11 -3401.0453910001374
sc3iem 53979 15 -36827.69813724184
IMiscsmB 797656 11 -3315.6093950311006
IMism 31857 9 -3845.3279672411945
IMisc2 924796 14 -6783.670214731051
IMsc 405029 9 -3930.7520082243677
sc12im 433942 14 -13674.138325273616
IMisc 585212 12 -3279.407355713174
sc3ml 694287 12 -3841.7746950936407
sc3lsm 798269 11 -11527.7855869962
sc3em2 816279 14 -19088.53366272803
sc3iemsm2 658610 17 -13960.084143632186
sc3iem 631394 15 -16469.322103793882
sc3iem 504572 15 -7728.319426701635
sc3emlsm 62100 11 -8749.34739318717
sc3elsm 209771 11 -4490.740797465164
sc3ilsm 497985 13 -3347.1856594089477
sc3esm 356797 11 -29381.209716672776
sc12imlsm2 90918 16 -3200.7364608886587
sc3ie 442826 15 -36393.163810570564
sc12imlsm2 295635 16 -3215.7674795414205
sc3iel 135646 15 -3763.19760146483
sc3ieml 178687 15 -18532.133276662717
sc3ielsm1 632171 17 -3597.6568359390685
sc3imlsm2 503541 17 -19833.741379577907
IMsc2 959619 11 -3836.5422253818488
sc12im 416538 14 -18101.351074584298
IMi 251534 11 -3402.1988574116886
IMisc 563223 12 -3281.549179012628
sc3iem 741139 15 -34179.66677534413
