sc1ns 245104 2 -18134.559316865874
sc1nm 753786 3 -1990.0793949498907
sc2ns 977136 4 -18134.572084281972
IMns 736294 3 -18084.785272614958
IMscns 961733 4 -18130.57405481526
sc3ns 906887 6 -18133.243811591332
sc11sm 345116 6 -1389.0476396215417
sc11nm 886818 5 -1778.7430571768916
s2m 722030 5 -1385.082035414902
s2msm 613272 4 -1400.8298862764098
sc1sm1 100339 7 -1338.2923281746891
IMscnm 723010 6 -1870.1937904262318
sc2lsm 105759 7 -1167.961793750152
sc2el 468985 8 -1095.5031631179597
sc1e 784841 6 -5864.259403526784
sc1esm 593355 5 -1990.0757561348455
sc2sm2 838721 9 -1083.1065329501337
sc2l 369192 8 -1702.4967313826432
sc11 123447 7 -1376.0580326108427
sc1l 392765 6 -1338.281415301393
IMnm 421795 5 -1866.0298669323602
sc1lsm 773516 5 -1355.7173226955663
sc1sm2 232298 7 -2743.8491766535485
sc2esm 739013 7 -11752.461096493193
sc2 256807 10 -1080.1487006875209
sc1ilsm 123516 7 -1103.3389573588152
sc1iesm 313694 7 -21630.405721746323
sc21nm 133401 7 -1841.269789016674
sc3lsm 537472 10 -1171.0842313391183
sc2sm1 664046 9 -1196.842949331081
sc12nm 446197 8 -1444.9884961490247
sc3ml 593458 11 -1140.0320464061588
sc3esm 238597 10 -8104.400255658702
sc3mlsm 824616 10 -1171.151938018931
sc3emlsm 36549 10 -1124.116664492184
sc1il 494015 9 -1067.741171334139
sc3l 786652 11 -1603.5136575659478
sc2ielsm 312924 9 -847.6829326543088
sc1ie 138274 9 -11392.91357334055
sc3msm 823208 10 -10475.482225699623
sc2iesm 255390 9 -18018.78391587349
sc2ie 792430 11 -13827.707697535985
s2mi 256244 8 -1109.8084352101448
sc3elsm 992482 10 -1152.9170288474481
sc12imsm 578052 11 -11213.155745840584
sc3m 785689 11 -2865.7013711824266
sc1ielsm1 335976 11 -1105.7753280662446
sc12il 525271 13 -899.42749840047
sc1 541519 8 -1385.0900194941826
sc2ilsm 634557 9 -869.7300965930408
sc2il 300567 11 -1645.7852892931714
sc2iel 341091 11 -897.1715914986751
sc12ilsm 910270 11 -866.387245819168
sc3imlsm 570546 12 -847.5541008322815
sc3el2 152082 13 -1361.002516430527
sc3ielsm 373811 12 -864.6542979878101
sc12imlsm 800942 11 -4846.659643380906
sc3ilsm 548532 12 -862.0526665141629
sc3em2 235613 13 -1293.8896626701626
sc3iesm 75764 12 -11170.243046944233
sc12iml 539207 13 -855.3023003425678
sc3iemlsm 138 12 -846.2170364007904
sc3iml 849904 14 -844.8925552103249
sc3imsm 588361 12 -11315.930231769218
sc1ielsm2 721979 11 -1107.9665967302574
IMscsm 132844 7 -1137.9793749722885
sc12im 657641 13 -2414.962237858574
sc3ie 231412 14 -6648.625878565139
sc3iemsm 614152 12 -5033.515487507168
sc3ml2 188570 13 -1097.4884942873969
sc3iel 116573 14 -2099.117920858663
sc3imlsm2 39208 16 -861.7021256976518
s2mismB 79891 7 -1191.9478207601492
sc3ielsm1 659686 16 -852.260181898275
sc3il 481520 14 -1147.5545302875717
sc1i 343266 13 -1419.5793045218638
sc2i 262132 15 -909.2762454566907
sc2ielsm1 628116 13 -959.9682109500809
IMsc2 741870 10 -1196.7206789507939
sc2elsm 385940 7 -1484.8415321880962
IM 336480 7 -1135.4247985070128
sc2ielsm2 400111 13 -912.0420524731724
sc3iemsm2 720836 16 -9656.874980101968
IMsm_ 692005 6 -1141.8959225026174
IMsc 175509 8 -1128.9664794409944
sc12imlsm2 595541 15 -1043.6219745573771
sc3ielsm2 959591 16 -859.3512570633262
IMiscsm 564932 9 -8703.517578661338
sc3imlsm1 161926 16 -883.1955382953505
sc3im 646603 14 -1863.4926459051921
IMi 304749 10 -871.4007157942997
IMisc2sm 219307 11 -850.4198800051616
IMiscsmB 949945 10 -858.5878391864883
IMism 16431 8 -875.5695053926687
IMisc 374326 11 -3639.1729036942106
IMisc2 208129 13 -869.7180021404956
sc3emsm 584929 10 -8884.509754147373
sc2e 826576 8 -12507.970227198184
sc3el 50534 11 -1380.378256748199
sc3eml 558948 11 -1398.1164405147556
sc3iemsm1 427889 16 -2353.531838076212
sc3iem 842014 14 -18732.740736647746
sc12imlsm1 263279 15 -2195.4338571528233
sc3e 746546 11 -3193.4407202056786
IMsc2sm 756619 9 -1382.0706668963185
sc3ieml 782528 14 -1138.1023611822598
sc1ns 424347 2 -21246.589356194243
sc3ns 617937 6 -21246.592953483996
sc2ns 222969 4 -18332.820565354243
IMns 221781 3 -18085.381866253934
sc1nm 707989 3 -1990.078445880544
IMscns 328781 4 -18084.88124087175
sc11 474080 7 -1376.1486717974565
s2msm 666908 4 -1400.82991718221
s2m 158085 5 -1385.082465638788
sc21nm 305299 7 -1690.234881998137
sc11nm 145711 5 -1778.8129246993662
IMscnm 518286 6 -1866.2625159467552
sc1sm1 304472 7 -1339.3371830193284
sc1e 841714 6 -1385.6473079787436
sc2e 596799 8 -1136.0584548674065
sc2elsm 231987 7 -2029.8276812661197
sc12nm 52853 8 -1894.20960654304
IMnm 133236 5 -1866.0298544309408
sc2sm1 311912 9 -1083.5722622761623
sc1sm2 142136 7 -1400.8303415952182
sc2sm2 510904 9 -1082.8929441913353
s2mismB 599632 7 -1121.2316543843126
sc1esm 107921 5 -1990.0818656728231
s2mi 994886 8 -1102.1905954027543
sc1 889458 8 -1348.5129923370555
sc11sm 225968 6 -1400.8929531702167
sc1l 501689 6 -1338.2817070050291
sc2l 626222 8 -2221.707024425711
sc1lsm 494304 5 -1355.7155777039848
sc1ilsm 79548 7 -1099.3590837533068
sc2 356171 10 -1122.4311383292015
sc2lsm 403686 7 -1167.9612974039078
sc3lsm 397729 10 -1164.7008368469365
sc3l 838466 11 -1142.525570002264
sc3el 181437 11 -1145.5573259133837
sc1il 242729 9 -1080.6853682139968
sc3emlsm 809831 10 -1159.6066681794307
sc2iesm 158448 9 -3339.590590723066
sc2ilsm 726858 9 -919.2766375263845
sc1iesm 33868 7 -1124.9929439697844
sc3mlsm 345369 10 -2210.656958455381
sc3eml 565232 11 -1112.3485188292075
sc3esm 347137 10 -4951.676614211616
sc2ielsm 676330 9 -847.728499854745
sc3elsm 908712 10 -1344.5333623974147
sc3msm 341349 10 -10494.54267933594
sc12ilsm 567674 11 -873.3415171563342
sc12imsm 853834 11 -17460.665038630264
sc12il 459013 13 -867.1571033588348
sc1ielsm1 301451 11 -1081.5717698308233
sc3ml 63528 11 -1326.594781129921
sc2ie 84326 11 -7687.88603058135
sc2iel 127549 11 -893.8140247643605
sc2ielsm2 89724 13 -832.2691228307782
sc12imlsm 504947 11 -887.3348015660092
sc3em2 169991 13 -3524.066252198088
sc3iesm 205741 12 -23907.670003702948
sc12im 277285 13 -9724.208630226856
sc1i 260752 13 -2640.2220767968993
sc1ielsm2 876982 11 -1124.3837090912366
sc1ie 526846 9 -1960.8325805213085
sc2i 963566 15 -831.2474287609052
sc3ilsm 3945 12 -1535.6200920553244
sc12imlsm2 353802 15 -833.5998809637115
sc3ie 5442 14 -31920.002713399124
sc3il 133561 14 -861.1381471053651
sc3iemsm 240401 12 -13991.6576799353
sc3iemlsm 708119 12 -846.3216018083217
sc3imlsm 538077 12 -2230.6978831269143
IMscsm 113982 7 -1137.5235830523143
sc3imsm 919 12 -2230.1777545860887
sc3ml2 103374 13 -3220.5505694836793
sc3ieml 72188 14 -857.6850817143473
sc3im 975854 14 -3568.549422820723
sc3iemsm2 495866 16 -10932.387552711896
sc3imlsm2 176587 16 -830.6759463267974
IMsc2 704779 10 -1119.766047434287
IMsm_ 497077 6 -1141.8959251787637
sc3iml 150033 14 -940.041193987191
IMsc 142713 8 -1506.7460616640715
IM 376944 7 -1135.4248284386967
sc3iemsm1 351130 16 -16865.81480684801
sc3el2 519991 13 -2015.9255136633772
sc2esm 146081 7 -2173.6844422743825
IMiscsm 136415 9 -858.1284017603925
sc12imlsm1 79534 15 -1036.333677208595
sc3ielsm1 601641 16 -1349.0612677523213
IMi 80657 10 -946.3637645397941
sc3emsm 51439 10 -2026.4430814029665
IMiscsmB 165041 10 -857.251483221788
IMisc 93369 11 -907.1494875370837
IMisc2sm 658001 11 -866.9848195671431
IMism 887489 8 -875.5704958298551
IMisc2 404365 13 -1497.604377527723
sc3ielsm2 773876 16 -4470.814668296794
sc3imlsm1 560579 16 -953.1082372369303
sc3e 86436 11 -16567.820623496897
IMsc2sm 316673 9 -2516.707948702649
sc2il 164963 11 -2121.729526216797
sc3iel 54118 14 -1357.1270152266152
sc2el 244891 8 -3294.277198011102
sc3ielsm 379954 12 -4526.003988964301
sc3m 260114 11 -11722.347956684256
sc12iml 712985 13 -1205.3452910868953
sc2ielsm1 922909 13 -1040.1306621889435
sc3iem 201007 14 -11595.812218291087
sc1ns 485451 2 -18134.559009981618
s2msm 487363 4 -1400.8299226833253
sc2ns 723343 4 -18103.18632259997
IMns 227572 3 -18085.464320441075
sc3ns 252661 6 -21246.589599689643
sc1nm 246084 3 -1990.0792823764077
IMscns 259123 4 -18069.567934988165
sc1lsm 548143 5 -1355.7175022804279
sc11 490441 7 -1377.7582439361286
sc1esm 307626 5 -1426.010980733393
sc11nm 855037 5 -1778.83224592171
sc21nm 72083 7 -1990.4351437148737
sc1l 707324 6 -1338.2959237332927
IMnm 89872 5 -1866.0297522577416
sc12nm 246825 8 -1459.0793802515477
IMscnm 389940 6 -1868.081999624831
sc1sm2 748472 7 -1400.839766648706
s2m 816643 5 -1572.6383857506003
sc11sm 187144 6 -1392.6236613360807
s2mismB 230903 7 -1118.3809584989988
sc2esm 909126 7 -1136.2310067448966
sc2sm2 849836 9 -1083.8793764879174
sc2lsm 28517 7 -1167.961715949141
sc2el 292424 8 -2743.848392446716
sc1e 797176 6 -1385.6703852760327
sc1 716035 8 -1602.1583468258518
sc3lsm 323500 10 -1157.9925086884211
sc1sm1 778579 7 -1338.3036004581943
sc1iesm 339538 7 -1124.8475520584295
s2mi 350970 8 -1102.1865314083873
sc3l 405241 11 -1148.842003852935
sc2elsm 843804 7 -1124.3338865149767
sc3mlsm 995065 10 -1163.2775354926719
sc2l 674790 8 -1157.8027584098022
sc1il 6503 9 -1080.4609208582553
sc3emlsm 99204 10 -1125.1966601722702
sc2ilsm 417153 9 -869.89977841451
sc3esm 621387 10 -2447.41715581461
sc2 413632 10 -1184.668017953304
sc3elsm 281368 10 -1295.9820910341707
sc2iesm 370096 9 -13538.318560939799
sc2ielsm 594052 9 -847.6884134138405
sc2sm1 319897 9 -1081.5905395860268
sc12imsm 740703 11 -2286.44742858436
sc2il 286329 11 -3487.1456209509442
sc3ml 508357 11 -2234.290348732438
sc3ml2 570408 13 -1149.2189756849732
sc1ie 261194 9 -7251.5583738568375
sc1ilsm 83310 7 -1098.7350841910843
sc1i 413615 13 -1070.3044112843318
sc2ielsm1 834620 13 -850.6650017982042
sc3imlsm 923488 12 -849.1555512358917
sc3iesm 979551 12 -11470.04836311055
sc2ielsm2 723160 13 -6089.5721551224815
sc12il 35343 13 -888.3423805491508
sc3iemlsm 68562 12 -5615.51479415062
sc12ilsm 174876 11 -877.7481416152295
sc3il 256466 14 -871.2243471665952
sc1ielsm1 67166 11 -1102.0009620823516
sc3iemsm 878916 12 -5946.294624845931
sc2i 735807 15 -848.6322736125696
sc3imsm 726732 12 -5874.997297360525
sc3iel 864286 14 -882.4753391493537
sc3ie 303590 14 -14327.145726835482
sc3iml 276015 14 -848.420465035518
sc2ie 546567 11 -18102.56427355576
sc12imlsm1 350070 15 -857.6820630957327
sc3ielsm 80198 12 -1758.3877090739895
sc12im 392160 13 -6811.678077920246
sc3iemsm2 790378 16 -6969.271377168548
sc3ilsm 502071 12 -963.0602986695719
sc3iem 584311 14 -14768.144880766275
sc3im 859748 14 -13718.658660311361
sc1ielsm2 822701 11 -1188.6575863110888
sc3iemsm1 316984 16 -849.599056636584
sc3ielsm1 865048 16 -967.7276311099679
IMsc2 628477 10 -1121.235426819536
IMscsm 691154 7 -1137.5228843877194
sc3ielsm2 505319 16 -908.7653916141428
IMsm_ 209259 6 -1141.8959228194944
sc3el 16032 11 -3225.678259994765
IMsc 993412 8 -1135.424172245048
sc12imlsm2 565788 15 -840.8396037439319
sc3e 26145 11 -9896.679490106126
sc12iml 790849 13 -2017.3162676411748
IMsc2sm 6187 9 -1809.1020641705677
IMism 932947 8 -875.5803406590828
IM 755376 7 -1135.4248323728643
sc3imlsm2 352742 16 -888.7859861892305
IMiscsm 725904 9 -868.6704976012909
IMi 952460 10 -3985.4936040668017
IMiscsmB 38277 10 -863.5352162469158
IMisc2sm 726953 11 -850.2365105555705
sc2iel 229090 11 -1022.3659221228647
sc3m 815769 11 -1624.963011729719
IMisc 243246 11 -1123.0673007784371
IMisc2 741843 13 -1810.3284175305225
sc3ieml 743457 14 -2247.4438098538085
sc3eml 939378 11 -1518.4425756342225
sc2e 854843 8 -7665.45541684312
sc3el2 625263 13 -2153.3964626693783
sc3emsm 702970 10 -10713.25181057235
sc3imlsm1 843370 16 -1198.1774401762596
sc12imlsm 281312 11 -1206.5274662696763
sc3em2 443089 13 -11657.497780991729
sc3msm 266829 10 -23070.836626218275
sc1ns 213238 2 -18134.558800998308
sc2ns 299347 4 -18068.64508959382
sc3ns 156346 6 -18067.88201927456
s2msm 866316 4 -1400.8299226820586
IMns 164189 3 -18084.785228678233
sc1nm 57751 3 -1990.0792065409537
IMscns 259624 4 -18130.59711551368
sc11sm 193903 6 -1396.1806717756017
sc11nm 476097 5 -1777.4624334968362
sc21nm 103257 7 -1990.1319641255939
s2m 996962 5 -1385.0824666187204
IMscnm 498932 6 -1871.3431835338033
sc1lsm 777648 5 -1355.7174786998717
sc1 585113 8 -1384.7523405001966
sc2l 469523 8 -1202.834431429652
sc2elsm 339304 7 -1124.3363111425463
s2mismB 947023 7 -5178.98410206783
sc2el 761861 8 -1095.4873268014505
sc1sm1 948231 7 -1401.2822420176426
sc2lsm 326406 7 -1167.961666112577
sc2e 591298 8 -1134.2658217277876
s2mi 722667 8 -1101.9323567800227
sc2sm2 270137 9 -1083.216805687486
sc11 179849 7 -1573.8493939172513
sc12nm 823833 8 -2924.224281525786
sc1l 411808 6 -1338.2817117917366
sc2 406035 10 -1082.56880777382
IMnm 756494 5 -1866.0288228932222
sc3lsm 931135 10 -1152.6551838616713
sc1e 804388 6 -2599.3266211717873
sc1sm2 658336 7 -1418.1238893180557
sc3l 863172 11 -1621.7619091529712
sc2sm1 625417 9 -1546.0705778728252
sc1ilsm 568147 7 -1098.7806468476679
sc3elsm 312723 10 -1181.8061858803262
sc1iesm 407925 7 -4744.696508502289
sc3el 237507 11 -1668.9444923906854
sc2ilsm 726038 9 -869.737185370079
sc1ie 260756 9 -3544.011753284199
sc1il 639245 9 -3020.276015018917
sc2ielsm 255489 9 -850.6248072521184
sc3ml 120517 11 -2072.236225289301
sc2iesm 679144 9 -2019.2706664325701
sc3ml2 350063 13 -1098.4603436665943
sc12ilsm 62409 11 -866.3509832012121
sc1esm 892411 5 -1858.9676831869692
sc2iel 392076 11 -845.7730323638517
sc2ie 13283 11 -17737.62086626173
sc1ielsm1 358143 11 -3551.2112325167136
IM 925490 7 -1135.4248324356536
sc1i 317211 13 -1109.9460213488455
sc3ilsm 486856 12 -861.4700644819064
sc3imlsm 43599 12 -846.0423202427057
sc3ielsm 694437 12 -857.4277729487128
sc3iesm 427179 12 -14982.054079499185
sc3im 156904 14 -903.0149405040329
sc3il 999848 14 -861.9264638726157
sc12il 561492 13 -875.8083710499353
IMscsm 572018 7 -1137.560680988734
sc3imsm 522038 12 -3811.429487891312
sc12imlsm2 907118 15 -835.5261636588205
sc12iml 947893 13 -846.7615798759193
IMsc 410725 8 -1128.9661040524934
sc1ielsm2 308294 11 -1122.1758264414411
sc3ielsm1 879933 16 -866.3669063619775
sc12imlsm1 972270 15 -1002.5582644210374
sc3imlsm2 596631 16 -834.6989262299614
sc3imlsm1 895474 16 -3992.6569613913766
sc3iemsm2 264028 16 -11068.233452437184
IMsc2sm 258101 9 -1165.3521901939039
sc3iemsm1 827456 16 -15814.545896567914
sc3iemlsm 772689 12 -876.449246646306
sc3eml 682242 11 -1322.3619832187173
IMsc2 728330 10 -1367.0091426354231
sc3esm 80396 10 -38567.85857722819
sc3iemsm 604379 12 -9612.34195600846
IMsm_ 72196 6 -1141.8959194424817
sc2ielsm1 259716 13 -951.8448657102587
sc3ielsm2 575507 16 -868.0957294747963
sc12im 650502 13 -1803.09948138675
IMi 6107 10 -871.1512856771561
sc2ielsm2 292156 13 -866.0096503177788
IMism 834140 8 -875.570409940862
sc3iem 643875 14 -1068.1850781045953
sc12imsm 516590 11 -2729.2467698267064
sc3em2 894160 13 -6810.926869576671
IMisc 725517 11 -868.3157867469243
IMisc2sm 847008 11 -3047.709379383085
IMisc2 107486 13 -870.6504400583331
sc3ieml 338993 14 -2418.4622707925
sc3iel 273070 14 -2233.6367378431746
sc3m 616154 11 -8532.04306993745
IMiscsm 979605 9 -1115.810238054683
sc3el2 826024 13 -1153.9823641177102
sc2esm 677777 7 -5643.926517122702
sc12imlsm 275736 11 -1543.9614839533288
sc3msm 677244 10 -6508.34082902509
sc3e 33693 11 -55706.71872359068
sc2il 908669 11 -2657.4937463292463
sc3emlsm 748660 10 -4688.829918764744
sc3mlsm 867423 10 -5192.068615258169
sc2i 623930 15 -943.0795537840969
sc3emsm 545735 10 -9806.449497290374
IMiscsmB 439883 10 -1178.8132217342595
sc3iml 146891 14 -1433.0142617090992
sc3ie 64042 14 -14662.279618100712
sc1ns 723856 2 -18134.559315884937
IMns 263208 3 -18084.785417723884
IMscns 354509 4 -18085.531483747025
sc2ns 469584 4 -21246.589507759352
sc1nm 165562 3 -1990.0793920976141
sc3ns 813948 6 -21246.58951662139
sc11sm 490724 6 -1390.3752347973725
sc11nm 135712 5 -1775.5229820596232
sc11 777133 7 -1377.991724185471
s2msm 310708 4 -1400.826443818225
sc12nm 118238 8 -1444.4956017583004
sc1l 115115 6 -1338.2803596138172
s2m 314835 5 -1385.082399252686
s2mismB 555639 7 -8123.279665184741
sc2l 306046 8 -1163.597287782415
sc21nm 147697 7 -1777.1180615198064
sc2sm1 470796 9 -1089.3099759303348
sc1lsm 334081 5 -1355.7174274920112
IMnm 424749 5 -1866.029783149304
s2mi 449208 8 -1102.951930863468
sc2elsm 906361 7 -1124.3335505015957
sc2el 276902 8 -1099.335384098836
sc1sm1 659594 7 -1387.0483238075205
sc2sm2 882348 9 -1099.5906395111915
IMscnm 924860 6 -1922.4982086654718
sc2 671026 10 -1163.046040591188
sc2lsm 982556 7 -1167.9618873974036
sc1ilsm 702795 7 -1102.883226554598
sc3lsm 878969 10 -1157.7137887145686
sc3ml 347140 11 -1112.8882112411866
sc3l 227892 11 -1528.64161383239
sc3msm 836278 10 -1536.199520050922
sc2ilsm 922927 9 -869.7303884064945
sc2e 566084 8 -1161.428944468525
sc1il 282911 9 -1080.8459866994833
sc2ie 703341 11 -22086.448191853728
sc1sm2 454151 7 -1420.703146589597
sc1iesm 343555 7 -1229.2186120465578
sc2ielsm 864392 9 -847.6953488308144
sc2il 414321 11 -866.5913923383889
sc3emsm 192162 10 -2630.2843227677563
sc3el2 765462 13 -1109.4538571701319
sc3elsm 76788 10 -1161.3456446684345
sc2iesm 903306 9 -3340.0993000359435
sc3el 980307 11 -1194.4895534009802
sc2iel 311269 11 -845.7636267718073
sc1esm 490789 5 -1804.76118948686
sc12imsm 997186 11 -6397.878194976518
sc1ielsm1 45018 11 -1115.027442996865
sc12ilsm 45614 11 -929.4140521295625
sc12imlsm 802951 11 -847.6541032009123
sc12iml 963805 13 -848.3889511181072
sc2ielsm1 12167 13 -841.698348225141
sc3ml2 612824 13 -1081.5500116074058
sc3e 727847 11 -1442.5119417635278
sc12im 573813 13 -1932.2121939479628
sc3iesm 152011 12 -10847.002629961466
sc3ielsm 718945 12 -847.5282267463169
sc2i 663344 15 -829.9613151765293
sc3imsm 904655 12 -25721.22609250362
sc3imlsm 707456 12 -870.8041912761903
sc12il 317102 13 -990.4582112381854
sc3ilsm 327349 12 -1281.7416842809853
sc3em2 644258 13 -1282.8719482477468
sc12imlsm2 15310 15 -855.4016693568346
sc3eml 545393 11 -3225.9441003042784
sc12imlsm1 826199 15 -840.504217676942
sc1i 579853 13 -1069.0024009478263
sc3iel 817532 14 -877.8123818874734
sc3iem 176034 14 -6007.76204419815
sc3ie 631291 14 -12067.608185033801
sc1ielsm2 459365 11 -1124.3747801491754
sc2esm 76708 7 -7027.429408110662
sc3ielsm2 240195 16 -863.3634702796468
sc3imlsm2 669210 16 -834.5405456037583
sc3il 439417 14 -1148.1398256388447
sc3im 211062 14 -12743.670287806219
sc2ielsm2 123771 13 -1420.123554548868
sc3iemsm1 799610 16 -16431.39799859545
sc3ielsm1 912335 16 -899.5663284763314
sc3imlsm1 577819 16 -964.0072625285419
IM 575375 7 -1228.8681457103892
sc3ieml 414963 14 -1237.9420380760066
IMsm_ 242466 6 -1141.8958677510436
IMsc 219391 8 -1128.9674933409167
sc1e 578529 6 -1742.2729988041447
IMscsm 59673 7 -1137.5225093199017
IMi 325053 10 -5695.970806784888
IMiscsmB 207855 10 -875.7711385255807
IMsc2sm 530119 9 -4225.157473740142
sc3iml 137592 14 -1209.0109921572798
sc3iemsm 299436 12 -3038.735065277827
IMisc2sm 625102 11 -871.8468181185958
IMisc 45549 11 -886.2245984074812
sc3iemlsm 928897 12 -1271.9247500847782
sc3esm 3259 10 -1776.1711198620972
IMism 732409 8 -875.570485721602
IMiscsm 23204 9 -858.118995958436
IMisc2 53205 13 -942.2751734600894
sc1ie 714281 9 -6106.388834025541
sc3mlsm 647135 10 -1400.7387400812108
IMsc2 38154 10 -1250.345380404106
sc3iemsm2 531360 16 -4302.611344898802
sc3emlsm 871992 10 -1437.4377154097936
sc1 74333 8 -1495.5380132450541
