IMns 702494 4 -40403.866130157534
sc2ns 207275 5 -40658.63946917165
sc1ns 822559 3 -40625.54476829232
IMscns 372971 5 -40433.871198950306
sc11sm 843751 7 -4788.826219267298
sc1nm 102423 4 -6107.345176912806
sc11 444199 8 -4564.920497097962
s2mi 349644 9 -16100.65473208786
s2msm 742641 5 -5125.708891714423
sc2e 263471 9 -16416.581396012545
sc12nm 356432 9 -9583.909860954845
sc21nm 639589 8 -5290.6152149465215
sc1sm1 168912 8 -4450.670277729067
sc3ns 255968 7 -40932.13065487351
sc2l 889514 9 -3648.2012243582935
IMnm 355460 6 -5497.672264995247
sc1lsm 360685 6 -5113.366008526252
sc2 942681 11 -5505.628917465029
sc2elsm 761590 8 -4599.207594539579
s2m 683418 6 -4508.322725005262
IMscnm 9141 7 -5466.260217514851
sc2lsm 612976 8 -20248.060115419365
s2mismB 937592 8 -3851.5655359451835
sc1l 214765 7 -4392.76055035973
sc2sm2 784911 10 -4430.295173248061
sc2sm1 809708 10 -3922.185179196459
sc11nm 685721 6 -6233.672670107179
sc2iesm 125388 10 -12883.52228613639
sc2el 172181 9 -3420.197283759142
sc3emsm 453400 11 -5121.363586655372
sc3nm 493542 10 -44006.90156569354
sc1sm2 935197 8 -4362.788561635774
sc3msm 673709 11 -22691.15571198549
sc1ilsm 513355 8 -4264.085075253813
sc1il 860429 10 -13419.743398019591
sc3elsm 785858 11 -4478.05111968738
sc3el 546694 12 -9832.86178097995
sc12imlsm 309814 12 -2918.692648982709
sc1ielsm1 594333 12 -24714.422234492387
sc3mlsm 548174 11 -4298.856613390339
sc3m 320536 12 -5688.469657466618
sc2il 719765 12 -3099.57921082966
sc3emlsm 836882 11 -3830.3533849727555
sc1iesm 92067 8 -4542.2850526312595
sc2iel 135270 12 -3098.271924052995
sc12iml 308675 14 -2848.46676716115
sc3em2 971887 14 -14712.088113159485
IMsm 725045 7 -4529.347413258994
sc2ielsm2 306843 14 -3747.8209329927568
sc12il 602020 14 -3329.919447897748
sc3l 436889 12 -10061.842164090971
sc1esm 113872 6 -24430.06428190531
sc3ml 409844 12 -4653.947250945579
sc3ie 372552 15 -20729.23241680488
sc12ilsm 715346 12 -4094.3646713998824
sc2ielsm1 437018 14 -2715.6343449162223
sc2ie 142519 12 -2786.088946890729
IM 437977 8 -3771.8538085259725
sc3iesm 428740 13 -61896.96334116496
sc3iemlsm 501657 13 -3169.539823027751
sc3lsm 579184 11 -6290.495380381262
sc12imlsm1 267705 16 -4236.827352007899
sc3im 415064 15 -38071.00512441027
sc3el2 732114 14 -4348.470975069922
sc3imsm 860573 13 -33095.977434582106
sc2i 382914 16 -2618.206902443429
sc3ielsm2 962730 17 -6038.531726297957
sc3imlsm1 723236 17 -17961.221793000703
sc1i 813496 14 -4649.332121830508
sc3ielsm1 153257 17 -3395.2732465602776
sc3imlsm2 566527 17 -7122.691682321985
sc3ielsm 423888 13 -13632.11932603924
sc1ielsm2 395627 12 -3888.874751377959
sc3iemsm2 870248 17 -7785.479466814434
sc3il 608574 15 -3225.826457645973
sc3iemsm 958617 13 -5340.818383810274
sc3esm 254445 11 -40841.06184231335
sc3iel 87874 15 -3454.413173247163
sc1ie 228582 10 -10574.705309951722
sc12imlsm2 685848 16 -2838.4696756808135
sc12imsm 608550 12 -4064.3837927921736
IMsc2sm 279255 10 -4167.4594658017
sc1e 406464 7 -5670.9836885270215
sc3iem 259148 15 -3356.8219279887576
sc3iemsm1 868956 17 -5850.863592928008
sc3ieml 555752 15 -5967.165426444234
IMism 348448 9 -3396.3326867400106
sc2esm 208926 8 -9948.263340416534
IMiscsm 866020 10 -3336.4396541740452
IMisc2 416242 14 -8954.826056848337
sc3iml 427764 15 -5295.918093997256
sc3imlsm 744394 13 -5406.163879938482
IMsc 821737 9 -3943.297835282189
sc2ilsm 577529 10 -4047.867460786661
IMiscsmB 984406 11 -2915.9570620602462
IMisc2sm 552837 12 -3014.6545193403
IMisc 771843 12 -2960.4533744046166
sc3em 290790 12 -8237.144324267738
IMi 312186 11 -4379.9606661572025
sc1 764597 9 -7747.271873842185
IMscsm 291064 8 -4846.166776903954
sc3ml2 545657 14 -4259.333983081786
sc3ilsm 303847 13 -4358.443976779108
sc12im 972396 14 -14568.265482483817
sc3e 291706 12 -36924.59441714656
IMsc2 478517 11 -5561.123253113006
sc1ns 743313 3 -40625.56069951181
IMscns 527477 5 -40419.675750497816
IMns 641195 4 -40393.291376613044
sc21nm 223322 8 -5302.13428047677
sc1nm 965021 4 -6107.344694730118
sc3ns 279019 7 -40615.739782347155
s2m 308043 6 -4508.256129352683
sc1l 927285 7 -5064.669300223983
IMnm 354577 6 -5489.072373492969
sc1esm 877682 6 -35451.86903238921
sc2lsm 440443 8 -4582.030922948248
sc11nm 283943 6 -5300.753862231766
sc11 22264 8 -4518.447876801526
sc2sm1 793840 10 -5406.152762349711
sc2elsm 655386 8 -4364.199625252209
sc1sm2 719039 8 -5210.394729230351
s2msm 736323 5 -5125.707116880631
sc1sm1 245821 8 -4392.971376821357
sc2esm 891231 8 -3273.3653159356945
sc1lsm 966364 6 -8324.351042656266
sc12nm 496932 9 -4098.7479928204575
s2mi 655025 9 -8357.803288207826
sc11sm 220008 7 -5130.7804691476
sc2sm2 240395 10 -4090.8993618695167
s2mismB 115824 8 -4086.6721388568267
sc1e 619368 7 -23719.531862864736
sc3m 910243 12 -7435.111496368987
sc2 717982 11 -3129.962275359585
sc2el 227132 9 -4079.7949381784347
sc3l 519973 12 -3970.5926330821935
sc3elsm 50570 11 -4398.226052337994
sc3mlsm 89951 11 -5271.111454302202
IMscnm 360937 7 -5478.9943595195655
sc3nm 829253 10 -5559.808841910104
sc2iesm 741485 10 -8347.706082104258
sc1iesm 882334 8 -16400.570931139617
sc2il 182055 12 -21708.372068964465
sc3em2 727871 14 -5766.365145817015
sc3eml 114718 12 -9836.57469643677
sc3el 959766 12 -3473.6869077735164
sc3e 571040 12 -28063.71804518794
sc3em 332187 12 -3201.580151592345
sc3lsm 362273 11 -10449.384729376654
sc2ielsm 429417 10 -3846.4715078905538
sc3ml 854659 12 -4026.554828472603
sc12imlsm 165053 12 -3392.384595065836
sc3emsm 375377 11 -28621.991447593828
sc1ielsm2 541613 12 -4273.358973266013
sc1 155136 9 -4501.323512406247
sc1il 503438 10 -3681.315683612601
sc1ielsm1 811115 12 -4125.7623959927205
sc2ie 146035 12 -25051.403187698474
sc3emlsm 663243 11 -3930.7333673927888
sc2l 911316 9 -7749.306589967726
sc12im 783997 14 -6983.094543920142
sc2ilsm 234742 10 -3381.0802165389896
sc1ilsm 973213 8 -4262.2916577531005
sc12imlsm2 499219 16 -4838.93915367729
sc3ml2 366896 14 -3409.89420121696
sc12il 886609 14 -3581.8888349986946
sc1ie 205552 10 -5345.933294887475
sc2iel 578104 12 -3002.6018911686087
sc12imsm 634208 12 -3281.472887396292
sc3iemlsm 842002 13 -5409.953797536065
sc3imlsm 688752 13 -4756.246633032866
sc3imsm 479602 13 -9710.192286678535
sc2ielsm2 288493 14 -3265.105020946644
sc3im 218430 15 -3023.027342194636
sc3el2 29645 14 -3838.819466593293
sc3ilsm 984419 13 -4988.955669013643
sc12imlsm1 438066 16 -3647.878428453242
IM 109237 8 -3773.7362797732517
sc3iem 706163 15 -2738.522632589391
sc3iemsm2 440455 17 -23800.205758329124
sc3ie 635470 15 -18269.546995912657
IMsc 566836 9 -6419.268966518036
sc3msm 352038 11 -9184.896715953928
sc12iml 732971 14 -3069.4703419655953
sc3ielsm 63806 13 -4002.7013952435364
sc3iemsm1 402052 17 -11928.571030283378
sc3imlsm1 382321 17 -2934.12367664846
IMsm 252392 7 -4289.681916537109
sc3il 954922 15 -3555.6097159402025
sc3ielsm2 187609 17 -19111.79551584571
IMsc2sm 844346 10 -4165.073000317174
sc3iemsm 91405 13 -27920.332861129125
sc3iel 724452 15 -4621.381048700738
IMscsm 668861 8 -4262.5991234999565
IMsc2 884592 11 -8564.290772056904
sc3ielsm1 933110 17 -3226.0120457358685
sc3iml 441101 15 -2684.6673685580804
sc2ns 244763 5 -45101.54390790775
sc3ieml 790219 15 -2850.6272193110835
IMiscsm 73059 10 -3144.3829636293403
sc2ielsm1 220062 14 -2718.250603653173
IMism 68165 9 -3337.1968712346033
IMisc2sm 632847 12 -3060.262665892943
IMiscsmB 506072 11 -3572.369308686705
sc2i 770121 16 -5624.1138705881785
sc3esm 908180 11 -24211.366400477636
sc1i 188758 14 -3824.386684926627
IMisc2 359655 14 -2851.8759567952648
IMi 188970 11 -3009.5548611245126
sc12ilsm 220314 12 -3808.1266463147895
sc3imlsm2 927007 17 -3972.5928993016246
sc2e 958257 9 -11711.33574624974
IMisc 295936 12 -3529.9822944463194
IMscns 551094 5 -40436.49936410348
sc1ns 698500 3 -45101.5240438873
sc2ns 340919 5 -40180.15031960659
IMns 275995 4 -40403.86972514712
sc3ns 876308 7 -40188.16818172131
s2msm 601044 5 -5125.699720897028
IMnm 259325 6 -5499.456228581979
sc1nm 900972 4 -6107.3439396547565
sc1sm2 971356 8 -5310.421382275721
sc1e 373463 7 -4541.255662664715
sc11sm 786322 7 -5125.924282051234
sc21nm 538347 8 -6970.249751809896
s2mismB 715305 8 -12908.149689910577
sc11 442157 8 -4510.8854557818795
sc1iesm 328301 8 -10883.44571738079
sc1sm1 52522 8 -4392.996303059477
sc3lsm 690179 11 -4824.394155964326
sc11nm 993771 6 -5302.588598829128
sc2 929251 11 -3340.3231836721575
sc2lsm 678825 8 -4400.487772019778
sc2el 971835 9 -3448.477246998255
s2m 333151 6 -4508.256904627593
sc1lsm 303259 6 -5113.5718633551905
sc2elsm 4140 8 -3872.6099050030375
sc12nm 526372 9 -11683.844519943079
IMscnm 710041 7 -5501.56342800628
sc1esm 307632 6 -98999.14349087526
sc1il 59431 10 -3921.730189220094
sc3em 399064 12 -3931.242925599163
sc3l 765083 12 -3655.040022080167
sc2e 298336 9 -8830.637145059918
sc1l 256307 7 -4392.676214192087
sc1ilsm 675902 8 -7847.899385055149
sc2ie 255449 12 -14044.16876596137
sc2ilsm 841568 10 -3421.5725583054623
sc1ielsm2 211492 12 -5204.443996112522
s2mi 943075 9 -4331.806428422185
sc1ielsm1 436167 12 -3727.1982219631946
sc3elsm 982429 11 -4480.2180800048045
sc1ie 463306 10 -23604.54729716757
sc2ielsm2 783240 14 -3733.624872149744
sc3emsm 852619 11 -3438.1467867024407
sc1i 395691 14 -13962.561487148107
sc3ml 846362 12 -3397.719256564887
sc2esm 242563 8 -5120.254302840864
sc3nm 876604 10 -65219.13598378887
sc12ilsm 499692 12 -3924.087317180186
sc2sm1 799191 10 -4204.994898970099
sc12im 949445 14 -8946.583866854886
sc3emlsm 317096 11 -3912.813777319662
sc12il 655598 14 -3781.9273376139627
sc2il 723049 12 -3443.0576607387975
sc12imlsm 386540 12 -3130.200840002723
sc2iel 383070 12 -2802.4431307756086
sc12iml 351328 14 -11712.268663925042
sc3em2 404741 14 -3315.1327541411206
sc1 975669 9 -7298.297993768272
sc3ilsm 678150 13 -3905.0365875223247
sc3imsm 904819 13 -6143.825345935949
sc12imlsm2 923398 16 -2925.8921138375067
IM 329432 8 -3804.25745879467
sc3il 2833 15 -19521.002057158697
IMsm 313790 7 -5339.132206914544
sc3eml 746404 12 -4423.415076413143
sc3ielsm 833237 13 -3399.493823158098
sc3ml2 76410 14 -3832.837040502531
sc3iemlsm 503156 13 -3714.215440316041
IMsc2sm 140705 10 -4312.893962898437
sc3iel 751264 15 -3484.452618408637
sc3imlsm2 205657 17 -7475.593069149873
IMsc 754586 9 -3461.3598788014947
sc2i 107997 16 -4008.065584411762
sc3imlsm 809327 13 -3758.3327579727293
sc3imlsm1 979152 17 -3015.077997234058
sc3iemsm 945634 13 -23988.414823834
sc3iemsm2 321910 17 -20518.429087635537
sc3ieml 495880 15 -3474.9846218640055
sc3msm 206151 11 -20088.050884008146
sc2ielsm1 582295 14 -2956.646312357545
sc3el2 17885 14 -3594.0065253387033
sc3el 403013 12 -9771.35448616545
sc3esm 49290 11 -17944.410687532363
sc3ielsm2 731720 17 -6055.24320097142
sc3im 312004 15 -11740.912233493656
IMism 974251 9 -3373.883962432633
IMscsm 584122 8 -4741.7414618238145
IMi 946180 11 -5971.4424426446285
IMisc2sm 867517 12 -2997.6820345590554
sc3iemsm1 321769 17 -7019.3953635859325
IMiscsm 794152 10 -4193.250276690414
sc2iesm 199306 10 -54012.57222508576
IMisc2 197354 14 -2862.3025212479015
sc12imsm 284509 12 -6189.948240321883
sc2sm2 397633 10 -5748.01167329887
IMisc 916763 12 -2909.671701344675
IMiscsmB 509884 11 -7079.493260975146
sc2ielsm 809519 10 -6732.498216119489
sc3ie 496732 15 -4422.8965253611805
IMsc2 342352 11 -4806.04090195917
sc3ielsm1 20741 17 -3198.913424759368
sc3iesm 969701 13 -20013.872515051877
sc3iem 609617 15 -6098.854225657814
sc3mlsm 506361 11 -6126.413686989615
sc2l 932365 9 -4245.54318098735
sc1ns 880714 3 -40625.57593597852
sc2ns 948849 5 -40625.68609085073
IMscns 361322 5 -40396.21554162672
IMns 231728 4 -40393.294047675954
sc1lsm 652316 6 -5557.109321547097
IMnm 420981 6 -5486.109914422025
s2msm 242704 5 -5125.778640714846
sc1sm2 93751 8 -4363.767581816255
sc1nm 459643 4 -6107.357116126727
sc11nm 275125 6 -5302.023515184981
sc11sm 633122 7 -5126.924276799111
sc21nm 436180 8 -5462.87806000811
s2m 654052 6 -4508.39413310551
sc12nm 870914 9 -8828.390982214087
sc1l 798035 7 -5081.229980744376
sc1esm 338210 6 -34190.67847014571
s2mismB 317725 8 -4204.2538982765755
sc2sm1 825659 10 -3133.754979607742
sc2e 875234 9 -3256.7474195288105
sc2sm2 777310 10 -5200.400895331319
sc11 958504 8 -4501.86102495013
sc2lsm 894879 8 -4893.62904898653
sc2el 269784 9 -3468.2269019329046
sc3emsm 670667 11 -4880.128598449762
sc3nm 167626 10 -5442.665525196122
IMscnm 861447 7 -5584.291155001628
sc1il 243500 10 -4088.6032295834475
sc2iesm 692901 10 -7307.235164791587
sc2 26809 11 -4175.447312524734
sc1e 336731 7 -33720.884078580486
sc2esm 775178 8 -5696.221351947081
sc3esm 702740 11 -12999.24334804374
s2mi 92784 9 -3727.3116972577454
sc1ilsm 295757 8 -4262.39965468391
sc3lsm 453398 11 -4371.2551839899825
sc2elsm 290587 8 -4388.79683549073
sc1 361444 9 -4539.86257264923
sc3emlsm 632335 11 -4768.845675273927
sc2ilsm 610677 10 -3391.9061389510666
sc3elsm 396486 11 -4843.372908372184
sc1iesm 445267 8 -4374.713380032753
sc3eml 322356 12 -3613.130790038068
sc3msm 101649 11 -11852.196486475244
sc1ie 376878 10 -37957.85463194168
sc1sm1 65631 8 -5326.756067749604
sc3ns 915415 7 -40447.35306443814
sc3em2 682828 14 -12103.472130729233
sc3mlsm 340570 11 -3976.0393897702834
sc3ml2 872864 14 -3541.3169852413216
sc3el 279264 12 -3688.165340698466
sc12il 816076 14 -3865.3331955197123
sc2ie 391562 12 -2753.223325081437
sc12ilsm 819382 12 -3709.645331677532
sc2iel 438033 12 -10829.770665677139
sc2il 824858 12 -4030.4871166586136
sc1ielsm1 444918 12 -4388.863989339095
sc3iesm 952462 13 -28918.15490621022
sc3el2 884580 14 -9769.877321911425
sc2ielsm 149797 10 -2953.6465291934355
sc3imlsm 247618 13 -18627.559606492694
sc3m 591906 12 -4751.417882323702
sc12imlsm2 682007 16 -3599.2765454552077
sc2l 444618 9 -4733.816611001694
sc3ilsm 788826 13 -4083.907670025519
sc3ie 762809 15 -22320.891446688016
sc2i 333812 16 -2779.0779524148506
sc2ielsm2 963752 14 -3696.42949620337
sc3l 150548 12 -4538.094304344746
sc3iemlsm 791914 13 -3431.8046661824783
sc3ielsm 770588 13 -3346.309188504244
IM 5691 8 -3771.393383514638
sc12iml 46230 14 -2881.5706265733297
IMsc2 775189 11 -3332.0798940952955
IMsm 413459 7 -4289.695776627288
IMsc2sm 374630 10 -4156.775044626015
sc3imlsm2 348894 17 -2613.5073135930743
sc3ielsm1 452853 17 -3360.8852203630813
sc3il 710627 15 -5384.3819219384
sc3ieml 805867 15 -4076.0925414072854
sc12imlsm 932230 12 -3459.5565012490806
IMsc 924962 9 -3804.3219439370787
sc3iml 998870 15 -2930.770539046288
sc3im 742744 15 -4808.7425746632525
sc12imlsm1 735862 16 -2867.0644540897656
IMiscsm 64861 10 -16304.250964726096
IMism 676383 9 -3490.0030457808516
sc3iem 836578 15 -12551.264503877062
sc2ielsm1 24886 14 -7584.4216278606655
sc3e 678951 12 -4021.8806895722264
sc3iemsm 505 13 -9181.889211586062
sc3ml 487441 12 -4403.765746150668
IMscsm 442085 8 -4263.538089395946
sc3imlsm1 179903 17 -3653.856657409658
sc1ielsm2 357935 12 -3677.2771208744985
sc1i 234846 14 -4089.339938185327
IMisc 161543 12 -3574.4954483207603
sc3iel 280929 15 -5553.702466037453
IMisc2sm 944833 12 -3969.651671589475
IMiscsmB 313264 11 -3103.3071994950137
IMi 43090 11 -3243.4333353608504
IMisc2 609203 14 -3082.1960372461563
sc3ielsm2 64775 17 -4866.874979012703
sc3iemsm2 415777 17 -11868.474959965848
sc12im 664974 14 -4373.97434472987
sc3iemsm1 93952 17 -10049.343153494414
sc3em 242488 12 -3140.0124750657824
sc12imsm 922020 12 -5337.317984782495
sc1ns 920145 3 -45102.23155643337
sc2ns 407090 5 -40179.881630226635
sc3ns 603286 7 -45105.35220078933
sc11nm 272574 6 -6106.734770970008
IMscns 70932 5 -40404.65580166068
s2m 803866 6 -4508.809745118677
IMns 329554 4 -40393.46725528255
s2msm 431716 5 -5125.705823222451
sc1esm 813629 6 -13372.27854270716
sc1sm1 202798 8 -5974.598128449468
sc2esm 538894 8 -3273.381570610498
sc1nm 657981 4 -6107.326003005868
sc2el 644261 9 -3420.2894316415723
sc1lsm 853704 6 -5113.685086602645
IMnm 902547 6 -5486.139017310479
sc1l 779498 7 -10445.252216131985
sc11sm 147197 7 -5124.9040892382745
sc2sm2 529854 10 -3201.8391083434763
sc2l 931716 9 -6553.2988556243545
sc11 636434 8 -4518.742020925878
sc2sm1 372605 10 -3216.7922352262667
sc3msm 372902 11 -8403.478466521732
sc2elsm 464065 8 -4504.2029237576035
sc3nm 945093 10 -5444.956409027084
sc2 210964 11 -3127.165212697219
sc12nm 914468 9 -4096.724778626343
sc1sm2 210033 8 -5881.671764271168
IMscnm 729794 7 -5462.516214634303
sc1ielsm2 552212 12 -14648.462368687678
sc12imsm 552797 12 -20473.260259596933
sc2ilsm 161999 10 -7415.625644024306
s2mismB 715643 8 -3843.73936796303
sc3elsm 744587 11 -10404.13234443319
sc1 859994 9 -5479.834426223342
sc3el2 935880 14 -3843.2446005771
sc2iesm 930554 10 -33780.1211600589
sc1iesm 201468 8 -4535.324685147332
sc2il 163481 12 -3822.9874777500604
sc3mlsm 168307 11 -4231.727988273391
sc2ielsm 557023 10 -3970.7613923024737
sc2ie 211106 12 -19332.393330934363
sc12im 135130 14 -27859.102794560084
sc3l 38529 12 -4759.945617305707
sc1ie 881635 10 -12268.96284457871
sc2ielsm1 809375 14 -2679.4822012407417
sc1ilsm 451565 8 -4262.319367347192
IMsm 108092 7 -7148.52568015299
sc3ielsm 291510 13 -2939.6258267236603
sc3imsm 22501 13 -23303.114749124834
sc12imlsm1 413773 16 -8339.858795862863
sc3emlsm 323180 11 -5394.222096624215
sc12imlsm 247705 12 -3623.6594349158995
sc2lsm 312696 8 -5269.77875262503
sc3iemsm 624828 13 -21408.42629642449
sc2iel 462730 12 -2731.951073758616
sc2i 473624 16 -6419.752332215559
sc3iesm 622190 13 -119139.6594019639
sc12il 928860 14 -3252.289193668921
sc21nm 617403 8 -6486.758511228334
sc3iel 642261 15 -5128.207274706805
sc3ml 225297 12 -3134.274177043524
sc2ielsm2 466897 14 -3532.43080282384
sc3imlsm 271849 13 -2977.809840652545
sc1il 999903 10 -3681.5285762446383
sc3iml 849888 15 -3168.097625508519
sc3ilsm 910022 13 -3339.8908435394005
sc1ielsm1 589825 12 -4483.019551030617
IMsc 272202 9 -3920.8479479830416
sc12imlsm2 513799 16 -4024.464721816718
IM 120306 8 -3772.980858078654
sc3iem 477891 15 -8539.015605781366
sc3iemlsm 76039 13 -3637.6359698652805
sc3ielsm2 38173 17 -4492.915315565654
sc3em2 886654 14 -7038.1984804048025
sc3il 773545 15 -3106.74396343604
sc3emsm 600938 11 -12480.416352275617
IMsc2sm 984973 10 -4463.832454575857
sc3eml 731093 12 -4702.524838564253
sc1i 16465 14 -3958.3333628891733
sc3ielsm1 332611 17 -3062.446116056697
IMsc2 645700 11 -3594.396301755766
sc3ml2 813711 14 -4337.739261218923
IMscsm 503897 8 -4778.167435400577
sc3imlsm1 78861 17 -2987.6417392198323
IMiscsm 291000 10 -3804.936391612297
IMism 48048 9 -3345.960569574593
sc12iml 959250 14 -3791.08078941052
sc3ieml 196907 15 -3999.851670904498
sc3im 15455 15 -5169.044349020772
sc2e 289529 9 -3944.4761033796376
sc3e 507693 12 -5970.648416166065
sc3esm 856182 11 -5030.041261335737
IMisc2 903614 14 -3029.516139908561
IMisc 791297 12 -2943.222854275422
s2mi 441407 9 -4528.815938670684
IMiscsmB 969133 11 -2916.0669330634564
IMisc2sm 631060 12 -2994.587944690411
sc3iemsm2 17247 17 -10527.621626221755
IMi 712739 11 -3595.172219438313
sc1e 251734 7 -35357.93638187841
sc3imlsm2 251802 17 -3831.0752735239557
sc3el 296722 12 -9284.437942205512
sc3lsm 892101 11 -6896.383611070147
sc3ie 624662 15 -4934.24421974223
sc3m 405308 12 -18343.703484212616
sc12ilsm 370291 12 -5400.638817018602
sc3em 943913 12 -4441.972123981131
sc2ielsm 80301 10 -2916.0405765210635
sc3eml 913126 12 -3348.0129152056215
sc3e 218862 12 -11871.67620241917
sc12imlsm1 427214 16 -10045.488159463861
sc3iesm 263246 13 -11718.689247342983
sc3imsm 303033 13 -5009.4883228403105
sc3iml 475510 15 -15909.236422527942
sc3iemsm1 71862 17 -3342.769586913978
sc3m 918806 12 -19457.11374969358
