sc1ns 850588 2 -47414.10082890843
IMns 976836 3 -40998.44936442253
sc2ns 710940 4 -40877.81715650961
sc3ns 315765 6 -47414.01695052791
sc1nm 274708 3 -5918.6374801852735
sc21nm 330334 7 -5764.26574576934
sc11nm 681318 5 -5147.3116183501625
sc1e 464912 6 -5918.656343813474
IMscnm 32786 6 -5484.119411925032
s2msm 846546 4 -3929.084138410353
s2m 697952 5 -3877.3875611474136
sc1esm 252773 5 -3932.5189071171235
sc11sm 354162 6 -3917.6536384326355
sc11 971909 7 -3877.8196928308375
IMnm 167365 5 -5477.831309333412
sc12nm 193491 8 -8721.504983050045
sc1lsm 47928 5 -3745.607578448197
sc1l 148602 6 -3664.3387635798513
sc2lsm 178166 7 -3260.016302306699
sc2elsm 750020 7 -3800.676840925617
sc2l 440649 8 -3169.729800671928
sc2el 485162 8 -3056.0538221021457
sc3e 945033 11 -33231.34197671953
sc1iesm 115487 7 -8188.0515154308705
sc3esm 582920 10 -42860.342499887476
IMscns 134976 4 -41110.688332072874
sc2iesm 450565 9 -34258.770481960746
sc3lsm 449924 10 -3232.193175489968
sc3mlsm 678010 10 -3090.4295011845466
sc1sm2 835559 7 -3974.139734932688
sc1ie 703520 9 -6258.514276704749
s2mismB 742923 7 -3189.500728503649
sc3emlsm 830030 10 -3072.3937162431716
sc3msm 168415 10 -5614.050491703382
sc1il 936503 9 -3010.51270113971
s2mi 653539 8 -3178.9744209818728
sc3eml 374502 11 -2975.1151376231064
sc2esm 590228 7 -14936.728905615311
sc2il 652317 11 -2379.488983615559
sc2sm1 772274 9 -3546.9136351727393
sc2ielsm 780782 9 -2308.146421286241
sc1ilsm 895579 7 -3020.592870340992
sc2e 63558 8 -3550.072899473552
sc2ilsm 284946 9 -2350.5507457073504
sc12imsm 334888 11 -15313.605195571638
sc12il 753054 13 -2318.342192719152
sc2iel 649539 11 -2294.0232182920245
sc1ielsm1 405833 11 -3106.4195341760255
sc2ie 625698 11 -2501.9416459158965
sc2 792074 10 -3276.2014183542055
sc3ilsm 626501 12 -2327.47965055447
sc1sm1 135328 7 -3664.345601282409
sc2ielsm1 966985 13 -2285.9760060489066
sc2ielsm2 193169 13 -2271.336620035612
sc2sm2 718180 9 -10082.467955093836
sc3imlsm 269522 12 -14010.275339328186
sc12iml 140171 13 -2298.2742703402837
sc1ielsm2 986410 11 -3370.398843524768
sc3imsm 500798 12 -13988.154286204935
sc1 354279 8 -3877.3895843736673
sc1i 320117 13 -3839.3844903807208
sc3ielsm 750708 12 -8871.365165048453
sc3iel 515217 14 -2307.7497738655334
sc2i 423985 15 -2323.20539432218
sc3imlsm2 960237 16 -2257.7231203772744
sc3em2 921124 13 -41149.12679376029
sc3m 182385 11 -5148.964683060413
sc12imlsm2 565490 15 -2793.7614711862066
IM 991266 7 -3095.4246479293283
sc12imlsm1 19922 15 -2761.6861767668915
sc3l 596929 11 -3692.140860362374
IMscsm 715029 7 -3147.3286513487906
sc3elsm 316183 10 -12516.124751233852
IMsc 473675 8 -3054.9861117688133
sc3ielsm2 439863 16 -14439.610364320211
sc3iemsm1 491509 16 -9621.07522198883
sc3ieml 145533 14 -2335.4928002542506
sc3ielsm1 208628 16 -2482.2808544991385
sc3iemsm2 745580 16 -7492.6847507092025
sc3im 541081 14 -35066.433484019115
IMsc2sm 494547 9 -3236.1690323421954
sc12ilsm 678386 11 -2351.3932104171045
sc3imlsm1 216586 16 -2482.769984685805
sc3ml 818784 11 -5182.122105250814
IMsc2 880098 10 -4808.661723159994
IMsm_ 455292 6 -3173.0061051910784
sc3iemlsm 752578 12 -3380.392908830486
IMi 603297 10 -2403.020547011226
sc12im 291750 13 -5551.094653707852
sc3el 916331 11 -7888.558723385887
IMism 742942 8 -2416.8197432541206
sc3ml2 270017 13 -3418.6331490724942
IMisc2 228824 13 -5027.885541383866
IMisc2sm 10121 11 -2551.2511389551487
IMisc 531486 11 -2482.6699521350024
sc3il 508600 14 -5701.424973734341
IMiscsm 696709 9 -2400.5643260642723
sc3iml 355670 14 -5743.510670236541
sc3emsm 443377 10 -27679.337645599964
IMiscsmB 527906 10 -2634.8321491791557
sc3iemsm 92984 12 -26862.419255545505
sc3iesm 686445 12 -24043.375604452514
sc3ie 248167 14 -34411.5689939984
sc3iem 426611 14 -16031.98970213794
sc3el2 350994 13 -3974.678767414619
sc12imlsm 680087 11 -9853.871243396692
sc1ns 635457 2 -47414.00799505203
IMns 245065 3 -41003.70553921051
sc3ns 117602 6 -47413.94818943738
sc2ns 79895 4 -41206.30967447857
sc1nm 266302 3 -5918.637112389168
sc11nm 529266 5 -5915.819598757653
IMnm 223851 5 -5477.831844361156
sc1lsm 340901 5 -3745.602715061987
sc11 237852 7 -3865.6421543850947
sc1e 652412 6 -3897.5803431957897
s2msm 610327 4 -3929.0833059456418
sc21nm 179932 7 -5141.465618331079
IMscnm 344362 6 -7178.418423285068
sc12nm 22811 8 -21761.086600132272
s2m 148168 5 -3877.387247854
sc11sm 477622 6 -3929.3569640789547
sc1esm 341876 5 -5814.700805546597
sc2esm 683088 7 -15164.198757417995
sc1l 848535 6 -3664.3447045515713
sc2l 364183 8 -3170.2780603443643
sc1 288912 8 -5934.321224441201
sc1sm1 113808 7 -3695.668981842348
sc2sm1 142349 9 -3127.005027094315
sc2lsm 503275 7 -3260.0163041633277
sc2sm2 352904 9 -2964.4918383860495
sc2 494665 10 -2957.2304870196463
sc3elsm 937902 10 -3091.738418800082
sc3mlsm 423932 10 -3072.3605013328056
sc3esm 565860 10 -19358.00995655967
sc2e 600884 8 -22206.43115486878
sc1sm2 606820 7 -3929.572324091083
sc1iesm 933673 7 -28524.27459178728
sc3ml 221181 11 -2976.0355404278835
sc2elsm 234256 7 -3089.7918309363135
sc3l 405339 11 -3187.952110400459
sc1il 117409 9 -10861.852297203723
sc3lsm 201830 10 -3350.701713614609
sc2ilsm 757705 9 -2349.9447367463317
sc2el 463540 8 -3056.053219213949
sc2iesm 770460 9 -18563.990627085932
s2mismB 30891 7 -3189.4893786686125
sc12imsm 898533 11 -53171.511494593244
sc3el 82323 11 -3690.442483875077
sc2ielsm 532133 9 -2308.183706173628
sc1ie 172963 9 -19006.63181832948
s2mi 624305 8 -3153.991132433523
sc3eml 258990 11 -2975.2823829989075
sc2il 482794 11 -2333.4050175607804
sc12im 74063 13 -34387.29859975872
sc3emsm 844457 10 -5491.207691448962
sc12ilsm 120057 11 -3082.1845704024718
sc3ilsm 9184 12 -31664.812468577475
sc1ilsm 691213 7 -3020.592857079313
sc2iel 750020 11 -2294.6689568740358
sc3iesm 423330 12 -39659.22780611164
sc3el2 855555 13 -3137.005650280393
sc3imsm 444162 12 -5927.18757758848
sc3emlsm 730215 10 -3113.1217548570958
sc1ielsm1 81989 11 -3093.7559415241376
sc2ielsm2 372458 13 -16034.796578658526
sc2ie 224612 11 -15348.422376138466
sc3imlsm 990466 12 -2320.718950373076
sc2ielsm1 764874 13 -2291.17381043687
sc3iemsm 970339 12 -19252.38343099127
sc1ielsm2 479891 11 -3125.0832483474587
sc3msm 127467 10 -25138.924859407372
sc3ie 980638 14 -40111.56739394097
sc3iml 76608 14 -13751.275595908965
sc12iml 155810 13 -3159.195857200646
sc3il 657620 14 -2437.471151248047
sc12imlsm1 80596 15 -4422.231330800096
sc3iem 477346 14 -10256.025058072073
sc3ieml 992712 14 -2333.810310599074
sc3em2 195538 13 -39435.210615365664
IMscsm 213351 7 -3151.079167148653
sc12imlsm2 102012 15 -3024.5432482504193
sc1i 826971 13 -3028.946613642574
sc2i 912837 15 -2646.5812311045634
IMsc2sm 430068 9 -3098.4119940842857
IMsc 450798 8 -3055.003703406305
sc3iemsm1 269439 16 -6976.696174493674
sc3ielsm1 201957 16 -2764.5039003553225
sc3e 151236 11 -19508.445592828357
IMsc2 482728 10 -3002.1081493444976
sc3ielsm2 626877 16 -2423.129013488883
sc3iemlsm 802944 12 -4090.4041027161747
sc3iel 414334 14 -4615.967734073135
sc12imlsm 300262 11 -2324.68852120028
IM 896211 7 -3082.508310926835
IMism 128917 8 -2428.4039745520254
sc3im 887486 14 -4251.569387015214
IMiscsm 322114 9 -2320.7632070142795
sc3ml2 461116 13 -6632.612016581013
IMsm_ 207462 6 -3251.259341251553
sc3m 460805 11 -19794.93362032882
IMisc 389072 11 -2403.0149351911336
IMi 216751 10 -2403.028858798921
IMisc2sm 42776 11 -2301.499485119021
sc3iemsm2 954622 16 -38344.005810617644
IMisc2 884567 13 -2659.495434760436
IMiscsmB 581697 10 -2403.1132536550745
sc3imlsm2 439462 16 -2657.9941775082925
sc12il 579290 13 -6655.824196616223
sc3ielsm 724690 12 -3384.736631857555
sc3imlsm1 64736 16 -2759.0579712690683
sc1ns 881639 2 -41206.442100383465
IMns 804575 3 -40998.44938349119
sc1nm 135741 3 -5918.637155406556
sc2ns 749901 4 -41206.537382587696
sc3ns 194465 6 -41177.29156184036
sc11nm 917080 5 -5161.460197223421
sc21nm 805629 7 -11159.596207466926
sc11sm 478450 6 -4260.277498778428
IMscnm 452176 6 -5477.894909995648
s2msm 168107 4 -3929.0835622498175
IMnm 846745 5 -5477.831830969364
sc12nm 63749 8 -4251.3460638142315
s2m 925144 5 -3877.387557034226
sc1e 783865 6 -3880.947330441184
sc2l 794312 8 -3169.7304068262097
sc1lsm 75955 5 -3745.6075802668693
sc1sm1 618027 7 -3877.390314645085
IMscns 20951 4 -41110.51865614853
sc11 924050 7 -3877.818781009698
sc2 38870 10 -2947.1627313384843
sc2sm2 151016 9 -2963.943197604042
sc1l 975230 6 -3664.344701503261
sc3lsm 575506 10 -3347.759343041751
sc1 17159 8 -3686.7124534408567
sc3l 1847 11 -3127.012672870841
sc3mlsm 876102 10 -3072.5809552644987
sc1sm2 337941 7 -4766.876222868436
s2mismB 717550 7 -5355.862548954848
sc2lsm 160021 7 -3260.0161482933026
s2mi 511995 8 -3156.333400235885
sc3ml 913166 11 -2974.6968063441623
sc2elsm 473844 7 -3089.791830677383
sc2el 616071 8 -5009.313653687399
sc1ie 273132 9 -19876.726511906596
sc3esm 411621 10 -15850.768983654521
sc3el2 883222 13 -2961.1196426530987
sc3emlsm 44969 10 -3076.283950931678
sc3ml2 505176 13 -2895.423532450725
sc2il 519472 11 -2332.9848148180345
sc2ielsm 449376 9 -2308.1415542506174
sc3emsm 482488 10 -3577.9321247339285
sc1iesm 454282 7 -4848.818535099302
sc2sm1 156841 9 -2992.443188224528
sc1il 757394 9 -3005.3858281741504
sc3elsm 344733 10 -3071.916287388486
sc12imsm 256659 11 -29485.707316976128
sc3eml 613458 11 -4692.231037555703
sc12il 935735 13 -2495.4722635517915
sc2ilsm 4360 9 -2349.893024185748
sc3imlsm 553406 12 -2339.6515136704793
sc3iesm 352233 12 -30119.27037013868
sc3imsm 219146 12 -66653.7056174832
sc1ielsm1 504243 11 -3133.7209345219653
sc12imlsm2 75394 15 -7266.410168643058
sc3ilsm 790161 12 -3207.575616752346
sc12imlsm 490733 11 -3730.87071338725
sc3iemlsm 165013 12 -2308.8919067890492
sc1ielsm2 472325 11 -3191.984711830433
sc2iel 732257 11 -2294.010909520421
sc3iem 865044 14 -13418.435113800026
sc2esm 820460 7 -27310.633248724313
sc3imlsm1 713359 16 -2270.8470774579155
sc2ielsm1 680143 13 -2565.874995256606
sc3ielsm2 796834 16 -2302.2264731924943
sc3iemsm1 991999 16 -15088.791285170373
sc1esm 858616 5 -5383.718227334975
sc3iml 398936 14 -2291.831300662717
sc3ielsm 986054 12 -2545.130669142051
sc12imlsm1 831790 15 -3305.6372145768046
IMsc2sm 823740 9 -3098.56106493226
sc3im 389665 14 -5360.415260460255
sc1i 386781 13 -3153.9845715181236
sc2i 90758 15 -2424.1551322977098
sc2ie 85795 11 -20704.351958815016
sc3ieml 263322 14 -2531.4765730287645
sc3il 157316 14 -2995.619159765319
sc3iemsm 455740 12 -3858.8119682861793
IMsc 385087 8 -3054.967919907176
IMsm_ 308837 6 -3173.006155327622
IM 476437 7 -3082.508153089455
sc12im 842896 13 -11709.011797831
IMsc2 731818 10 -3106.210138819536
sc3iemsm2 364418 16 -5595.328341427151
IMscsm 57831 7 -4312.096331651615
sc3msm 457957 10 -7011.7013217609365
IMiscsm 117098 9 -12976.277708833557
sc3el 336099 11 -5562.272297078096
sc3m 198066 11 -16464.18596664629
sc3iel 932769 14 -3684.2813635537777
sc2iesm 49617 9 -7991.261808611817
IMisc 869586 11 -2303.5325565469034
IMisc2 599368 13 -2286.2747036189658
IMiscsmB 824764 10 -2636.8831479844607
IMism 35026 8 -2416.819282337632
sc3em2 996416 13 -32515.345297846306
sc3ielsm1 218367 16 -6644.438317998031
IMi 604340 10 -2459.2265540999224
sc3e 304748 11 -46787.336162982625
sc2ielsm2 562815 13 -2997.116875989501
sc3imlsm2 464997 16 -2304.944308603189
IMisc2sm 748667 11 -4154.484452505562
sc12ilsm 642485 11 -3653.3495619920836
sc12iml 17470 13 -3084.226326083642
sc2e 176125 8 -6794.922896612226
sc1ilsm 510802 7 -9620.282120526354
sc3ie 273516 14 -28534.551851557295
sc1ns 884886 2 -41206.442046239696
IMns 225697 3 -40998.44937885676
sc2ns 67446 4 -40877.686133683696
sc3ns 859873 6 -40877.64804082518
IMscns 677026 4 -40878.12072808145
sc1nm 625826 3 -5918.637318137365
sc11nm 626489 5 -6244.399395705408
s2msm 734889 4 -3929.0842826146604
IMscnm 649113 6 -5480.267906364419
sc21nm 952317 7 -5145.688085859119
sc1esm 951520 5 -3932.2640848075466
sc11 873466 7 -3877.4368419668904
sc12nm 936195 8 -53679.96031689781
IMnm 378160 5 -5477.831843988867
s2m 96783 5 -3877.386048843119
sc11sm 713963 6 -3929.459989825877
sc1lsm 506059 5 -3745.6053471022037
sc1sm1 834449 7 -3664.3626375337503
sc1l 857613 6 -3664.3447068701153
sc2sm2 528827 9 -2963.34579148622
sc2el 810599 8 -3081.7709342514636
sc2esm 257446 7 -3463.3670100538343
sc2lsm 575885 7 -3260.0163003379776
sc1 874452 8 -3889.7107882188457
sc2elsm 273381 7 -3089.7900627185263
sc1sm2 135426 7 -3747.767152617893
s2mi 446353 8 -3153.9971925952004
sc2 27891 10 -3095.908296172503
sc3mlsm 822032 10 -3072.3354250541643
sc2l 372586 8 -3169.7294483740116
sc1ilsm 320196 7 -8759.06619396811
s2mismB 378181 7 -3191.408340088376
sc2ie 93694 11 -17254.428721087963
sc3el 108957 11 -3006.39041899167
sc1ie 348659 9 -23147.819116250193
sc2ilsm 899371 9 -2349.8935278110657
sc2il 735142 11 -2332.8834404588074
sc12imsm 198396 11 -12393.808939028166
sc12ilsm 293466 11 -2332.674704881211
sc3eml 212060 11 -5763.737175966665
sc2sm1 85419 9 -7876.807908807694
sc1il 385437 9 -3319.9696923030074
sc2ielsm 605818 9 -4896.673700376984
sc3el2 949960 13 -4170.609373136554
sc1e 338222 6 -6280.241361822881
sc1ielsm2 898352 11 -4655.565512166276
sc1iesm 199762 7 -5359.624754531193
sc3l 2949 11 -7876.741827389158
sc1ielsm1 81443 11 -3328.7092658958095
sc3ie 384571 14 -27619.467090023707
sc12il 937529 13 -2348.5660918788935
sc2ielsm2 824152 13 -2270.4043003736265
sc3imsm 14127 12 -12402.985025702947
sc3ielsm 67630 12 -2312.1762115136453
sc3imlsm 648973 12 -2302.1415899360336
sc1i 972588 13 -3154.9821647933627
sc2iel 37565 11 -2295.278368055118
sc3iemsm 272653 12 -36106.161346805944
sc12iml 378803 13 -2415.762042021044
sc12imlsm 905062 11 -3366.1862873763866
sc3iel 895045 14 -2332.5537670235935
sc3ml 738338 11 -6457.878142501762
sc3il 575800 14 -3102.3581831083575
sc3iml 339325 14 -2287.225911879412
sc12imlsm1 746033 15 -2715.5948164377646
sc3iemlsm 712805 12 -10450.773544067728
sc3ielsm2 422009 16 -2273.7918817852624
sc12imlsm2 979337 15 -3468.0228957876548
sc3ilsm 500898 12 -2451.287357466207
sc3ielsm1 628932 16 -19323.550352684804
sc3imlsm2 552594 16 -8203.727160315935
IMscsm 179833 7 -3147.8586733646207
sc3emsm 421008 10 -8259.414797961497
IMsc 732860 8 -3082.207518089828
IMsc2 714508 10 -3002.5775671479523
sc2ielsm1 650790 13 -2474.907751532051
IMsm_ 908421 6 -3173.0062029252067
sc3lsm 64365 10 -4251.271085397424
sc3ml2 93458 13 -3470.6130637470537
IM 329454 7 -3082.508338519633
sc2i 497352 15 -2563.1719968587845
sc12im 216506 13 -5812.5395348824595
IMsc2sm 554640 9 -3136.554643337753
sc3em2 921042 13 -10012.283799892399
sc3e 192432 11 -5031.102362190574
sc3imlsm1 753014 16 -3600.6634191315356
IMiscsmB 458382 10 -2334.125881005502
IMisc 796958 11 -2377.6523358490085
IMisc2sm 651824 11 -2303.5300163877323
IMism 650353 8 -2416.8193621724313
IMiscsm 836522 9 -2320.7559097154617
sc3esm 172657 10 -25184.652501019966
IMisc2 866979 13 -2426.5378296529125
sc3iemsm1 368153 16 -5240.13389414726
IMi 757443 10 -2403.0263892125263
sc3ieml 596772 14 -3192.707905077755
sc3m 606250 11 -6454.8612365062445
sc3iemsm2 720001 16 -7964.691369655534
sc3im 466860 14 -18302.019444019195
sc3msm 734658 10 -18945.48980401439
sc3iem 549399 14 -7999.234228398244
sc3emlsm 42475 10 -3868.5655441834997
sc3elsm 418868 10 -10117.03844808758
sc3iesm 614817 12 -43609.8552830752
sc2iesm 344450 9 -19484.360931687297
sc2e 414944 8 -6647.0943709651965
sc1ns 178078 2 -41206.44207967822
IMns 970638 3 -40998.449383486535
IMscns 58522 4 -41003.711213175935
sc1nm 59066 3 -5918.637287482531
sc21nm 377348 7 -4917.132179635701
sc11nm 464523 5 -5147.312337163961
s2msm 575879 4 -3929.0835283907463
sc3ns 980437 6 -42040.74170196568
sc11 29552 7 -3872.7107844482384
sc11sm 868599 6 -4075.140146986776
IMnm 681303 5 -5477.831329844223
sc12nm 871389 8 -14447.508580458503
s2m 228169 5 -3877.3875583595154
sc1esm 459069 5 -15137.83390784296
IMscnm 785182 6 -6131.726976375583
sc1e 610865 6 -4720.59245138123
sc2l 966336 8 -3432.2850643051606
sc1l 484962 6 -7878.297166722123
sc1lsm 954320 5 -3745.606882477723
sc2e 224774 8 -9267.60583327992
sc2elsm 49705 7 -3090.6967827753115
sc2lsm 912841 7 -3260.0158317763544
sc2sm2 979897 9 -2983.34770428302
sc1sm2 382559 7 -3929.055952573235
sc1 618023 8 -3887.7384174332497
sc3emsm 144728 10 -3136.5480880507057
sc3lsm 470011 10 -4251.312356242087
sc1iesm 332172 7 -3824.3296169872892
sc3el 145880 11 -3115.4434519486044
sc3esm 962532 10 -46051.424928682056
sc1sm1 241380 7 -7877.066815941413
sc2sm1 10649 9 -5151.7832547419775
sc3el2 300135 13 -2939.7787997863174
sc2ie 965060 11 -49724.46022571606
sc3ml2 840909 13 -5087.125569910995
s2mi 125498 8 -3153.9883018439173
s2mismB 64242 7 -3154.1277871678967
sc3elsm 61986 10 -3233.78081790963
sc2ielsm 340947 9 -2308.144756645317
sc3ml 746904 11 -3315.629980790638
sc3l 862149 11 -3150.639160382506
sc1ilsm 352628 7 -3020.5926852127477
sc12imlsm 755900 11 -15785.708233372854
sc2iesm 527657 9 -7081.782181438724
sc2iel 655644 11 -2294.0156026742334
sc1ie 558823 9 -6187.9161393058575
sc1il 41636 9 -3024.5657254400503
sc3ilsm 868368 12 -2327.055212265941
sc12ilsm 898916 11 -2403.034737670503
sc2ielsm1 786185 13 -2395.1707841266384
sc1i 826740 13 -7900.233313139663
sc3il 973066 14 -2517.5251158818996
sc2ilsm 659143 9 -2349.8875655310617
sc3im 824643 14 -22302.340778509646
sc2ielsm2 506094 13 -2375.7756731756895
sc3ielsm 401865 12 -7473.682617327108
sc3mlsm 235781 10 -4391.320212689938
sc2il 569306 11 -4176.712004085362
sc3imlsm 568166 12 -5275.222370618434
sc2i 760101 15 -2318.6744346281657
sc12imlsm2 712540 15 -2294.4661173463683
sc1ielsm1 89163 11 -5833.295083003955
sc12il 591433 13 -2582.846036872171
sc3iel 752960 14 -11584.208771958616
sc12imlsm1 37237 15 -2347.53022558044
sc3iemsm 117907 12 -29261.162638743284
sc12iml 549084 13 -2398.9410904478914
sc3em2 221009 13 -13989.315713072177
sc1ielsm2 25238 11 -3186.622500920521
sc3iml 52424 14 -2278.624727669428
sc3iesm 965810 12 -28455.704436148644
sc3msm 154058 10 -15571.3436125626
sc2ns 304421 4 -41207.23933791724
sc12im 798604 13 -15424.087451374779
sc3iemsm2 936067 16 -7650.329385042538
sc2el 115653 8 -7945.309987261984
IMscsm 188814 7 -3148.57790082547
sc3ielsm1 939698 16 -2308.899502645962
sc2 930531 10 -3611.590373486431
sc3imsm 465747 12 -4073.7659579392675
sc3imlsm1 387666 16 -2355.787766763162
sc3iemlsm 648179 12 -2322.698606402031
sc3ieml 864951 14 -2356.1445672148666
sc3m 344559 11 -11425.908803346018
sc3emlsm 123059 10 -3137.9314995501904
IMsm_ 106685 6 -3173.006216301124
IMsc 482240 8 -3058.4734164127754
sc2esm 585303 7 -32057.955486968185
sc3imlsm2 104 16 -2582.1706045272003
sc3ielsm2 379472 16 -2312.735871326705
IM 685224 7 -3133.6517908318633
IMsc2 117938 10 -3552.655717555932
sc3iem 11355 14 -24778.19070750255
sc3ie 822511 14 -32044.075139090066
IMiscsmB 877803 10 -2311.9869355928486
sc12imsm 206749 11 -12620.819481612685
IMi 913232 10 -2403.9739269570246
sc3iemsm1 823258 16 -48915.390877124686
IMism 763582 8 -2416.819469552498
IMisc 366821 11 -3204.7939580540797
sc3eml 756833 11 -5632.39384912963
IMisc2 848622 13 -3847.160429730491
IMsc2sm 300542 9 -3373.503498572557
IMiscsm 103711 9 -2608.776708917233
IMisc2sm 807927 11 -5809.921005720375
sc3e 795768 11 -21971.930261099085
