IMscns 105695 4 -98392.82884786173
IMns 434182 3 -101534.77330771882
sc1ns 10697 2 -98521.35913870599
sc2ns 860203 4 -98100.74968982807
sc12nm 797556 8 -7639.64554890054
IMnm 690893 5 -9300.90297938927
sc11nm 393609 5 -9353.789296194145
sc1nm 561623 3 -10356.848640954864
sc1lsm 815658 5 -7773.384682578346
IMscnm 716659 6 -9313.422226031978
s2msm 963511 4 -7824.445547719337
sc21nm 465068 7 -9218.499370417083
sc1l 319820 6 -6454.780896728715
sc11sm 836879 6 -7824.718840618697
sc2lsm 822599 7 -7014.71937046874
s2m 897709 5 -6727.433802988
sc11 729619 7 -7692.519610629118
sc3l 869981 11 -5713.230474516754
sc2l 247925 8 -5771.810813133926
sc3e 912660 11 -42056.937777263556
sc3elsm 101504 10 -6545.746886702906
sc2ilsm 6199 9 -19267.392528345415
sc1iesm 789137 7 -36661.69119028572
sc2sm1 504446 9 -5472.474685054246
sc1esm 696000 5 -7807.197310443791
sc1sm1 349371 7 -6474.188713222231
s2mi 263430 8 -5881.086664577815
sc3esm 928466 10 -9191.809123122825
sc2iesm 916625 9 -12378.508751331043
sc3lsm 383866 10 -6971.904100320856
sc3em 917048 11 -5348.339749249852
sc1il 50808 9 -5558.007891513627
sc2sm2 222796 9 -8305.449618928453
sc3eml 253331 11 -7116.421071265136
sc2 637339 10 -8044.428513258069
sc1 589076 8 -7121.800768933993
sc3ilsm 896467 12 -4916.688735221484
sc2il 761040 11 -4816.3797010414355
sc2el 82569 8 -5626.543207971754
sc3emsm 263029 10 -5999.06939425022
sc3el2 33975 13 -9731.52787842238
sc12ilsm 887160 11 -4919.559962838011
sc3ml2 318423 13 -6400.615536200023
sc3emlsm 494081 10 -6715.205073935941
sc2ielsm 610367 9 -13116.581005373979
sc3ml 681177 11 -7426.26299890526
s2mismB 461236 7 -5926.963159344076
sc3il 269235 14 -4606.15511836408
sc1ielsm1 612095 11 -5707.291823109273
sc3el 284643 11 -5688.30641984075
sc2ielsm2 33663 13 -4785.059936320115
sc12iml 566584 13 -4436.688895704517
sc1ilsm 438997 7 -6008.148897636146
sc3ielsm 118955 12 -4790.424749717402
sc2ielsm1 597802 13 -4445.8451175688815
sc12imlsm 883641 11 -4795.797088683227
sc3ie 183142 14 -27539.799967049305
sc3imsm 76861 12 -30207.596011866157
sc12im 762606 13 -37761.219506139656
sc12il 134023 13 -7958.105364332108
sc12imsm 648908 11 -10109.195646012286
sc2iel 989922 11 -6353.577241869351
sc3em2 227224 13 -9623.252648296477
sc1sm2 488903 7 -7826.073243993604
sc3msm 459327 10 -30945.19351911504
sc1i 868874 13 -5711.189713268558
sc3ns 342837 6 -98111.9726356024
sc3ieml 652751 14 -4524.707258095712
sc1e 730299 6 -11775.421107582171
sc3imlsm2 198325 16 -4359.874163865116
sc3iemlsm 847172 12 -5423.327887504615
sc2ie 10299 11 -10532.726885708862
sc3iemsm1 225131 16 -49549.21216697408
IMsc 220760 8 -5569.004768609381
sc3iml 24885 14 -4439.50636678079
sc12imlsm2 532143 15 -7904.080801416584
IMsc2sm 286877 9 -6879.6158148536815
sc12imlsm1 350784 15 -5125.500574957992
sc3iemsm2 60151 16 -51225.07308675918
sc3iemsm 774430 12 -9669.407024210008
sc1ie 457083 9 -6396.916855518254
sc2i 308118 15 -4926.476194059486
sc1ielsm2 572029 11 -6242.482773950708
sc3iem 185585 14 -11260.520921529465
IMscsm 199476 7 -6755.462468001203
sc3imlsm1 193777 16 -6998.371440309299
IM 546123 7 -5678.255349692723
sc3ielsm1 487187 16 -4781.535384714509
IMsc2 387538 10 -5817.859482238937
IMism 448577 8 -4972.983289573226
sc3ielsm2 324089 16 -6055.620542132354
sc3imlsm 938797 12 -7219.7520728149675
sc3iesm 791759 12 -80819.8205633565
IMisc2sm 36751 11 -4799.61518987383
IMsm 568385 6 -7075.121495525747
IMi 446402 10 -4760.653548666582
sc2elsm 69022 7 -7847.124834630969
IMiscsmB 45399 10 -5088.798667598605
IMisc2 168382 13 -4834.838171872053
IMiscsm 559796 9 -4872.076256525028
sc3m 607338 11 -25411.285780558894
sc2esm 73790 7 -23754.606692258596
sc1ns 948188 2 -98521.35913785243
IMns 402699 3 -98283.40463880614
sc3ns 442214 6 -98256.48418006244
IMscns 487380 4 -98103.07116076126
sc1nm 234809 3 -10356.84863587433
sc2ns 89005 4 -99148.61798776714
sc21nm 12956 7 -9341.814864597156
sc11 572162 7 -6714.3571062052715
sc11nm 282079 5 -9353.93850700208
sc1e 756109 6 -6735.401649069534
IMscnm 110677 6 -9322.11671973286
s2m 654553 5 -6727.428424589013
s2msm 874316 4 -7824.443070114491
IMnm 499853 5 -9300.900942253907
sc11sm 467237 6 -7824.892537875918
sc2 920570 10 -5409.607082055538
sc2lsm 26490 7 -7014.720562562892
sc1lsm 619146 5 -7773.384774991086
sc2elsm 343753 7 -6625.346015283813
sc2el 849153 8 -5626.57369331776
sc12nm 503018 8 -7655.101522737433
sc2sm2 246849 9 -6359.390729519556
s2mismB 244307 7 -9923.947572572031
sc1iesm 614319 7 -6254.758252957722
sc1 278582 8 -6469.542099136173
sc1sm2 536570 7 -7823.294620982667
sc1ilsm 482599 7 -6008.336392504622
sc2l 638752 8 -5771.807775856953
sc3msm 462866 10 -5970.004965996357
sc1l 940976 6 -9672.898630492162
sc3lsm 388701 10 -10183.375269757606
s2mi 935571 8 -5881.084443952653
sc3mlsm 601531 10 -7774.492578010089
sc1sm1 477095 7 -6454.797524680442
sc12ilsm 477623 11 -4903.45318952182
sc3elsm 639578 10 -6999.808787420819
sc3m 664464 11 -42071.12361392303
sc2iesm 186108 9 -19638.6517845519
sc3el 223567 11 -6994.425982188256
sc2ie 704224 11 -166517.5582645016
sc2e 929070 8 -8481.262667745703
sc12imsm 801639 11 -15757.102833469775
sc12imlsm 42870 11 -4797.382352488186
sc2sm1 686596 9 -5472.004301941567
sc2iel 755246 11 -4435.760480514505
sc3el2 255931 13 -11940.650060139253
sc2ilsm 600585 9 -9676.600499779463
sc3ilsm 537357 12 -4921.533171292547
sc3ml 510683 11 -5483.691312718118
sc3il 881251 14 -9635.214446461228
sc2ielsm1 826257 13 -4517.824598703708
sc12il 212211 13 -4575.414133449631
sc1il 62113 9 -5634.319949292373
sc1esm 282350 5 -9457.246814609203
sc3em2 884438 13 -32057.175991587388
sc1ielsm2 16675 11 -6299.066170327517
sc3emsm 232582 10 -12129.213381751646
sc3ml2 419415 13 -6401.664168314698
sc2ielsm 331196 9 -5266.296368493063
sc12iml 308648 13 -4464.194426719144
sc3eml 150728 11 -7146.91134607409
sc2il 12374 11 -5171.461653066482
sc1i 863208 13 -6449.695755233598
sc3iel 272761 14 -4446.248654928071
sc2i 947976 15 -4405.370442072659
sc3imlsm2 936194 16 -4498.266704406246
IMscsm 422587 7 -6755.463739322601
sc3l 917431 11 -10961.867832165874
sc3imlsm1 68783 16 -4482.210139871393
sc3im 169551 14 -6881.093816156002
sc1ie 562048 9 -7245.455836320957
sc3iml 402102 14 -4977.850622769496
sc3ielsm 683363 12 -6091.471047550077
sc3iemsm2 137847 16 -20689.403108850896
sc12imlsm1 955786 15 -6445.787237779851
sc12imlsm2 260435 15 -5162.55497519409
sc3ieml 853918 14 -4451.63066295118
sc3ielsm2 798835 16 -13356.862836590508
sc2ielsm2 141055 13 -5134.368583553696
IMsc2 253938 10 -5679.2026076689
sc3iemsm 31304 12 -28103.287262284433
sc3iemlsm 61373 12 -5278.455929015227
IM 883248 7 -5678.254476304048
sc3em 206627 11 -7332.092787889155
IMsm 807428 6 -6759.181306939003
sc3emlsm 530872 10 -10167.508227202805
sc3ie 352508 14 -56513.23320484536
sc3imlsm 825409 12 -9376.385606121763
IMsc 508606 8 -5569.009786615322
sc3imsm 47163 12 -12487.55695108592
sc3ielsm1 424572 16 -4575.12479179335
sc2esm 929274 7 -36432.410643742165
IMsc2sm 380159 9 -8609.624281199087
IMisc2sm 438213 11 -4801.663388490335
IMiscsm 744574 9 -14018.590940286564
IMism 296788 8 -4972.985015228391
IMiscsmB 259090 10 -4554.757112829514
sc3iesm 880073 12 -35483.7743598889
sc3iem 445274 14 -55434.79001841088
sc3esm 267217 10 -57770.3314188252
IMisc 688522 11 -4795.9964242975
IMi 656255 10 -4979.933878864687
sc1ielsm1 668936 11 -9304.587035959392
sc1ns 103590 2 -104602.81419966642
sc2ns 674753 4 -98101.50256998058
IMns 819161 3 -98283.40471114164
sc11nm 18887 5 -9353.941876150548
IMscns 432565 4 -98283.41163276846
sc1nm 558364 3 -10356.847676226245
IMnm 635723 5 -9300.902892744223
sc21nm 334229 7 -32665.12269826032
sc11sm 877679 6 -7825.165013339204
sc11 802412 7 -6715.706730849392
IMscnm 440950 6 -9305.464047532203
sc3ns 954747 6 -98522.61842391665
s2m 739449 5 -6727.433990388687
sc12nm 793692 8 -7758.3228559930485
sc1l 11060 6 -6454.781177446311
sc2lsm 313996 7 -7014.719141422609
s2msm 844158 4 -7824.444814094581
sc1lsm 616825 5 -7773.383140318097
sc2elsm 605837 7 -6624.565860077914
sc2el 974530 8 -5631.151011289264
sc1sm1 778696 7 -6727.434270388104
sc1esm 476668 5 -8620.576171990459
s2mismB 973226 7 -5928.303244513399
sc3msm 926113 10 -10266.766046582867
sc2l 105203 8 -5771.810559680622
s2mi 24163 8 -8562.529330260642
sc1ilsm 205528 7 -6008.149624490686
sc3el 285621 11 -5500.506314369903
sc3l 624545 11 -5908.610341178762
sc1sm2 834878 7 -8227.109061949935
sc3e 853732 11 -98880.0370316581
sc1il 756056 9 -8757.789186202832
sc2 712722 10 -6234.99589603322
sc12imsm 796080 11 -27726.97091351802
sc2sm1 629085 9 -5472.017311288473
sc3mlsm 65636 10 -7468.579464526164
sc12ilsm 286429 11 -4903.424040019146
sc2ielsm 132800 9 -4906.3219374167775
sc3ml 17715 11 -5366.340192133388
sc12il 685497 13 -4989.2314655022565
sc3elsm 20248 10 -6607.4902644670365
sc1e 643140 6 -10350.595011246452
sc12imlsm 10217 11 -4800.025965995223
sc3eml 60911 11 -5378.238983516754
sc3em 268403 11 -5804.401731350765
sc3ml2 448291 13 -8696.395559191995
sc2ie 171768 11 -53238.6810477924
sc3el2 844766 13 -9360.328260402492
sc2ilsm 241810 9 -4969.212333371554
sc2sm2 150371 9 -8928.389137485781
sc1ielsm2 192165 11 -6256.612041104826
sc2il 74717 11 -4569.084479422348
sc2ielsm2 938933 13 -4430.179395438237
sc3il 503793 14 -4564.458176537219
sc3iemlsm 887298 12 -4693.870483471239
sc2ielsm1 217780 13 -4949.310790814953
sc3emsm 838330 10 -11804.58652512374
sc3imsm 120458 12 -8481.521376603627
sc3iml 946016 14 -4451.745496600384
sc2i 907505 15 -4456.028446620724
sc3imlsm 382139 12 -7170.5523525964145
sc3iel 830899 14 -4438.0281990643425
sc1ielsm1 845118 11 -8803.431211270565
sc3imlsm1 666654 16 -4376.736476864838
sc1iesm 533827 7 -14791.06633758208
sc3iemsm 798486 12 -11851.845907652345
IMsc2sm 393747 9 -6706.033477336197
sc1 624044 8 -11899.42137296247
sc12imlsm1 658622 15 -5069.213185421208
sc12iml 289737 13 -4760.607208727244
sc12im 550455 13 -19026.036809485566
sc3imlsm2 560134 16 -6534.666896051359
sc12imlsm2 821036 15 -4434.455229858573
sc3iemsm2 894117 16 -44745.82641685241
sc2e 486797 8 -13408.63259160801
IMsc2 208916 10 -5480.836151363528
sc1i 940583 13 -6355.1723805693455
sc3iem 168703 14 -29771.116285288354
IM 16657 7 -5720.049260431933
IMism 109503 8 -4972.9831828527895
sc3ie 545650 14 -77500.00708990746
sc3lsm 627200 10 -7896.414912879862
IMsc 579847 8 -5569.00517039723
sc3ilsm 692079 12 -7974.298506481408
sc3em2 648942 13 -32934.073084388605
sc2iel 182753 11 -5114.053268193019
sc3ieml 191679 14 -4933.0425664441855
IMiscsm 730594 9 -4872.075892424171
sc3esm 586025 10 -71974.87321373596
sc3iesm 571103 12 -49641.42259128582
IMisc2sm 83596 11 -4799.5876318547635
IMisc 803669 11 -4865.928727552955
IMsm 870402 6 -7253.198680241335
IMisc2 745114 13 -4450.787240308263
sc3im 8581 14 -5509.158346694224
sc3ielsm1 578592 16 -6964.946834746062
sc3ielsm2 748081 16 -7143.649265382931
sc2iesm 456709 9 -23714.19164766666
IMscsm 108725 7 -7040.488359353166
IMscns 775290 4 -98392.10170028565
IMns 106213 3 -98283.40467391585
sc1nm 284888 3 -10356.848640961074
sc3ns 379090 6 -98101.57915559589
sc1ns 947575 2 -104638.2428115018
sc11nm 950892 5 -9353.906323741989
IMscnm 217936 6 -9329.842967450504
sc21nm 450860 7 -12163.852538806186
s2msm 574926 4 -7824.445553817392
sc12nm 604529 8 -13330.674328324496
sc2esm 519842 7 -22173.006828927064
sc2ns 393707 4 -98524.59504436745
sc11 659707 7 -6715.659634874623
sc2lsm 531081 7 -7227.765488055385
sc2l 779368 8 -8822.985492223152
s2m 119741 5 -6727.432588884909
sc1lsm 313151 5 -7773.384617547786
sc1l 750923 6 -6454.7801003185305
sc11sm 603531 6 -7825.1365867753875
sc2sm1 986900 9 -5472.059551624404
IMnm 695853 5 -9300.901510651182
sc1sm1 770578 7 -6684.069573236603
s2mi 938429 8 -5881.089353388072
sc3l 73908 11 -5766.173968762951
sc2e 393341 8 -11425.149386970003
sc2iesm 16844 9 -46573.6651310348
sc3emlsm 270452 10 -6588.4208153908885
sc2elsm 174929 7 -6624.566923684239
sc2 642526 10 -6681.950216671016
sc2ilsm 989973 9 -15483.289453033141
sc1il 142682 9 -5557.879576554916
sc3ml2 217932 13 -5395.076875956519
sc3elsm 189076 10 -6862.941906246603
s2mismB 209271 7 -6079.830997523906
sc12imsm 188151 11 -32817.91319870243
sc2il 564295 11 -4819.661625992696
sc1iesm 377696 7 -173581.24499332113
sc3eml 2545 11 -5389.5289725575485
sc3mlsm 756512 10 -7492.104650651262
sc3el 444996 11 -10132.664316672279
sc1ie 639000 9 -18421.995006590518
sc2el 758741 8 -5626.542566572951
sc12ilsm 197893 11 -4906.065852494397
sc1ilsm 276073 7 -6008.154529192535
sc12il 424011 13 -4703.348344681543
sc2iel 75514 11 -16329.351145080842
sc3il 950537 14 -27036.518808116827
sc2ielsm1 914421 13 -4449.59258740688
sc2ielsm2 53182 13 -22761.45744355359
sc3imsm 217670 12 -32264.681404527848
sc3ie 190266 14 -44055.0431822742
sc3iemsm 86414 12 -108028.3638516163
sc3ml 339556 11 -8977.229189701136
sc12im 220268 13 -27681.051671697256
sc1i 183956 13 -5940.46888607105
sc3m 348847 11 -48439.05536154627
sc2ie 789872 11 -4835.318328885867
sc2i 451547 15 -4412.407882326373
sc3ilsm 887841 12 -4923.47574420013
sc1ielsm1 403970 11 -5923.482607406864
sc3ielsm 306398 12 -15556.929145990734
IMsm 8177 6 -6759.60885539022
sc2ielsm 685035 9 -4795.192972894137
sc1esm 344183 5 -9468.365352337567
sc3iesm 660556 12 -74008.06016438385
sc3ielsm2 995957 16 -4472.4366794818825
sc12imlsm1 27456 15 -5775.016830552261
sc3imlsm 791825 12 -5939.42623260287
sc12imlsm2 930491 15 -6507.897372054914
IMsc2sm 810973 9 -6709.549176892635
sc3imlsm2 675055 16 -4377.891341637989
sc12imlsm 348283 11 -13067.857630980207
sc3emsm 586499 10 -9534.712213260838
sc3el2 299130 13 -9671.278718862888
sc3ieml 423046 14 -4424.637812788683
sc12iml 68411 13 -5556.132305103625
sc1 359609 8 -6745.573672536696
sc3em 894780 11 -5353.253937540294
sc3iemlsm 638428 12 -8307.81126096796
sc1ielsm2 809215 11 -5733.248015941348
sc3lsm 141409 10 -11712.529212095398
sc1sm2 907885 7 -8851.890654593297
sc3ielsm1 197251 16 -5035.039532519853
sc3iel 23486 14 -8588.422645026412
IMscsm 875470 7 -6755.462438424859
IMsc2 425309 10 -5487.670231627755
IM 499807 7 -5678.254461509759
sc3imlsm1 214895 16 -4668.433770805853
sc3iemsm2 10277 16 -47599.60564424659
sc3esm 408825 10 -24283.59119990457
IMsc 546256 8 -10641.505230954475
IMiscsm 733795 9 -4877.167604750133
sc3iml 757909 14 -5333.579292037227
sc3iem 502234 14 -32386.26710459924
IMiscsmB 723769 10 -4945.818612014702
IMisc 891190 11 -4479.456078344376
IMisc2 497765 13 -4511.559220278032
IMism 35523 8 -4972.982903815025
IMisc2sm 695283 11 -4913.450279621772
sc2sm2 271035 9 -7251.702227263178
sc3im 815708 14 -27001.467674031603
IMi 563431 10 -4760.654810916669
sc3e 386218 11 -59365.243518066374
IMns 777190 3 -98283.40471109387
sc2ns 775819 4 -98101.64567480075
IMscns 562170 4 -98226.09231535235
sc1ns 4118 2 -104608.88867930417
IMscnm 800816 6 -9305.947041070174
s2msm 844847 4 -7824.437007060672
sc3ns 25180 6 -98101.29856449761
sc1nm 701113 3 -10356.848551148742
sc12nm 356905 8 -13132.07841918637
IMnm 744741 5 -9300.90032558471
sc11nm 547696 5 -9353.908325998143
sc21nm 311186 7 -12070.918890764618
sc11sm 801132 6 -7811.411455787664
sc1lsm 425416 5 -7773.384629679976
sc1sm2 490422 7 -7833.758086387175
sc11 717562 7 -6732.4791685031805
sc2lsm 376042 7 -7014.71835850849
sc1esm 655422 5 -7807.197524318059
sc1l 394252 6 -6454.779064191846
sc2sm2 807478 9 -5685.098149475904
sc1 345980 8 -6515.545292260349
s2m 725673 5 -6727.432660399911
s2mismB 614379 7 -6124.859306603447
sc2esm 252650 7 -6202.7847640170485
sc1il 621736 9 -5576.6550324133195
sc2elsm 734512 7 -6624.567363328471
sc2ilsm 321602 9 -4969.230746862182
sc1ilsm 294171 7 -6008.15299865705
sc2e 743225 8 -23615.72046457162
sc1iesm 674520 7 -31977.980225260333
sc3elsm 926438 10 -10089.852890913759
sc1ie 455241 9 -36988.594044417354
sc2el 424914 8 -5626.541016502482
sc3emlsm 941313 10 -6587.484804026236
sc2 921468 10 -6085.060720058042
sc3ml 550321 11 -5487.095608272779
sc2sm1 725732 9 -5471.807895565062
sc2il 514997 11 -4569.084836397844
sc3esm 276869 10 -22702.20029118011
s2mi 451624 8 -5881.0775974197795
sc3em 570032 11 -5944.92600754381
sc3lsm 103679 10 -7003.033974517705
sc12il 402014 13 -4652.08246665781
sc2l 483041 8 -5771.810913122928
sc3l 880037 11 -6091.669995390969
sc12ilsm 373084 11 -5832.445904854543
sc2ielsm 867603 9 -5896.071434767826
sc3el2 829894 13 -5625.516950195837
sc2ie 767198 11 -8622.521488004968
sc3emsm 889184 10 -11602.518521070562
sc3iesm 873588 12 -40975.706445182084
sc3ml2 484546 13 -6232.6658793228835
sc12imlsm 554593 11 -4926.027348584704
sc1sm1 911342 7 -6454.796147659785
sc1ielsm1 649976 11 -6147.4742017986155
sc3il 799234 14 -4691.089554062002
sc1ielsm2 162366 11 -6280.0790249318225
sc12im 594177 13 -28421.67441770123
sc3eml 502680 11 -5579.343905011024
sc12iml 125345 13 -21371.891980980352
sc3ilsm 597746 12 -5904.564344074034
sc2ielsm1 265715 13 -4447.58363006613
sc1i 710511 13 -5868.736087886232
sc2ielsm2 919044 13 -4719.721358225689
sc2i 352331 15 -4481.279264055151
sc3iel 547225 14 -4525.513468932959
sc3iemlsm 238465 12 -19935.85779205837
sc3ielsm 187971 12 -5084.576002613268
sc3iemsm 385999 12 -46664.45872330081
sc3iem 251195 14 -32882.03175329218
sc3imsm 595201 12 -23817.440680814918
sc12imlsm2 877890 15 -4448.653499674972
sc3imlsm 436692 12 -5522.825073234289
IMscsm 22439 7 -7038.12682705084
sc3m 811215 11 -31656.016243538463
sc3imlsm2 327315 16 -4554.823683970382
IMsc2sm 399320 9 -6701.409590126603
IMsm 367044 6 -6759.18063114899
sc1e 113740 6 -45582.1489113628
sc3ielsm2 18078 16 -6234.078920667971
sc2iel 342263 11 -5343.519681621144
IMsc2 444716 10 -5481.99474489737
IMsc 557077 8 -5695.807056331079
sc3imlsm1 99955 16 -5220.198791984449
IM 560506 7 -5678.255851037405
sc2iesm 685154 9 -27826.12143372397
sc3el 353673 11 -10926.002823525327
IMiscsmB 658326 10 -4820.763381478467
IMi 402026 10 -4767.258021925039
sc3iemsm1 77225 16 -9390.317334099114
sc3msm 598396 10 -8098.141743963005
sc3ielsm1 680022 16 -5652.68367920148
IMism 95540 8 -4972.978268991573
IMiscsm 668255 9 -4872.0856904816765
IMisc2sm 299349 11 -5666.274034409697
sc12imsm 696207 11 -23423.07709847688
sc3ie 956848 14 -36097.13601003481
sc3em2 682079 13 -25146.938357782215
IMisc 435415 11 -4901.543527262982
sc3im 611103 14 -7375.241565485507
sc3iml 740674 14 -6675.5433581901725
sc3iemsm1 126896 16 -31315.96535689299
sc3iemsm2 485755 16 -122375.70285141024
sc3iemsm1 800381 16 -19830.940720874238
sc12im 345789 13 -16628.614835792134
sc3m 709259 11 -32452.332552574873
sc2esm 424981 7 -6204.140968161878
sc1e 750337 6 -24482.642802913615
sc1ie 520513 9 -41430.430840050496
sc3emlsm 279808 10 -6587.334477745262
sc3msm 434819 10 -6028.293120289289
sc3mlsm 4509 10 -7700.143492943313
sc3ielsm 373832 12 -4782.015748650324
sc3im 804685 14 -32082.567186265784
sc3mlsm 681750 10 -6666.2805994052815
sc3iel 544987 14 -4526.6041048202915
sc3e 663233 11 -25508.84096039963
sc3iemsm1 465110 16 -28408.93151937634
sc3em2 498785 13 -11295.504663300195
sc12imlsm1 130455 15 -4866.823476789881
IMiscsmB 592251 10 -4564.757760978012
IMisc 638222 11 -4479.420708310895
sc3e 54668 11 -24546.169224939382
IMisc2 392753 13 -14034.87735022988
IMi 805714 10 -4760.639858802262
IMisc2 297899 13 -4608.228868159551
sc3ieml 931749 14 -5423.656334900005
sc2e 780329 8 -13343.52117881438
