sc1ns 336252 3 -22031.585615991997
IMns 295344 4 -21774.90457399916
sc2ns 537976 5 -21981.3094086671
IMscns 305784 5 -21776.27494452997
sc11nm 775791 6 -2538.991598961085
sc21nm 208217 8 -16555.37409649769
sc1nm 276288 4 -3244.423073334735
sc11sm 621716 7 -2139.526295171511
s2m 782511 6 -2677.4348338218233
sc11 924206 8 -2198.424200376815
sc1esm 399180 6 -13680.25051100089
sc1e 541511 7 -21331.257296916534
sc2lsm 78388 8 -2040.1556049368219
sc1sm2 518860 8 -2165.046956617864
sc12nm 947363 9 -4584.752561724754
sc2elsm 938964 8 -2940.7724289732396
IMscnm 258525 7 -3121.59383512614
sc2el 410829 9 -1682.5438686020989
s2msm 951465 5 -2246.9034848996907
sc2esm 40640 8 -1722.0243323512225
sc2l 437016 9 -2304.4366741330705
sc2e 222690 9 -8080.495551011648
IMnm 591038 6 -3117.432851444825
s2mi 476489 9 -1899.728286845899
sc1sm1 257353 8 -2201.4160923593677
sc1lsm 194993 6 -2227.9698138913777
sc2 877400 11 -1746.6470316793743
sc3esm 839329 11 -19265.637950949444
sc3nm 448551 10 -22070.009946642152
sc3em 554080 12 -1737.6283492033033
sc2ilsm 70103 10 -1592.742270040737
sc3m 461515 12 -4365.722256939404
sc1l 99355 7 -4762.209870717742
sc1 617818 9 -2198.3747987535526
sc3mlsm 342230 11 -1797.8226757594107
s2mismB 8303 8 -1775.782898478993
sc1il 184036 10 -1756.7724604006753
sc2sm2 622465 10 -1649.0255733477452
sc3el2 322608 14 -2257.866489058079
sc1ilsm 85849 8 -1891.4365374768813
sc3ns 321975 7 -21985.944157416372
sc3l 630312 12 -3138.298053120801
sc12imsm 313770 12 -33463.69935224771
sc3eml 147861 12 -2182.5141807377377
sc2ielsm 840366 10 -1544.8368959875477
sc3emlsm 559452 11 -1946.6460546841254
sc2iesm 754630 10 -14191.008838025802
sc1iesm 633358 8 -4580.941449328557
sc2ielsm1 206265 14 -1394.319526850372
sc3em2 721709 14 -4261.46534135715
sc2ielsm2 830987 14 -1387.1143165395508
sc3elsm 589328 11 -2123.930312378603
sc1ielsm2 383411 12 -1807.323907972172
sc1ie 68844 10 -2313.1064803666177
sc3imlsm 714894 13 -8799.982630378558
sc12il 55042 14 -1667.8167464969306
sc3il 726026 15 -1532.4557999787526
sc2sm1 760793 10 -4774.676347035564
sc3im 266170 15 -44120.60445784725
sc12imlsm 341065 12 -1529.1240360334787
sc3ielsm 352479 13 -1641.8672610150647
sc3imsm 40354 13 -28977.507953194716
sc3ml2 527244 14 -2160.382545406218
sc12iml 86305 14 -1464.886086709629
sc2il 653791 12 -4229.178308725748
sc3ilsm 125429 13 -1653.1845182100733
sc2iel 52065 12 -1943.7332592484963
sc12imlsm2 548766 16 -1573.130362265822
IMsc 562087 9 -1847.8398657197663
sc3imlsm2 465279 17 -1452.6959225119444
IM 169385 8 -1854.4567104362925
IMscsm 658859 8 -1872.677610185387
sc3ie 866162 15 -29773.266035254193
IMsm 613296 7 -1865.2183239076248
sc3ielsm1 337995 17 -1573.625380572066
sc12ilsm 565313 12 -2998.540254937496
sc3iel 52044 15 -1684.7859822733449
IMsc2sm 928946 10 -1930.8978657891191
sc3iemlsm 581985 13 -1651.8131571485224
sc3ieml 601729 15 -1940.8175523540845
sc3iemsm2 149890 17 -1904.376058935988
sc1ielsm1 405630 12 -1797.4795608733525
sc12imlsm1 554623 16 -2043.1033903105767
sc2i 94329 16 -1432.3228467015122
sc3e 205400 12 -5627.747876215965
sc2ie 782183 12 -17527.210397258503
sc3ielsm2 568613 17 -1854.0194039118778
IMiscsmB 1711 11 -1520.0688231129793
sc3emsm 779177 11 -10160.036965084175
IMisc2sm 567274 12 -1458.5047906094123
IMisc 765634 12 -1514.0714013403995
IMsc2 447787 11 -2258.9550544514163
sc3lsm 540300 11 -2453.6438090233114
IMisc2 149981 14 -4705.730909996408
IMiscsm 372671 10 -2003.0397050180745
IMism 148375 9 -1576.1956778155495
IMi 928863 11 -1530.303957185229
sc1i 883931 14 -2172.1566215963585
sc3iesm 172092 13 -17789.20242017472
sc3iemsm 80669 13 -1510.3100751570664
sc3iemsm1 838148 17 -7710.76081723078
sc3iem 814511 15 -7775.237550416402
sc12im 978293 14 -8647.592039467872
sc3ml 205237 12 -4911.24073807411
sc3iml 827236 15 -3588.713837408377
sc3msm 462142 11 -18669.37842726854
IMns 687283 4 -21774.895527797275
sc1ns 34377 3 -21981.297576237357
IMscns 754949 5 -21775.233892854863
sc11nm 673889 6 -3246.937980131086
sc2ns 461669 5 -21773.595344116635
sc1nm 285210 4 -3244.4183478586883
sc11sm 81799 7 -3055.7620465387054
sc3ns 714796 7 -21685.797767906093
sc11 553240 8 -2118.2206468993472
IMnm 281293 6 -3117.4572794244013
sc1lsm 495810 6 -2614.4490999336967
sc1esm 763400 6 -3244.4124191988353
sc12nm 980907 9 -2086.8580090267064
sc2l 966278 9 -1994.1289602421325
sc2lsm 516063 8 -2193.757064160339
IMscnm 662396 7 -5412.589887913635
sc1e 638703 7 -10409.23801034356
sc1 96823 9 -2198.9672439290657
sc2el 262388 9 -2998.0211716986228
s2msm 830701 5 -2246.8870660547177
sc1l 714774 7 -2177.7215845535857
sc1sm1 730532 8 -2177.9562609247796
s2m 327052 6 -2198.364220188908
sc3nm 526910 10 -11542.612014441162
sc3lsm 951100 11 -3550.0145297494782
sc2esm 50598 8 -2289.9943888140733
sc2elsm 265988 8 -1789.9584155035811
sc1ilsm 391231 8 -1916.9758255755755
s2mismB 629590 8 -6199.998648189324
sc2sm1 238666 10 -2424.204327165356
sc2e 655162 9 -1806.0326629999113
sc3m 459775 12 -5781.621800574423
sc3msm 460915 11 -5576.60609176278
sc1iesm 180164 8 -6984.21103905741
sc2ilsm 90879 10 -1611.3660240869347
sc1sm2 31605 8 -2246.8485565858387
sc1ie 121298 10 -4786.230286490512
sc1il 760880 10 -1760.6893198696037
sc21nm 254606 8 -3596.981505281407
s2mi 586650 9 -1894.5708272549846
sc2iel 59169 12 -1456.1698546266275
sc3ml2 506314 14 -1714.9200549182642
sc3emsm 961541 11 -1711.7477925723222
sc3eml 767600 12 -1845.4549418248225
sc1ielsm1 855281 12 -1895.5780746134055
sc3el2 683040 14 -1687.4785773327267
sc2iesm 50213 10 -1494.9360178734287
sc2ielsm 586480 10 -1705.557152197384
sc12ilsm 992974 12 -1596.280186024031
sc2 230010 11 -2249.5973818264883
sc12imsm 976069 12 -1461.0554414505514
sc12imlsm 59684 12 -2337.6730602698963
sc3emlsm 477776 11 -2347.6993051099553
sc1ielsm2 15475 12 -1853.0399342917624
sc12il 166424 14 -2082.8491807210653
sc3imlsm 927530 13 -1525.2251739682483
sc2ielsm1 252095 14 -1408.631369970913
sc1i 482815 14 -1758.1222010544575
sc12imlsm2 413746 16 -1423.8033983569621
sc12imlsm1 975285 16 -2180.7723957294547
sc2ie 24269 12 -1444.324501664475
IMscsm 940318 8 -1858.2427104955202
sc3iml 693271 15 -1793.6353554379675
sc12iml 148807 14 -1492.3543835711635
sc12im 44927 14 -1627.9514798596742
sc3ie 562722 15 -8074.89786016409
sc3imlsm1 443558 17 -1386.766751028369
sc3il 216075 15 -1727.44013130234
sc3elsm 508380 11 -6192.344025694827
sc3ielsm 615836 13 -1793.5872758764704
sc3iemlsm 284190 13 -1818.6946291257493
IMsm 719057 7 -1867.902999930794
sc3mlsm 859572 11 -2232.365414670203
sc3ilsm 612182 13 -1494.4625717120064
sc3ieml 766822 15 -1602.6681809653442
IMsc2 706350 11 -1772.6885451040175
sc3iel 74742 15 -1492.1041404549428
IMsc 984800 9 -1890.5022344497102
sc3iemsm1 772140 17 -24569.04877852961
sc3ielsm1 912654 17 -1696.7299409825648
sc3imlsm2 125371 17 -1704.478179635917
sc2ielsm2 301276 14 -1407.324477194994
sc3ielsm2 18975 17 -3608.326082534168
sc3ml 76158 12 -2192.7705514317304
IMsc2sm 887409 10 -1900.2930407090325
sc3imsm 27439 13 -7582.303143832713
IM 383205 8 -1853.658882168455
sc3iesm 376288 13 -6135.791163739908
sc2il 275904 12 -1591.7218814260304
sc3em 535 12 -2270.069062538936
sc3iemsm 566710 13 -9246.312290981381
sc3l 335014 12 -2272.624663855515
IMisc2 853522 14 -1459.974895394589
IMi 755299 11 -1558.1783949786857
IMisc2sm 515950 12 -2862.3692902731677
IMiscsmB 896406 11 -1511.6051664526121
IMisc 635032 12 -1514.034521549143
sc3iem 610668 15 -3320.0987604119005
IMism 457320 9 -1576.22291992012
IMiscsm 769368 10 -1519.7085547410024
sc3e 1516 12 -20417.96270422742
sc3em2 427056 14 -14044.193780323454
sc3esm 281700 11 -5109.5631557899105
sc3iemsm2 580271 17 -1793.010396911783
sc2sm2 703468 10 -2250.79339732229
sc2i 210504 16 -1852.9336013216844
sc3im 685085 15 -3264.030139664979
IMscns 435126 5 -21997.508786020444
sc1ns 566860 3 -21981.317246746694
sc1nm 710908 4 -3244.425652915814
sc11nm 414126 6 -6351.362346243694
sc2ns 354499 5 -21675.62365465351
sc3ns 715679 7 -21736.57717738476
IMns 827716 4 -21774.912348107886
sc1esm 749937 6 -3244.3999070010777
sc2lsm 677266 8 -2040.5666565935596
sc2elsm 998188 8 -1790.9817487080256
sc12nm 511126 9 -3263.118566317259
sc1lsm 934676 6 -2227.95284636462
sc11sm 780628 7 -2251.469800589457
sc2l 420316 9 -1994.1148115982633
sc21nm 564662 8 -2418.2157393965495
IMnm 815063 6 -3117.4355325704482
sc2e 575270 9 -1796.1030646330496
sc1e 190191 7 -3243.071687103871
sc11 244966 8 -2199.1805637148623
sc2sm2 559909 10 -1657.8390396915656
sc2 83463 11 -1646.9422214983406
sc1l 538377 7 -2177.7075441489933
s2msm 490469 5 -2246.887607564079
sc1iesm 942481 8 -13392.906996991529
sc2sm1 611607 10 -2173.9383381711395
sc3msm 950836 11 -1671.3986735232443
IMscnm 42820 7 -3117.3199997175425
sc2ilsm 52884 10 -1592.5527173049177
s2m 187571 6 -2198.335860619944
sc3lsm 773988 11 -2364.3554726595944
sc2ielsm 320044 10 -1456.8111472818828
sc1il 645766 10 -1751.4652890177674
sc3elsm 605429 11 -1900.292710908893
sc3l 476669 12 -2221.1423384021473
sc2el 227728 9 -1682.4080424962526
sc1ilsm 35775 8 -1891.1917173536808
s2mi 525479 9 -1904.6133753444756
sc3ml2 191091 14 -1654.1808451326929
sc2esm 806259 8 -2481.795988734135
sc12ilsm 463709 12 -1592.9161746592044
sc3nm 514119 10 -3110.8634022633505
s2mismB 366887 8 -1896.0859163521977
sc1sm1 715783 8 -2198.3516380057363
sc2iel 767140 12 -6714.6332958781795
sc3emlsm 467770 11 -3289.8258006834535
sc3mlsm 537397 11 -2110.806447568608
sc1ie 472378 10 -10141.16671540603
sc2iesm 174667 10 -1851.2821903220085
sc2il 125536 12 -1891.3718543885022
sc3eml 832409 12 -1995.865391290167
sc1sm2 922805 8 -2159.7072653174596
sc1ielsm1 205741 12 -1774.3805650223633
sc1 171332 9 -2198.483999499022
sc3em2 651737 14 -3138.7950545635085
sc12il 178760 14 -1584.9186337636488
sc3ilsm 190761 13 -1495.0369583648765
sc3imsm 932401 13 -1425.8469169567834
sc2ielsm1 99503 14 -1409.021687649023
sc12imlsm 273842 12 -1718.865624769701
sc12imsm 416600 12 -1448.466377109929
sc3imlsm 336216 13 -1451.5568184135147
sc2ielsm2 196848 14 -1818.5129246522802
sc3im 396676 15 -20112.44948157458
sc12imlsm2 206892 16 -1390.0295074702603
sc3iemlsm 792156 13 -4357.611660353168
IMsc 372772 9 -1843.499720055147
sc3iemsm1 487454 17 -28631.99381870361
sc12iml 457846 14 -1571.5416487423354
sc3ml 196897 12 -4754.845844809026
sc1ielsm2 24022 12 -2252.870827770747
sc3iemsm 51189 13 -3047.092088615919
sc3imlsm1 890310 17 -1420.9486438941253
sc3iel 388559 15 -5082.519569943472
sc12imlsm1 14960 16 -1697.8583178821054
sc3imlsm2 75690 17 -3762.5800408010227
sc3ielsm1 536807 17 -1577.1271097379679
sc3ieml 171838 15 -1916.626298920458
sc3iml 138478 15 -1530.3935044530292
sc3iemsm2 417689 17 -4098.50929455058
sc3emsm 515983 11 -8018.830650984826
sc12im 613590 14 -1561.7970100126308
IMsm 852289 7 -1864.7998931317006
IMsc2sm 836596 10 -2838.8130548429763
sc3esm 349341 11 -10205.778014856196
sc3m 766130 12 -8178.932022158927
sc1i 892291 14 -2043.07015009331
sc3em 756241 12 -2770.8678874815073
IM 982169 8 -1853.5398312163506
IMism 915259 9 -1576.46309709641
sc3iem 174866 15 -2581.6880387239826
sc3ielsm2 141163 17 -1418.0781872071245
IMiscsmB 626084 11 -1519.7754900546283
IMi 924654 11 -1576.111116731123
IMiscsm 820502 10 -2279.6475601143184
sc3el2 217323 14 -2150.672051041045
sc3iesm 575892 13 -29611.192701314263
IMisc2sm 841178 12 -1653.553739912586
IMisc2 253142 14 -1568.9169871686772
IMisc 874509 12 -1787.754589378961
sc3ie 893028 15 -12024.199743557581
sc3ielsm 996518 13 -6024.501535463027
IMsc2 826133 11 -2112.982399374293
IMscsm 907901 8 -2220.375222690449
sc3e 485124 12 -30640.729927070006
sc2ie 364541 12 -7929.792722010583
sc3il 408531 15 -3460.530763417274
sc2i 135634 16 -1659.2181678785055
IMns 979110 4 -21773.85098079357
sc1ns 679967 3 -21981.295992797353
IMscns 758042 5 -21774.59667106076
sc1nm 818900 4 -3244.4247306750467
sc2ns 787377 5 -21679.924826501578
sc3ns 140688 7 -22026.334554710684
sc1esm 295842 6 -2697.01735530914
sc11nm 212825 6 -2542.030253524566
sc1 541706 9 -2845.631429403145
IMscnm 541483 7 -3115.6431918630306
sc11sm 436440 7 -3100.510543560985
sc2e 414756 9 -1710.9795869497102
sc12nm 2459 9 -7439.90384109714
sc1sm1 6644 8 -2632.933044531818
sc1e 204521 7 -3808.283251261515
sc1l 167052 7 -2179.3305599952428
sc2sm1 388066 10 -1959.8119943688375
s2mi 332798 9 -1894.677903565395
sc21nm 760564 8 -2659.1205359522833
s2m 719149 6 -2198.3434041259097
sc1lsm 844907 6 -2228.0024546692534
s2msm 358239 5 -2246.987470922214
sc3nm 23273 10 -3106.2219816940005
sc2el 330467 9 -1682.3903509617594
sc1ilsm 815252 8 -1891.1843976256528
sc2sm2 130561 10 -3238.4806000290287
sc2 551287 11 -2095.226878013968
sc2lsm 91282 8 -2040.3137377126359
sc3emsm 536262 11 -1710.3151392841114
IMnm 861667 6 -3117.397951349065
sc2ielsm 906439 10 -1457.1705939288681
sc3e 564315 12 -20036.096187618354
sc1iesm 83769 8 -10012.223350055356
sc2iesm 428504 10 -4878.334114938807
sc2ie 624585 12 -16116.31587856992
sc3mlsm 761212 11 -2508.3989936400667
sc3lsm 258058 11 -1931.029084832602
sc2elsm 446068 8 -2192.637955462965
sc3em 272837 12 -1807.4200241130056
sc12imlsm 804469 12 -1419.9195217034078
sc3l 665204 12 -1921.4083860336561
sc3em2 37501 14 -1760.484064559451
sc1ielsm1 152407 12 -1891.4016932349466
sc2iel 544937 12 -1466.1577836425188
sc3m 106482 12 -2111.8450378513826
sc3emlsm 385470 11 -1819.019054334627
sc1il 14040 10 -1824.956409043481
sc12imsm 818875 12 -8492.457194378201
sc12il 429033 14 -1426.1017168773883
sc3ml2 270974 14 -2096.728870837424
sc1ie 624173 10 -5817.399057782024
sc2il 906125 12 -1679.9649583378243
sc3iesm 806875 13 -16016.991362885628
sc11 543426 8 -2231.7801327365123
sc12im 697474 14 -15797.238357747878
sc12ilsm 763736 12 -1597.0317234080733
s2mismB 805267 8 -1900.8948579853973
sc3ilsm 366001 13 -1491.2542641065093
sc2esm 480246 8 -2473.7198252187527
sc2ilsm 77654 10 -1592.4793697602022
sc3iemsm 418649 13 -1406.5216146191647
sc2ielsm1 795687 14 -2120.235631834068
sc3im 718190 15 -17205.29308263927
sc3esm 530705 11 -4493.302114623592
sc12iml 558148 14 -1462.0261796741947
IMsm 18415 7 -1870.1702456962753
sc12imlsm1 971405 16 -1426.2815282996692
sc1i 436102 14 -1895.8303136459735
sc3imlsm 408691 13 -1474.3704730716877
sc3iemsm1 943727 17 -1397.0064175749465
IM 486 8 -1854.5742570083876
sc3ielsm 256845 13 -1816.4497621557648
sc3ielsm2 404328 17 -1426.1308032092115
sc3imlsm2 127633 17 -1434.7356159514898
sc3il 468793 15 -1586.8574919351659
sc3imlsm1 802765 17 -1680.7789227576611
sc3imsm 968715 13 -3329.169481169308
sc3msm 537315 11 -15132.7691481302
sc3iml 965272 15 -2285.83781613438
sc1ielsm2 788994 12 -1871.0840545559877
IMsc2 922758 11 -1768.6908224935291
sc3ielsm1 554306 17 -2096.7724723808146
sc2l 126347 9 -4945.089800648784
sc3ml 730218 12 -1736.301805909986
sc3iemlsm 93819 13 -2516.7409510874213
IMsc2sm 698916 10 -1837.6356600752754
sc3ieml 562490 15 -1680.386901114226
IMscsm 495592 8 -1858.24660361131
IMiscsmB 839226 11 -1519.6570234806509
IMsc 114932 9 -1843.4804792311727
sc3el2 666390 14 -1994.2428098227037
sc12imlsm2 584959 16 -1788.6249209183798
IMism 216830 9 -1934.9374127946876
IMisc 580357 12 -1514.3386320683558
IMi 718585 11 -1605.131272674061
IMisc2 288978 14 -2827.0932646219712
sc2i 720423 16 -1774.6425892050406
sc1sm2 986951 8 -2134.5790130009045
sc3eml 508204 12 -2224.7278563280975
IMisc2sm 752875 12 -1721.5534121261123
sc3iemsm2 368863 17 -12563.785787008237
IMiscsm 57988 10 -1519.7018786813524
sc2ielsm2 469825 14 -1576.0809129151148
sc3elsm 74729 11 -3440.1685198441473
sc3iel 646793 15 -2140.3740597926812
sc3ie 96962 15 -12343.176180454382
sc3iem 26704 15 -9048.534431403801
IMns 802970 4 -21773.884476082043
sc2ns 796636 5 -21705.913404733426
IMscns 988947 5 -21777.00846400857
sc1ns 176185 3 -21981.32591389704
sc1nm 503913 4 -3244.433900767077
sc3ns 893179 7 -21709.707465795254
sc21nm 774255 8 -2538.90831326772
IMnm 16812 6 -3117.462082153404
sc11nm 639634 6 -2541.9185142384135
sc11 752827 8 -2201.2409675557865
sc2l 140483 9 -1994.2104278770294
sc1e 147323 7 -9719.788865835084
sc2elsm 932682 8 -1789.9677958711707
sc2esm 89136 8 -6612.221638475738
sc1l 352285 7 -2195.1283297944337
sc12nm 493996 9 -15821.97347248796
s2m 906811 6 -2198.3543733355486
sc2lsm 949610 8 -2132.128993321856
IMscnm 968580 7 -3114.784543093676
sc2e 581856 9 -16191.237948325554
sc1 398254 9 -2422.752559716077
sc2 164028 11 -1646.424661629898
sc2sm2 400178 10 -2344.7991290222867
sc11sm 402680 7 -2246.65669638687
sc1ilsm 240963 8 -1891.3334728973039
s2msm 757781 5 -2246.884567508064
sc3nm 912532 10 -27412.23329800388
s2mi 439991 9 -1955.1552312394904
sc1iesm 690838 8 -4711.733659302612
sc1sm2 163589 8 -2246.3914766762423
sc2ilsm 991147 10 -1592.9562351208951
sc3l 959795 12 -1976.6453216061773
sc1lsm 521120 6 -2227.941766001874
sc3emlsm 76912 11 -1790.0494104869076
s2mismB 938721 8 -1776.20802334036
sc3ml 188275 12 -1737.0245721877682
sc3mlsm 968422 11 -2461.752302722612
sc2il 823572 12 -1591.906160993339
sc3lsm 134837 11 -3156.5983560065624
sc3eml 125856 12 -1942.8076533995115
sc2iesm 918732 10 -9906.604681729657
sc3msm 645887 11 -3010.6274947589372
sc3ml2 741966 14 -1638.85048787147
sc2ielsm 621522 10 -1732.1143275449253
sc12imsm 500796 12 -1449.5287785728988
sc3el2 827255 14 -2532.2055503238316
sc3em 14882 12 -1981.3330441005169
sc2ie 820315 12 -7995.86307760459
sc12imlsm 65460 12 -1444.3295932789201
sc1sm1 997425 8 -2198.3111627681637
sc2ielsm1 659015 14 -16054.965567877123
sc1ielsm1 241539 12 -1751.5373283201884
sc3iesm 563043 13 -82932.02968802345
sc1ie 710099 10 -1894.374570588625
sc12ilsm 799810 12 -1593.804128308335
sc12il 889971 14 -2026.1575191167844
IMsm 796717 7 -1870.9226514443849
sc12iml 715233 14 -3052.988212190805
sc3imsm 652920 13 -5782.963783940968
sc1ielsm2 553045 12 -1904.817472596915
sc12imlsm1 199946 16 -2559.883918791241
sc3ielsm 338258 13 -6114.499559640084
sc3iemlsm 432732 13 -1450.5129927578387
sc1il 455801 10 -1749.9263197338346
sc3ie 565509 15 -7494.225978744447
IMscsm 425543 8 -1858.357444744836
sc3ieml 877542 15 -1455.4316137863161
sc2el 190381 9 -2146.373204713251
sc3imlsm 363978 13 -1724.2109309857224
sc2ielsm2 917800 14 -1432.1221594859771
sc12imlsm2 279614 16 -1695.25958818424
sc3iemsm 670092 13 -24951.712304252727
sc3iem 783620 15 -3279.2656328872845
sc3iemsm1 72495 17 -3831.183718557776
sc3iml 987569 15 -1475.8853473382205
sc3esm 656239 11 -2103.8132599850696
sc3imlsm1 512582 17 -1973.8552101464884
sc1esm 418597 6 -13109.958923798067
IM 160890 8 -1925.9116813106305
sc3ilsm 318716 13 -2180.0494409449548
IMsc2sm 913361 10 -3340.8780668466775
sc3il 197911 15 -4304.434028779189
sc1i 67419 14 -1781.5321407942947
sc3em2 920150 14 -1857.5168679504827
IMism 663833 9 -1576.4439061184976
sc3ielsm1 31789 17 -3769.2953236025837
IMiscsm 842172 10 -1519.7123565243105
IMsc 450659 9 -1987.6134888710972
sc3im 120931 15 -2190.3066150447676
IMisc2sm 167782 12 -1456.2089356754745
IMiscsmB 415772 11 -1850.579315805919
IMsc2 495539 11 -1984.3229983145354
IMisc 269527 12 -1555.455824470887
sc3ielsm2 853840 17 -2055.1937536149817
sc2iel 600577 12 -1809.9151204763198
IMisc2 818445 14 -3592.6076497561025
sc3e 359469 12 -10918.610011673316
sc3imlsm2 573095 17 -1871.6529170781678
sc3emsm 159674 11 -1770.043497634449
sc12im 898345 14 -2839.448808805174
IMi 899986 11 -1517.810373650157
sc3iel 731666 15 -3547.5172619287846
sc2i 123182 16 -1570.3759200656275
sc2sm1 172050 10 -5039.539448782492
sc3m 787891 12 -8688.25097804297
sc3iemsm2 793142 17 -9299.46677029959
sc3imlsm1 133689 17 -1674.151401012372
sc3elsm 932282 11 -2692.1824526133582
