sc1ns 549523 2 -1416.9968106194285
IMns 340241 3 -1402.7568140652152
IMscns 402179 4 -1435.0465303063381
sc3ns 241244 6 -2079.133217337611
sc2ns 800613 4 -1399.2575955872155
s2m 686112 5 -610.4560669331834
sc1nm 275860 3 -1520.0333580846502
sc1l 432863 6 -609.5553062907298
sc11sm 157587 6 -633.4016182040992
sc1e 692502 6 -1069.3022315636754
sc11nm 894223 5 -608.4274865195152
s2msm 568918 4 -614.6004822680552
sc1esm 530839 5 -686.2484684478652
sc1sm2 165196 7 -614.5928983907679
sc21nm 212786 7 -608.1099614930395
sc1lsm 367742 5 -613.1473277293422
sc11 858729 7 -604.1408123140641
IMnm 152453 5 -602.2018060388918
sc2sm2 673964 9 -548.6939807270548
sc2e 163441 8 -1207.6135795593834
IMscnm 796912 6 -926.1576646838987
sc2sm1 678436 9 -549.3221453723647
sc2elsm 680547 7 -559.1930167577366
sc12nm 631979 8 -624.1163917836275
sc2 132757 10 -552.3658715280891
sc2el 289833 8 -1014.7760836853201
sc2esm 482934 7 -623.3961957710457
s2mismB 557108 7 -1469.6755563624415
sc1ilsm 103549 7 -599.954229177872
sc2lsm 203998 7 -562.8099339909768
sc2l 153244 8 -570.8937240168196
s2mi 422823 8 -934.0543240366511
sc3lsm 112865 10 -659.4681175030205
sc1iesm 470045 7 -827.1739052783628
sc3eml 293338 11 -563.6809737755336
sc3msm 614786 10 -576.9083959591928
sc3emlsm 253077 10 -914.5475356153597
sc1 489504 8 -608.602280396781
sc1ie 738027 9 -1405.9649408993037
sc3l 528326 11 -574.1688706822813
sc2iesm 420613 9 -2003.2527813002155
sc2ie 67764 11 -1789.2356555882461
sc2ilsm 476038 9 -969.4768965964213
sc3e 402010 11 -607.9696588022156
sc2il 770616 11 -540.4353269184762
sc3ml2 119265 13 -542.9428724935796
sc2ielsm 717499 9 -554.0006144002634
sc1ielsm2 239406 11 -601.1052940729177
sc12imsm 976354 11 -727.4627269565101
sc3emsm 738938 10 -2018.8056490379925
sc12im 141593 13 -2901.83041471088
sc2iel 305181 11 -542.8038271203939
sc12ilsm 889238 11 -545.5968943125335
sc1ielsm1 443999 11 -646.8196316983731
sc2ielsm1 413235 13 -541.1267526067278
sc12il 669592 13 -831.8232640268474
sc3iesm 886662 12 -3454.031676590348
sc2ielsm2 105523 13 -782.3061659691522
sc3imsm 840287 12 -663.9789780107561
sc1il 799275 9 -868.8226187549336
sc3iemlsm 22427 12 -543.9147866655182
sc2i 398874 15 -752.4037675438781
sc3ielsm 470769 12 -544.2373177100926
IMsm_ 722630 6 -616.9228850233012
sc3imlsm 208342 12 -630.8505110207315
sc3iemsm 492271 12 -979.6782204043244
sc12iml 517842 13 -826.6182447324034
sc12imlsm2 638507 15 -539.4122847414362
sc3iemsm2 473792 16 -2804.8634592433878
sc3iml 280913 14 -615.3350509028921
sc1i 131047 13 -611.5055572652071
sc3iel 232377 14 -541.4225018439339
sc3el2 777396 13 -551.0470885202802
IM 974131 7 -579.226856253861
sc3im 517319 14 -953.4756877919162
sc12imlsm 266130 11 -544.91201163232
sc12imlsm1 344309 15 -541.2930868480518
sc3ilsm 508272 12 -742.9314385906785
sc3iemsm1 667899 16 -974.4343663417839
sc3ie 426752 14 -1751.223522745388
sc3il 858449 14 -569.2520213601043
sc3ielsm1 928515 16 -650.9616339660879
sc3elsm 499639 10 -998.1207255175983
sc3ielsm2 880062 16 -753.1099504790784
sc3el 380329 11 -910.6120802056868
IMism 506612 8 -554.8134367673384
sc3imlsm1 681448 16 -563.943635454347
IMiscsmB 378416 10 -538.9625317374519
sc3iem 340494 14 -733.8095815385194
IMsc 407259 8 -1002.3376964306717
IMiscsm 913140 9 -821.0666213910455
sc3ieml 365556 14 -567.4399812077357
sc3mlsm 9055 10 -1596.5044369947375
IMsc2 305269 10 -557.4635926782369
IMisc2sm 157418 11 -557.4029693179075
IMisc 41792 11 -538.7025093586793
sc3m 40552 11 -1029.062120177442
sc3em2 196278 13 -596.1001498221821
IMi 360597 10 -550.747807980687
sc3imlsm2 152616 16 -517.8809689243393
IMscsm 519143 7 -688.3032988434933
IMsc2sm 406937 9 -700.8422380790662
sc3esm 51275 10 -2264.7700706226237
IMisc2 995519 13 -590.1056073527668
sc1sm1 681547 7 -913.3300186876907
sc3ml 212197 11 -866.8328395576418
sc2ns 26261 4 -1399.2576205857367
sc1ns 652356 2 -1416.996810260114
IMns 927037 3 -1402.7568132269573
s2msm 500697 4 -614.6006350657428
sc11nm 949328 5 -942.2673598802094
sc1nm 48266 3 -633.5827257335478
IMscns 468889 4 -1402.7571212121993
sc1lsm 687930 5 -613.1474303005576
s2m 458772 5 -610.456059356453
sc3ns 985777 6 -1416.9971965092152
IMnm 13106 5 -849.5944297750732
sc1l 893388 6 -613.8489841445637
sc1sm2 761539 7 -864.7521792590852
sc1e 571053 6 -613.0057959406257
sc11sm 259965 6 -605.0450091003215
sc11 117312 7 -610.4694364014041
IMscnm 93940 6 -597.3723741641612
s2mismB 396985 7 -1327.9454494969655
sc2e 913436 8 -741.2528826990515
sc2sm1 559226 9 -549.5147691392218
sc21nm 48339 7 -633.5826725943697
sc2esm 790866 7 -1024.5428195221486
s2mi 217401 8 -1048.4067460006374
sc2 267275 10 -549.1216893426431
sc1 887120 8 -783.0954956897009
sc2lsm 534074 7 -562.7977240523394
sc1esm 898793 5 -613.5946682516396
sc2sm2 395842 9 -602.7700211371155
sc12nm 28299 8 -946.3790613942168
sc1ilsm 501532 7 -600.9782843888752
sc2l 76928 8 -577.4126296643017
sc2elsm 856064 7 -559.1471521136809
sc3mlsm 355537 10 -641.2838898964491
sc1sm1 474863 7 -610.4582585443525
sc3elsm 46500 10 -709.5248511392876
sc3lsm 171107 10 -1138.1008303597744
sc2el 880150 8 -578.2849282245186
sc2ielsm 552670 9 -543.7576077143754
sc1iesm 268475 7 -633.509245685318
sc1il 594514 9 -601.0467980032756
sc3el2 38317 13 -559.4639785751152
sc3em2 108222 13 -568.1669559922524
sc3eml 371392 11 -555.5748015220408
sc3el 778182 11 -553.6403137222057
sc1ie 712320 9 -1962.3886979710192
sc2ilsm 678851 9 -543.2455492853086
sc2iesm 179727 9 -1404.7029265480128
sc3e 512267 11 -624.4662030181853
sc3l 650775 11 -910.6231213889615
sc12imlsm 474777 11 -544.3867719094358
sc12il 545126 13 -1477.0557448933453
sc12ilsm 216722 11 -1825.8848190169754
sc12imsm 751666 11 -869.3714700828125
sc12im 327570 13 -764.9249448470043
sc2ielsm1 525394 13 -668.4106297345428
sc3imlsm 755996 12 -1924.500774213923
sc2i 812270 15 -1015.5687982756796
sc3iemsm 744029 12 -1622.4967723499963
sc2il 159618 11 -539.4764958689289
sc12imlsm2 801686 15 -2176.651178474428
sc3il 526679 14 -557.1716650833988
sc3m 833109 11 -1903.1620469656425
sc3im 125964 14 -1262.8201205156238
sc12imlsm1 936999 15 -550.158060213754
sc3ilsm 689651 12 -652.4508117943104
sc3iemlsm 234250 12 -540.9677773498636
sc3iel 712131 14 -1341.5086099837777
sc1ielsm2 949088 11 -601.133897013701
sc2ielsm2 824032 13 -553.3295525782829
sc2iel 734530 11 -538.8398876191353
sc1ielsm1 561735 11 -601.7134093648308
sc3iml 903568 14 -529.9123916431431
sc3ielsm 861737 12 -550.0001537414357
sc3ieml 151692 14 -548.563548570541
sc12iml 273503 13 -603.262380203642
sc3ielsm2 403110 16 -922.0371624913519
sc3iemsm2 589189 16 -1671.974820987514
IM 880913 7 -571.7604077307267
sc1i 768110 13 -593.0725412081166
sc3iemsm1 564555 16 -1038.464334007668
sc3iem 422490 14 -732.5999541110758
IMsc2 627177 10 -758.413901744744
IMsm_ 879278 6 -569.1956607369273
sc3ml 528072 11 -705.6556732192379
sc3ielsm1 27794 16 -535.0946721822446
IMsc2sm 951250 9 -571.247695233792
IMsc 309721 8 -556.9037312040903
sc3emlsm 767144 10 -597.9616936840446
IMisc 185919 11 -546.3087398235001
IMiscsm 515059 9 -546.9682688804535
IMism 111872 8 -554.8104797960707
IMi 27071 10 -555.8898433195966
IMisc2 593716 13 -2087.342579745602
sc3imlsm2 808983 16 -524.4403548986382
sc3ml2 993009 13 -597.9614648513618
sc3esm 271893 10 -1130.5316562717405
IMiscsmB 673946 10 -584.5600468008706
sc3ie 333024 14 -1071.583850402395
sc3iesm 417588 12 -2641.3831151917516
sc3imlsm1 167557 16 -852.5884841410881
sc3emsm 819573 10 -1178.8375014620012
IMscsm 647734 7 -688.0006193285335
sc3msm 476736 10 -727.0511749393394
sc2ie 843831 11 -732.9302468796137
IMisc2sm 667053 11 -725.9111108981054
sc3imsm 320676 12 -1122.6832049187751
sc2ns 473207 4 -2079.131640198368
sc1nm 584578 3 -633.5827264072722
sc1ns 306679 2 -1416.9968101100067
IMns 753492 3 -1402.7568140641586
IMscns 969132 4 -1402.760832530753
sc3ns 522253 6 -2079.1316401868385
sc11nm 35996 5 -633.5874570312147
sc21nm 198262 7 -606.7514308379867
s2msm 46603 4 -614.6006344723447
s2m 742328 5 -610.456059390872
sc1l 966961 6 -609.5553172378789
sc1e 744402 6 -1311.7430520716484
IMnm 193274 5 -602.1234833070956
sc11 535189 7 -604.6217689269774
sc1sm1 698624 7 -610.6324648323052
sc12nm 163002 8 -1712.058850961012
sc2lsm 367957 7 -859.0829176042691
s2mismB 402105 7 -700.4243443500164
IMscnm 234785 6 -972.6156371964821
sc1sm2 356959 7 -612.4489912442203
sc1lsm 640285 5 -613.1473210631127
sc2esm 327420 7 -691.131890109067
sc2sm2 95799 9 -549.5296618446494
sc2l 926428 8 -759.5440934213052
sc11sm 400482 6 -614.6033546117648
sc1ilsm 580160 7 -601.087106708429
sc1esm 119120 5 -613.5945082496331
s2mi 929008 8 -852.694317855743
sc2sm1 697714 9 -552.720355569295
sc3l 454590 11 -563.783135177672
sc3lsm 149061 10 -565.1156301255589
sc1iesm 728187 7 -671.0504477765836
sc3ml 657666 11 -554.1864238293836
sc2iesm 836987 9 -1020.7818752217759
sc1il 48032 9 -1328.8687586900583
sc3mlsm 388999 10 -704.4014731575629
sc2ielsm 520446 9 -543.4284718821579
sc12imsm 22345 11 -1402.9006704492842
sc1ie 389795 9 -648.1635053445623
sc3em2 223352 13 -1178.5220740859725
sc3el 324706 11 -561.7634677765545
sc3el2 996439 13 -548.9230141908434
sc2ilsm 279944 9 -561.6817485748229
sc3esm 468921 10 -812.9483778793754
sc3ml2 944340 13 -539.4533831582816
sc2ie 640558 11 -832.9050045274716
sc3eml 417148 11 -565.9855309481779
sc2 533293 10 -910.675811282036
sc2il 401744 11 -540.3500690670389
IMsm_ 344512 6 -569.1662259697993
sc2iel 562464 11 -538.4873876244839
sc12ilsm 680539 11 -544.8348192910959
sc1ielsm1 130293 11 -601.0579367204683
sc1ielsm2 728354 11 -774.760812115886
sc12im 380113 13 -771.9189862214768
IM 734526 7 -568.5518485365363
sc1 103487 8 -606.1546820948151
sc12iml 999936 13 -556.567311632076
sc12imlsm1 821095 15 -788.4250405400508
sc12imlsm 69786 11 -563.0944616878978
sc3iesm 297331 12 -1531.0090643276633
sc3iml 151625 14 -1692.9760515331163
sc3ilsm 923026 12 -568.3948600516333
sc3iem 964186 14 -1625.1678566670857
sc3ie 242737 14 -819.0998788472141
sc3im 635667 14 -1936.2284595855767
sc3il 421408 14 -1319.9981740625972
sc12imlsm2 139168 15 -539.7216432921366
sc2ielsm1 295068 13 -545.5619373292275
sc3iemlsm 713785 12 -784.0416914166158
IMscsm 307933 7 -1114.9402823304526
IMsc2 878135 10 -556.8380626578371
sc3ielsm 847909 12 -543.3774675623768
sc3iemsm2 997659 16 -1314.6835121272143
IMsc2sm 981734 9 -714.1925535566136
sc3iemsm 665973 12 -583.8863502546516
sc3iel 688129 14 -538.3349473165835
sc3ielsm1 819017 16 -848.9746061741222
sc3iemsm1 326219 16 -3101.3732664058844
sc2e 867141 8 -686.0426065643125
sc3imlsm1 765172 16 -542.7582087578821
sc3emlsm 876489 10 -732.4210389142233
sc2elsm 91548 7 -736.7324048351339
IMiscsm 977216 9 -1915.029182748326
IMism 668228 8 -848.3451349403191
sc3imlsm 348881 12 -722.0459325757482
sc2ielsm2 142456 13 -568.3829657778207
sc1i 734323 13 -635.7076442765042
sc3m 574675 11 -898.0643229786789
sc3e 196662 11 -586.4797325888894
sc3elsm 370996 10 -750.0320717786393
IMisc2 687096 13 -1179.3309012782056
sc3msm 180961 10 -659.2789442583529
sc2i 41217 15 -531.6897848809704
IMiscsmB 614167 10 -550.8768867933912
sc3imsm 745874 12 -1599.4253129293954
IMisc 469045 11 -916.9664575307054
IMi 334450 10 -551.1670262940768
sc3ieml 381412 14 -761.2349312737983
sc3emsm 226294 10 -1002.0462769785015
sc2el 146777 8 -794.0244352960731
IMsc 467532 8 -660.5654383744392
sc3imlsm2 2897 16 -571.6955622915056
sc3ielsm2 889314 16 -551.3628073950608
IMisc2sm 253289 11 -634.1693342378984
