IMns 203921 3 -753.0405470126398
sc1ns 604378 2 -768.2335647288716
sc2ns 188167 4 -747.1923261324016
IMscns 930001 4 -746.8002472974587
sc3ns 201122 6 -888.339562973843
sc11nm 59175 5 -1137.2519526395233
sc1nm 406354 3 -605.4294461190221
sc21nm 742659 7 -1071.828423163523
s2msm 494173 4 -552.3273553144214
IMnm 411601 5 -601.4591423474956
sc11 907831 7 -540.9788578512968
sc11sm 788359 6 -552.3278016636934
sc1esm 485986 5 -1136.9722281047207
IMscnm 578187 6 -599.0353377871427
sc2lsm 540618 7 -1077.8115647940945
sc1e 380346 6 -778.0347115219055
sc12nm 974778 8 -669.8166127089744
sc2elsm 876940 7 -513.3257167449087
sc1l 652895 6 -609.8340040685225
s2mismB 721877 7 -1735.579449963012
sc2l 529779 8 -585.841561635437
sc2sm2 127796 9 -509.57999631250345
s2mi 596588 8 -551.533663163987
sc2 177674 10 -508.8291912156824
sc2el 370841 8 -728.8032169616209
sc2sm1 311226 9 -529.3546963222648
sc2esm 852678 7 -516.4779045219195
sc1sm1 936174 7 -651.6342180515268
sc1iesm 688662 7 -2173.7005355334068
sc3lsm 196986 10 -563.4753543986814
sc1lsm 29323 5 -544.418730618596
sc2ilsm 368364 9 -516.0853908725638
sc3e 102885 11 -1291.7247963301356
sc1ilsm 337127 7 -544.7354368330203
sc1sm2 414533 7 -629.9615360050558
sc3esm 294301 10 -1345.060344496102
sc3elsm 216815 10 -565.6426245405684
sc3msm 749405 10 -621.1130518173036
sc1ie 394085 9 -705.9064423012153
sc3mlsm 93456 10 -819.4027012705014
sc2il 244445 11 -1421.7992011501547
sc2iesm 416001 9 -623.5805962936582
sc1il 546679 9 -577.9209039049912
sc2ielsm 426802 9 -506.9944843938981
sc2ie 420187 11 -2389.2186372009924
sc3el2 28106 13 -507.05208451728464
sc1ielsm2 632621 11 -1247.1330345097178
sc2iel 766004 11 -987.0543868288669
sc12imsm 926499 11 -959.5961787777139
sc1ielsm1 926029 11 -540.7198772353387
sc12ilsm 227442 11 -545.1390811779617
sc12il 342977 13 -1020.550325368642
sc12imlsm 731808 11 -1906.2335186582964
sc12im 319908 13 -690.103761010686
sc3eml 631000 11 -516.182952644464
sc3imsm 881431 12 -1564.1372620775946
sc3ielsm 295054 12 -1627.3023750863663
sc2ielsm1 134544 13 -715.9532005303101
sc12imlsm2 986070 15 -507.2935492775379
sc2e 579783 8 -812.2920488597955
IM 227914 7 -517.5451936415362
IMscsm 133314 7 -536.9058524105127
sc3ie 7015 14 -3424.9944773060934
sc2ielsm2 691879 13 -554.2464809357552
sc3im 504984 14 -5287.600841503512
sc1 726709 8 -819.2567690771688
sc12imlsm1 610205 15 -1004.9922076284022
sc3l 145883 11 -642.4951070184039
sc3iemsm 78224 12 -1022.2848267449317
sc3iml 70855 14 -498.61332999783895
sc3iemlsm 346765 12 -615.2228211808572
sc3iesm 924953 12 -1384.8599693386523
sc3iel 114536 14 -488.02338552322357
IMsm_ 651139 6 -603.625321781646
IMsc 217155 8 -687.5404940286534
sc3ml2 202764 13 -546.2836332025275
sc3imlsm2 519072 16 -656.2980032867753
sc3iemsm2 870489 16 -1966.7319310444936
sc3imlsm 385845 12 -505.6969009795105
sc3iemsm1 74958 16 -646.5938876329154
sc3iem 762438 14 -8427.183184511947
sc3ilsm 878580 12 -551.4201936584891
IMism 941386 8 -2090.3626613118995
sc2i 898322 15 -508.52795274722547
sc3m 888503 11 -914.9084610130103
IMi 449617 10 -1011.4318081266603
sc3emlsm 133062 10 -651.9917297751517
sc12iml 755598 13 -506.75541055111336
s2m 462881 5 -658.1095940402265
sc3el 354302 11 -539.7313317675788
sc3il 47441 14 -1166.2849487510566
IMsc2 476785 10 -541.6927139693169
sc3imlsm1 323450 16 -545.5250988125508
IMisc2sm 675560 11 -600.0091831642646
IMisc 469524 11 -481.84954230561266
IMsc2sm 8402 9 -559.1888659277352
IMisc2 125606 13 -510.1368478141889
IMiscsmB 105361 10 -509.0959928805633
IMiscsm 814467 9 -829.7300431016217
sc3emsm 199748 10 -1210.5378394953261
sc3ml 169497 11 -532.0223568082528
sc3ielsm2 589784 16 -652.0941951727319
sc3ieml 411740 14 -518.0653380765299
sc1i 907582 13 -596.719192434633
sc3ielsm1 343715 16 -498.47873317785104
sc3em2 457959 13 -1160.85358981796
sc2ns 353317 4 -1406.0300036646668
sc1ns 825611 2 -768.2335946506894
IMns 541890 3 -753.0405442297545
sc3ns 895110 6 -753.1301534154567
IMscns 67610 4 -753.0406553549416
s2msm 23330 4 -2263.3000513089937
sc11nm 174058 5 -2073.0229436462705
sc1nm 335113 3 -605.4294536816649
sc11sm 248766 6 -552.3332750173606
s2m 40806 5 -551.6876647955221
sc2lsm 185076 7 -521.0108737068495
IMscnm 168947 6 -601.2254448864253
sc1lsm 495401 5 -958.0571406172119
sc1esm 135116 5 -714.8181518156384
IMnm 536685 5 -601.4583758743134
sc12nm 853843 8 -1647.1909370849678
sc11 622622 7 -540.9683743896189
sc2esm 366720 7 -2375.6080159588414
sc1l 90041 6 -555.4006393455605
sc2l 381858 8 -910.7355297165983
s2mismB 323350 7 -549.0738824235821
sc2el 955677 8 -654.5089955480395
sc1sm1 929602 7 -551.4405674184958
sc2elsm 430853 7 -513.32570958282
sc21nm 601066 7 -1183.093801596583
sc2sm2 116831 9 -726.730763287351
sc1sm2 187845 7 -545.0919575270427
s2mi 752696 8 -720.2074926761568
sc3esm 562030 10 -2110.8554543279315
sc3e 102846 11 -2376.9164123057376
sc1iesm 813894 7 -1637.4071730301205
sc3mlsm 530487 10 -519.554264847367
sc3el 689293 11 -512.9569265871826
sc3elsm 564373 10 -720.4316005688686
sc1 120123 8 -658.0596170934376
sc2ilsm 683046 9 -1348.3319190085933
sc3l 217555 11 -682.6373026678948
sc3eml 222685 11 -845.8880242173506
sc2ie 339410 11 -2100.5929313017705
sc1e 824708 6 -554.4689656718253
sc3lsm 242486 10 -560.2903399355579
sc1ie 851530 9 -693.8234759080957
sc2iesm 213732 9 -674.4293193746231
sc12ilsm 349073 11 -665.9679528272152
sc12imsm 697062 11 -1647.4493512389124
sc1il 895156 9 -542.1265349699555
sc2il 204462 11 -524.1009285227925
sc1ielsm1 28382 11 -545.7382720303309
sc2ielsm 968695 9 -553.692356099128
sc12il 944877 13 -508.9037496463003
sc1ilsm 524817 7 -542.4784126349389
sc2ielsm2 388463 13 -987.6912044534968
sc3ml2 681456 13 -565.5142932906134
sc12im 808473 13 -585.1084564702485
sc3m 920661 11 -634.151472270226
sc3ie 663881 14 -1707.547122140143
sc2i 328950 15 -1694.629008014692
IM 369799 7 -528.668164608085
sc2iel 508920 11 -524.1246308143642
sc3iesm 752704 12 -1910.7180288728462
sc12imlsm 590499 11 -509.5685740570424
sc3ilsm 795134 12 -765.585245078297
sc3imlsm 344960 12 -787.5116989698336
IMsc 384691 8 -528.6119812459189
sc3il 980886 14 -493.3169956714272
sc1ielsm2 999236 11 -540.7407128076821
sc3iel 476972 14 -807.2334506883087
sc3iemlsm 9062 12 -515.564888713539
sc3iem 506371 14 -830.0602331011376
IMsm_ 775276 6 -671.9834673685318
sc3ielsm 769680 12 -586.0038373224318
sc3im 871586 14 -507.2944748499905
sc3el2 425873 13 -544.975356019718
sc3iml 826114 14 -506.6816352799975
sc3ielsm1 940680 16 -1015.4776446867974
sc1i 490748 13 -544.7331845536777
sc3ielsm2 740112 16 -938.8080792043542
sc3imlsm1 355444 16 -503.59736909036553
sc3iemsm1 933421 16 -2224.8315132944213
sc12imlsm2 150261 15 -503.22927115607166
IMsc2 834748 10 -874.0651576442069
sc12imlsm1 967056 15 -504.93438113767985
IMism 241870 8 -524.1181102384782
sc12iml 677530 13 -512.1141158744103
IMsc2sm 924169 9 -630.7542530747606
IMiscsm 903149 9 -1535.3456669785742
sc3ml 653273 11 -587.2927389880588
IMiscsmB 283119 10 -1008.8100892918806
sc3iemsm2 162511 16 -674.4391219027805
sc3ieml 116338 14 -509.6264172385291
IMisc2sm 218366 11 -2024.9060203745373
IMisc 456684 11 -549.3692800448227
sc3emlsm 889768 10 -560.3050917287235
IMisc2 543014 13 -537.8370040165638
sc2ielsm1 386971 13 -507.43248384466074
sc3em2 300778 13 -709.0472445596307
sc3emsm 327364 10 -536.1061069200902
sc3imlsm2 235205 16 -531.0257203875402
IMi 698085 10 -523.3196603730413
IMscsm 935830 7 -1178.7862985854406
sc2 289401 10 -527.2994825945009
sc2sm1 318294 9 -532.6493760990687
sc3msm 896240 10 -1108.7903468524537
sc2e 125630 8 -1874.2215229875776
sc3imsm 987211 12 -2166.04379008397
sc3iemsm 185187 12 -1417.7609853282893
sc1ns 991780 2 -768.2335941569628
sc3ns 849953 6 -1407.3209485516832
IMns 785805 3 -753.0405399148235
sc11nm 771577 5 -605.4369626084654
IMscns 662577 4 -753.0406904771543
sc1nm 299986 3 -605.4293917035877
s2msm 91966 4 -552.3273498990542
s2m 263253 5 -702.9588823984886
sc11 963865 7 -540.967145457488
sc2ns 593174 4 -1407.2243380727275
sc1lsm 555127 5 -552.3224504700546
sc21nm 19402 7 -712.3795175598574
IMnm 442973 5 -1026.144737392721
sc1esm 647957 5 -1410.0960659114653
sc1e 343564 6 -965.5858634792658
sc2lsm 669346 7 -521.0814854204482
sc2e 916511 8 -1004.2449639442586
sc12nm 465103 8 -849.1876981739731
IMscnm 928126 6 -946.2756281974791
sc11sm 47325 6 -662.6217224699416
sc1sm1 933284 7 -691.7753551778274
s2mismB 560995 7 -1208.2747247467623
sc2l 917446 8 -559.1747560584762
sc1sm2 376633 7 -549.7720271051727
sc2 294559 10 -510.5843961989919
sc2sm2 512074 9 -514.1690468325615
sc1iesm 851296 7 -1515.9275597685473
sc2elsm 962129 7 -542.6881367457272
sc3msm 591500 10 -821.2196574377942
sc2el 613366 8 -513.1106613006807
sc2sm1 650536 9 -693.7913353358124
sc3elsm 523020 10 -514.0296673001507
sc2esm 167240 7 -1129.0686152780388
sc3mlsm 438428 10 -512.4340610482659
sc1ilsm 396653 7 -609.3416146047065
s2mi 271804 8 -546.6661802328009
sc3esm 614863 10 -2038.585770495975
sc1l 225198 6 -544.412904586102
sc3l 553384 11 -564.0674814288187
sc3lsm 562044 10 -634.4816892837968
sc3m 692038 11 -579.2542371754678
sc2ilsm 930783 9 -510.3747512982705
sc12imsm 751938 11 -1544.3030188144858
sc2ielsm 782482 9 -1489.3925562022644
sc2il 864539 11 -503.82938385193125
sc3ml 365149 11 -554.4267804214804
sc1 346626 8 -545.4603034269142
sc1ielsm1 830138 11 -558.3583797227188
sc1ielsm2 899446 11 -751.571281301867
sc2ie 914791 11 -1799.2078339237596
sc12ilsm 802466 11 -506.0097650281745
sc3el2 299382 13 -557.2699040096406
sc12iml 601967 13 -502.3846430376806
sc1i 494897 13 -1394.3242468067067
sc3ilsm 155468 12 -1248.8179968659188
sc12im 902565 13 -1413.0497437456506
sc1ie 438521 9 -1384.4744733197663
sc12imlsm 499574 11 -625.2841130932956
sc3em2 475054 13 -2730.4053201541005
sc2iesm 605671 9 -1925.2426399858275
IMsm_ 478069 6 -660.0414852839614
IM 880760 7 -725.0553195061136
sc3emlsm 548941 10 -523.2106900656312
sc3ielsm 36404 12 -658.4940572843292
sc12imlsm1 187770 15 -815.9496833914922
sc12il 480645 13 -548.1975365451661
sc12imlsm2 46564 15 -1102.8622989233231
sc3imsm 301865 12 -837.9904070638622
IMscsm 702616 7 -711.2040015276823
sc3iemsm1 365895 16 -2589.012628549562
sc3ie 294307 14 -3789.027613461877
sc3imlsm 718061 12 -807.4729920576533
sc3iemsm 528773 12 -3000.915290500145
sc1il 721081 9 -639.1508686595943
sc2ielsm1 904198 13 -508.50082889978967
sc2i 114989 15 -825.3202555985717
sc3il 379065 14 -627.3960965570184
sc3im 237781 14 -618.1330415035388
sc3ieml 717612 14 -671.5967502186446
sc3ielsm2 249394 16 -812.6851695022443
sc2ielsm2 506441 13 -509.2988831595095
sc3ml2 703695 13 -521.6107485051439
sc2iel 540273 11 -622.2538115515337
sc3iemsm2 700037 16 -1324.1378245904564
sc3ielsm1 596434 16 -503.7970567236754
IMsc 481129 8 -524.197849433475
sc3imlsm1 89294 16 -520.2487199601111
sc3iel 545220 14 -490.41904180963877
IMsc2 875044 10 -510.53057312142545
IMism 229315 8 -725.6890453319664
IMiscsm 527701 9 -615.7893558121649
IMi 135042 10 -653.4696778204652
IMisc 67439 11 -1169.2830891031495
IMisc2sm 46406 11 -1408.067177248017
IMisc2 876255 13 -702.3658268518616
sc3eml 852479 11 -847.607940993355
sc3iml 48941 14 -758.3082520593085
sc3iemlsm 566902 12 -587.9406926554486
sc3emsm 211424 10 -701.0443607687259
IMiscsmB 140504 10 -947.9730136057424
IMsc2sm 753780 9 -1156.8480207843893
sc3iem 109965 14 -1199.905449147181
sc3e 239548 11 -1547.499882034576
sc3iesm 880288 12 -2511.4808792261347
sc3imlsm2 19831 16 -498.2353541831389
sc3el 414620 11 -642.3887866777716
sc1ns 19998 2 -768.2335817074492
sc2ns 981107 4 -768.2400046822365
IMns 957747 3 -753.0405469178628
sc3ns 98698 6 -747.6783798841611
IMscns 990101 4 -753.0405834149898
sc1nm 117237 3 -605.4293370035883
IMnm 110642 5 -601.4791873284521
sc11nm 641562 5 -735.1494626062992
s2msm 607222 4 -552.3273579483351
sc2lsm 78497 7 -547.9508162612449
sc21nm 10427 7 -1253.524318761166
sc1l 356655 6 -551.6640492069727
IMscnm 641032 6 -601.4587340531565
s2m 732236 5 -551.6876543364008
sc2elsm 519754 7 -513.3389475238606
sc2esm 69174 7 -1888.7198255362796
sc12nm 731288 8 -957.4328147595743
sc1sm1 873181 7 -546.1391878803278
sc11sm 425094 6 -552.331354980956
sc11 349516 7 -551.7605603253071
s2mismB 549828 7 -582.9749522376106
sc1esm 628404 5 -607.2536919957547
sc2e 897298 8 -635.3962159718249
sc1sm2 271380 7 -608.6426966969435
sc2 817565 10 -510.8185714420839
sc2l 266576 8 -757.2498089848975
sc2el 415648 8 -627.7507583860777
sc1ilsm 850572 7 -1421.7302435795386
sc2sm2 295389 9 -541.4482861819428
sc3e 327050 11 -1590.6361651782354
sc1lsm 319154 5 -544.4179319481377
sc3l 733347 11 -804.8556184509929
s2mi 629358 8 -551.6400540127823
sc1il 303794 9 -1771.3463061126547
sc3mlsm 799211 10 -657.2547139624294
sc2sm1 752977 9 -624.6226855086117
sc1ie 48095 9 -614.5487122155331
sc2ilsm 529293 9 -834.6193383602105
sc1e 184242 6 -554.468954376564
sc3eml 247975 11 -709.0301782456056
sc2iesm 950568 9 -2238.0148036146625
sc12ilsm 788455 11 -672.0830305329856
sc3emlsm 982196 10 -563.0052177744267
sc2ielsm 687290 9 -887.4655219314609
sc3lsm 144508 10 -1029.7658250456818
sc1iesm 243588 7 -2530.3153113209987
sc1ielsm1 857315 11 -1296.9556397008816
sc12imsm 899979 11 -643.6866094022639
sc12iml 695171 13 -1788.025838510023
sc1i 286743 13 -1831.04395091154
sc3ie 103255 14 -2106.2653620206456
sc1ielsm2 664101 11 -551.6373327742087
sc2il 821244 11 -539.0630487630581
sc3il 651662 14 -2021.5374095107143
sc2ielsm2 119709 13 -675.1996643714015
sc12imlsm 131678 11 -527.6501759748108
sc3emsm 59813 10 -1107.8540259601314
sc3iesm 21402 12 -3891.1078732050996
sc3ilsm 453610 12 -591.5866009510911
sc3im 46633 14 -3540.1428715191314
sc3el2 987288 13 -658.6318613055214
sc3ielsm 847397 12 -731.6634891971638
sc12imlsm1 45250 15 -1767.9018412385085
IM 854197 7 -529.490364430154
sc2i 571231 15 -517.6825881318476
sc3imlsm2 358128 16 -2086.875871670107
sc12im 417157 13 -905.5092732065743
IMsc 612353 8 -521.2951911513398
sc3iemsm 354470 12 -1480.3623077128036
sc2ie 290856 11 -680.9911237623853
IMsm_ 977712 6 -632.6390352926675
sc3el 374671 11 -530.2354141485844
sc2iel 318019 11 -563.0015315608862
sc3iml 852996 14 -527.3504546839121
sc12il 976332 13 -515.4139007874546
sc3imlsm1 18071 16 -719.3286452624757
IMsc2sm 511644 9 -577.7291404110624
sc3iel 534259 14 -572.2650262257962
sc3ielsm2 715521 16 -508.81206439302144
sc3ieml 581910 14 -603.2368861601616
sc12imlsm2 509360 15 -533.6880257745294
sc3iemsm2 760839 16 -1582.501559094105
sc3ielsm1 38843 16 -523.2810299949134
sc3ml2 159083 13 -531.4269754316779
IMsc2 210099 10 -590.0490589301542
sc3imsm 56969 12 -851.0166913647743
sc3m 882705 11 -612.1573848116303
IMscsm 618728 7 -542.624601374386
IMism 948712 8 -544.5139649048216
IMi 456925 10 -666.7292161349005
sc3esm 259834 10 -2197.8998774500933
sc3elsm 889887 10 -559.3943597113047
sc3ml 401572 11 -563.0263795895578
IMiscsmB 343473 10 -675.7395956382848
IMisc2 125130 13 -549.899735624609
sc3imlsm 20039 12 -1037.9002449176635
sc2ielsm1 278730 13 -504.7816301805613
sc3iemsm1 898579 16 -1770.0688991663385
IMisc 447408 11 -763.2979109983006
IMiscsm 550341 9 -663.853375553756
sc3iem 643058 14 -1448.7907305354368
sc3em2 574414 13 -2507.7480512370294
sc3iemlsm 995685 12 -564.7719087434705
IMisc2sm 405819 11 -537.8348910715562
sc1 330974 8 -606.7973982111316
sc3msm 48636 10 -1141.9134192198876
sc1ns 735285 2 -1406.5237666046123
IMscns 512519 4 -746.8003061905682
sc2ns 758576 4 -747.1923480015462
IMns 369963 3 -753.0405463450278
s2msm 894093 4 -552.3273606575743
sc3ns 332081 6 -781.0030208269249
sc11nm 654031 5 -553.1605021949954
sc1nm 86216 3 -605.4294196157075
s2m 233212 5 -551.6876651023455
sc1esm 77463 5 -652.9658246347226
IMscnm 670697 6 -597.4947348971423
sc1l 493168 6 -546.8144715915932
IMnm 625198 5 -1011.9912248158424
sc2lsm 922949 7 -702.6772501952897
sc21nm 754366 7 -605.4508438186419
sc11sm 634733 6 -542.3419527036449
sc1 559871 8 -551.6299263375823
sc12nm 292977 8 -900.0009249046057
sc2e 339599 8 -1986.4123916358244
sc2l 510128 8 -519.8003067518345
sc1sm2 673046 7 -551.9235150271784
sc2esm 736197 7 -767.9331413292817
sc1lsm 797715 5 -544.421076702711
sc2sm1 120719 9 -511.7220407494673
sc1sm1 53422 7 -544.4105415340802
sc1e 366362 6 -559.165332615009
sc2sm2 140923 9 -660.7243788456084
sc2el 962708 8 -535.1400867477244
s2mi 804778 8 -662.9030168578134
sc3msm 7809 10 -1050.7421427107777
sc1iesm 653738 7 -1724.1074735538577
sc1ilsm 785734 7 -556.5366849324631
sc3mlsm 43232 10 -588.2499624233175
sc1il 654051 9 -626.2736703437089
sc2elsm 452087 7 -576.8901862044348
sc1ie 670069 9 -2890.1024283455495
sc2il 149811 11 -900.2673834132904
sc3l 32596 11 -520.7899529046542
sc3lsm 680279 10 -572.1414428374001
sc2ielsm 434867 9 -1334.0132480517686
s2mismB 203966 7 -551.5646156120387
sc12ilsm 506647 11 -624.2810669584801
sc11 971869 7 -658.0644677373671
sc2ilsm 908602 9 -519.7927409827882
sc3eml 317557 11 -753.7148381772168
sc3emlsm 749564 10 -775.1501111431949
sc2iel 186942 11 -1019.2954169363248
sc3ml 24516 11 -526.9302641012492
sc3imsm 719633 12 -1767.2031642416366
sc2ielsm1 658897 13 -1751.2410695918402
sc12imsm 72685 11 -619.5325700054805
sc1i 558672 13 -1891.6864176594013
sc12im 322673 13 -1075.7548378241179
sc2ie 935196 11 -1641.700634782669
sc12imlsm2 222444 15 -508.2861370072221
sc3ielsm 79006 12 -927.3377141978536
sc2ielsm2 131123 13 -1058.587468254989
sc1ielsm2 355702 11 -549.7286512675513
sc3emsm 539268 10 -683.5618651405006
sc3ilsm 376189 12 -735.2084950714552
sc3il 620349 14 -489.5481077038482
sc3imlsm 280158 12 -2273.8818151886994
sc2iesm 528505 9 -857.6320806447058
sc3elsm 325617 10 -583.1969003116203
sc3iel 782671 14 -1907.9087662579454
sc3ml2 270967 13 -658.1823455671913
sc12imlsm1 782590 15 -524.1095208621786
IMsc 369502 8 -517.5532346104981
sc12imlsm 460293 11 -506.96802895808696
sc2i 38798 15 -538.821935838421
IMsm_ 298588 6 -528.9432192605755
sc3im 72777 14 -677.8333723582576
sc3iem 668585 14 -2051.238709364217
IMscsm 594923 7 -546.795341282035
IM 476837 7 -641.0736788979382
sc3imlsm2 292090 16 -1405.8704882991003
sc3iemlsm 420301 12 -624.6615277304414
sc3ie 126127 14 -3301.160246709745
sc3iesm 660715 12 -8214.0561268077
sc3iemsm2 657498 16 -749.0275537960608
sc3esm 778792 10 -2386.2465555332046
sc3iemsm1 543969 16 -607.909575406072
sc3ielsm2 6896 16 -504.68403511235607
IMsc2sm 207151 9 -537.4994356438591
sc3ieml 869812 14 -912.7606752705042
IMsc2 34550 10 -650.8743107130156
sc12iml 184012 13 -768.6780191196384
sc3imlsm1 133073 16 -1191.558305044546
sc3iemsm 706258 12 -631.3324430671079
IMism 968175 8 -697.4348855916913
sc3el2 233329 13 -546.2503322341096
IMi 260126 10 -734.7395999446743
IMiscsmB 15431 10 -555.8695894894199
sc3iml 690689 14 -513.8622274279613
sc2 937261 10 -660.2984406748026
IMisc 549972 11 -771.1632073220061
sc3em2 941212 13 -552.8952980718846
IMisc2sm 442685 11 -510.7523378690973
IMisc2 728029 13 -644.0567382593842
sc3el 902357 11 -563.0997703157395
IMiscsm 667235 9 -686.7133002511159
sc1ielsm1 905207 11 -638.0294415136234
sc12il 729649 13 -505.5258589347037
sc3ielsm1 581175 16 -510.08468092536174
sc3e 788972 11 -1154.1647952741998
sc3m 369236 11 -628.4832073656333
